0	0.50000
1	0.49979
2	0.48745
3	0.51029
4	0.52641
5	0.51360
6	0.47732
7	0.52111
8	0.53722
9	0.56055
10	0.55826
11	0.59442
12	0.61003
13	0.58569
14	0.52379
15	0.55406
16	0.60080
17	0.66997
18	0.66400
19	0.65117
20	0.67407
21	0.69534
22	0.71070
23	0.69998
24	0.72570
25	0.72119
26	0.70638
27	0.70590
28	0.67192
29	0.66514
30	0.66998
31	0.65686
32	0.61041
33	0.49917
34	0.50886
35	0.47793
36	0.44975
37	0.49094
38	0.51192
39	0.55557
40	0.66016
41	0.74579
42	0.77904
43	0.69269
44	0.70495
45	0.70705
46	0.64302
47	0.67561
48	0.66627
49	0.70936
50	0.75418
51	0.79090
52	0.78475
53	0.80775
54	0.83116
55	0.82485
56	0.81707
57	0.79994
58	0.80476
59	0.80239
60	0.78105
61	0.74330
62	0.75475
63	0.76208
64	0.74462
65	0.73812
66	0.72930
67	0.73115
68	0.73340
69	0.71192
70	0.67803
71	0.72505
72	0.70530
73	0.69386
74	0.69938
75	0.70295
76	0.68478
77	0.70325
78	0.71166
79	0.72371
80	0.73227
81	0.75757
82	0.76539
83	0.76956
84	0.80216
85	0.82866
86	0.82179
87	0.79840
88	0.79487
89	0.81478
90	0.80804
91	0.82944
92	0.80511
93	0.78596
94	0.79047
95	0.80603
96	0.80327
97	0.81288
98	0.78553
99	0.78447
100	0.81596
101	0.82983
102	0.84249
103	0.85291
104	0.86725
105	0.84449
106	0.84181
107	0.85311
108	0.86482
109	0.85926
110	0.86446
111	0.86959
112	0.82229
113	0.83828
114	0.82084
115	0.82521
116	0.81305
117	0.79361
118	0.80654
119	0.80127
120	0.75886
121	0.76049
122	0.74141
123	0.74523
124	0.75818
125	0.73841
126	0.76923
127	0.78826
128	0.76386
129	0.80358
130	0.83401
131	0.81223
132	0.78106
133	0.77354
134	0.77859
135	0.77853
136	0.73046
137	0.69172
138	0.61948
139	0.65985
140	0.68843
141	0.70576
142	0.71724
143	0.74361
144	0.70816
145	0.70355
146	0.74068
147	0.79089
148	0.78117
149	0.78685
150	0.76568
151	0.71938
152	0.74281
153	0.78978
154	0.80633
155	0.72257
156	0.70901
157	0.70625
158	0.68682
159	0.73308
160	0.79628
161	0.79466
162	0.81090
163	0.78909
164	0.83813
165	0.85233
166	0.82445
167	0.80534
168	0.83794
169	0.84141
170	0.83622
171	0.81482
172	0.81130
173	0.79197
174	0.82030
175	0.83023
176	0.83882
177	0.79486
178	0.79805
179	0.82570
180	0.83924
181	0.85739
182	0.87417
183	0.86713
184	0.87312
185	0.85360
186	0.85917
187	0.83618
188	0.82341
189	0.85700
190	0.84755
191	0.84931
192	0.88898
193	0.89994
194	0.91372
195	0.88843
196	0.86868
197	0.87395
198	0.87921
199	0.88463
200	0.86210
201	0.86874
202	0.87156
203	0.85994
204	0.86075
205	0.86654
206	0.85519
207	0.84991
208	0.85594
209	0.84172
210	0.82966
211	0.82173
212	0.82723
213	0.81858
214	0.81857
215	0.83509
216	0.81967
217	0.86179
218	0.86617
219	0.85175
220	0.84613
221	0.85040
222	0.88629
223	0.89873
224	0.91174
225	0.91807
226	0.91593
227	0.91843
228	0.91785
229	0.89970
230	0.89409
231	0.89293
232	0.88308
233	0.85082
234	0.86656
235	0.86426
236	0.89493
237	0.86494
238	0.88649
239	0.88429
240	0.87840
241	0.88111
242	0.89162
243	0.88575
244	0.88357
245	0.88594
246	0.89500
247	0.91395
248	0.90960
249	0.91250
250	0.91433
251	0.89262
252	0.86278
253	0.84984
254	0.83815
255	0.87252
256	0.85409
257	0.84066
258	0.85657
259	0.87460
260	0.89990
261	0.90141
262	0.87516
263	0.84094
264	0.82463
265	0.85616
266	0.86627
267	0.87709
268	0.87195
269	0.87145
270	0.84480
271	0.85890
272	0.87050
273	0.85177
274	0.87201
275	0.88574
276	0.88380
277	0.86592
278	0.88266
279	0.88860
280	0.86240
281	0.87377
282	0.87007
283	0.85729
284	0.83497
285	0.82815
286	0.84481
287	0.81983
288	0.81748
289	0.82141
290	0.84159
291	0.83515
292	0.86117
293	0.86466
294	0.88297
295	0.85367
296	0.81969
297	0.81455
298	0.81629
299	0.84099
300	0.84907
301	0.85940
302	0.85829
303	0.85369
304	0.85054
305	0.83835
306	0.82802
307	0.83414
308	0.85449
309	0.87902
310	0.89158
311	0.90468
312	0.89027
313	0.85403
314	0.81573
315	0.79800
316	0.78119
317	0.77688
318	0.78499
319	0.77666
320	0.73591
321	0.73002
322	0.72748
323	0.71856
324	0.74754
325	0.76966
326	0.74604
327	0.71129
328	0.74422
329	0.74958
330	0.79208
331	0.76301
332	0.77475
333	0.75192
334	0.73096
335	0.72056
336	0.74622
337	0.74111
338	0.76124
339	0.77751
340	0.79630
341	0.80639
342	0.83821
343	0.84280
344	0.81377
345	0.75546
346	0.76960
347	0.77895
348	0.78430
349	0.80065
350	0.75535
351	0.79149
352	0.77419
353	0.80211
354	0.82507
355	0.75845
356	0.77997
357	0.78129
358	0.83189
359	0.84600
360	0.86216
361	0.80270
362	0.86906
363	0.82082
364	0.83415
365	0.83579
366	0.86998
367	0.87361
368	0.86006
369	0.84787
370	0.80351
371	0.81723
372	0.82704
373	0.80844
374	0.84357
375	0.85464
376	0.85542
377	0.83518
378	0.80888
379	0.83227
380	0.83150
381	0.82468
382	0.83783
383	0.84229
384	0.83401
385	0.79355
386	0.77894
387	0.78998
388	0.77242
389	0.71795
390	0.76702
391	0.78403
392	0.79563
393	0.83207
394	0.81829
395	0.85391
396	0.85393
397	0.86787
398	0.88454
399	0.88871
400	0.89021
401	0.89754
402	0.87772
403	0.87139
404	0.86610
405	0.87705
406	0.88120
407	0.87492
408	0.85078
409	0.86155
410	0.85450
411	0.84972
412	0.82336
413	0.79948
414	0.81191
415	0.80600
416	0.81250
417	0.77176
418	0.74027
419	0.80928
420	0.79650
421	0.81529
422	0.82559
423	0.83216
424	0.83040
425	0.81821
426	0.79713
427	0.78668
428	0.78433
429	0.81521
430	0.83106
431	0.83501
432	0.85953
433	0.86934
434	0.86995
435	0.87271
436	0.85251
437	0.84120
438	0.83867
439	0.85552
440	0.85064
441	0.86353
442	0.85816
443	0.85289
444	0.85663
445	0.82766
446	0.83378
447	0.83485
448	0.83810
449	0.84709
450	0.87269
451	0.91327
452	0.90008
453	0.90325
454	0.87707
455	0.85951
456	0.85764
457	0.87503
458	0.88408
459	0.87976
460	0.88652
461	0.88644
462	0.88580
463	0.88010
464	0.89074
465	0.89669
466	0.88507
467	0.88713
468	0.89925
469	0.86578
470	0.86433
471	0.88523
472	0.88921
473	0.86587
474	0.84010
475	0.81231
476	0.79551
477	0.82066
478	0.84618
479	0.85521
480	0.88396
481	0.85613
482	0.88538
483	0.90910
484	0.89960
485	0.89759
486	0.88113
487	0.88672
488	0.87713
489	0.86007
490	0.84423
491	0.85862
492	0.87495
493	0.83861
494	0.82564
495	0.79832
496	0.81969
497	0.82065
498	0.82251
499	0.83746
