0	0.50000
1	0.48916
2	0.48471
3	0.50599
4	0.50990
5	0.49018
6	0.52215
7	0.49519
8	0.48541
9	0.44615
10	0.45613
11	0.44593
12	0.49049
13	0.51331
14	0.52931
15	0.52797
16	0.56652
17	0.59956
18	0.57077
19	0.55260
20	0.57077
21	0.54723
22	0.53789
23	0.40001
24	0.33513
25	0.31858
26	0.26626
27	0.25093
28	0.26858
29	0.21483
30	0.14581
31	0.13188
32	0.11056
33	0.11485
34	0.11894
35	0.14659
36	0.15557
37	0.14234
38	0.11847
39	0.12070
40	0.12876
41	0.12270
42	0.11969
43	0.15078
44	0.13065
45	0.12035
46	0.11034
47	0.13126
48	0.13996
49	0.17339
50	0.17716
51	0.21134
52	0.19016
53	0.15355
54	0.15418
55	0.11321
56	0.14302
57	0.09597
58	0.10826
59	0.10488
60	0.10467
61	0.11610
62	0.12798
63	0.14327
64	0.14647
65	0.11149
66	0.11225
67	0.10529
68	0.08934
69	0.09159
70	0.09295
71	0.12251
72	0.12884
73	0.11930
74	0.10742
75	0.11172
76	0.10670
77	0.10468
78	0.10289
79	0.11205
80	0.13499
81	0.11970
82	0.12784
83	0.11544
84	0.11724
85	0.13020
86	0.12261
87	0.12797
88	0.14991
89	0.12196
90	0.13038
91	0.12527
92	0.14944
93	0.14838
94	0.14984
95	0.15045
96	0.13275
97	0.13909
98	0.15672
99	0.21181
100	0.24804
101	0.23070
102	0.23275
103	0.20802
104	0.17225
105	0.16693
106	0.17154
107	0.16126
108	0.16415
109	0.15459
110	0.14005
111	0.14069
112	0.13083
113	0.14724
114	0.13488
115	0.12420
116	0.09831
117	0.11086
118	0.11321
119	0.12211
120	0.12288
121	0.09545
122	0.09314
123	0.11214
124	0.10095
125	0.14621
126	0.13356
127	0.14594
128	0.13793
129	0.14733
130	0.12531
131	0.13281
132	0.12277
133	0.12846
134	0.13717
135	0.15795
136	0.16035
137	0.16081
138	0.16185
139	0.14282
140	0.15287
141	0.14126
142	0.15786
143	0.15109
144	0.12183
145	0.13840
146	0.14065
147	0.18019
148	0.18109
149	0.21136
150	0.14009
151	0.16060
152	0.15532
153	0.16191
154	0.15995
155	0.20007
156	0.18172
157	0.19086
158	0.15141
159	0.14533
160	0.14346
161	0.11352
162	0.11104
163	0.11222
164	0.08174
165	0.07901
166	0.07868
167	0.08528
168	0.10018
169	0.10450
170	0.10001
171	0.08954
172	0.09842
173	0.10133
174	0.11366
175	0.12448
176	0.12595
177	0.16713
178	0.16540
179	0.16154
180	0.13497
181	0.13541
182	0.12952
183	0.11142
184	0.09660
185	0.10208
186	0.11414
187	0.10277
188	0.09936
189	0.11324
190	0.12699
191	0.12861
192	0.12646
193	0.13098
194	0.12246
195	0.13301
196	0.12089
197	0.10420
198	0.11273
199	0.13503
200	0.11318
201	0.09989
202	0.09856
203	0.10465
204	0.08104
205	0.08755
206	0.09008
207	0.08436
208	0.08362
209	0.08316
210	0.09885
211	0.09454
212	0.10395
213	0.11504
214	0.13154
215	0.13037
216	0.12540
217	0.12568
218	0.11182
219	0.11080
220	0.10337
221	0.09292
222	0.11445
223	0.09417
224	0.11021
225	0.12078
226	0.12841
227	0.12194
228	0.14805
229	0.17497
230	0.16293
231	0.14091
232	0.15783
233	0.16665
234	0.15945
235	0.13931
236	0.13752
237	0.14063
238	0.13717
239	0.13931
240	0.13471
241	0.14217
242	0.13776
243	0.13249
244	0.13903
245	0.13054
246	0.14488
247	0.12209
248	0.11301
249	0.11362
250	0.09072
251	0.09096
252	0.11254
253	0.13355
254	0.15253
255	0.14299
256	0.15711
257	0.13695
258	0.13037
259	0.14422
260	0.15485
261	0.19946
262	0.20130
263	0.15955
264	0.15460
265	0.15817
266	0.15540
267	0.11731
268	0.12565
269	0.12978
270	0.14424
271	0.16005
272	0.13797
273	0.13373
274	0.15213
275	0.17003
276	0.17350
277	0.16193
278	0.18118
279	0.18289
280	0.18289
281	0.18965
282	0.18906
283	0.18470
284	0.20072
285	0.19603
286	0.20845
287	0.23753
288	0.19113
289	0.18840
290	0.16756
291	0.17808
292	0.16548
293	0.17858
294	0.16901
295	0.15917
296	0.17142
297	0.17148
298	0.17002
299	0.16328
300	0.16345
301	0.18215
302	0.16270
303	0.14125
304	0.16299
305	0.15600
306	0.17263
307	0.16612
308	0.14717
309	0.17669
310	0.15673
311	0.14837
312	0.15137
313	0.15687
314	0.17271
315	0.19044
316	0.17312
317	0.15884
318	0.15635
319	0.13551
320	0.14617
321	0.14869
322	0.15623
323	0.16676
324	0.17831
325	0.22374
326	0.23491
327	0.24896
328	0.23837
329	0.23924
330	0.23342
331	0.22102
332	0.23960
333	0.20564
334	0.21548
335	0.20676
336	0.18296
337	0.21643
338	0.22474
339	0.20016
340	0.20190
341	0.22037
342	0.24485
343	0.21740
344	0.21378
345	0.21557
346	0.21393
347	0.25589
348	0.21475
349	0.21920
350	0.21700
351	0.19917
352	0.19335
353	0.23680
354	0.20571
355	0.19484
356	0.20034
357	0.18749
358	0.19332
359	0.21077
360	0.18198
361	0.16929
362	0.12580
363	0.13650
364	0.12218
365	0.10814
366	0.08814
367	0.08865
368	0.10649
369	0.10146
370	0.10601
371	0.10422
372	0.13911
373	0.12534
374	0.10835
375	0.09111
376	0.10100
377	0.12925
378	0.16068
379	0.16448
380	0.20941
381	0.20293
382	0.19863
383	0.16939
384	0.17235
385	0.18230
386	0.18136
387	0.20204
388	0.17484
389	0.17102
390	0.15745
391	0.13780
392	0.15742
393	0.15421
394	0.21093
395	0.20406
396	0.22140
397	0.22990
398	0.20105
399	0.19809
400	0.16624
401	0.14506
402	0.14964
403	0.15479
404	0.14776
405	0.15093
406	0.13759
407	0.17642
408	0.15353
409	0.11902
410	0.16507
411	0.16021
412	0.20667
413	0.15967
414	0.14407
415	0.12058
416	0.17424
417	0.12741
418	0.11544
419	0.09703
420	0.08664
421	0.10463
422	0.09506
423	0.08248
424	0.08100
425	0.10666
426	0.11130
427	0.11323
428	0.11848
429	0.09587
430	0.10248
431	0.07119
432	0.06800
433	0.07956
434	0.09220
435	0.09680
436	0.09992
437	0.10658
438	0.09291
439	0.08971
440	0.10087
441	0.12228
442	0.11982
443	0.13583
444	0.13399
445	0.13415
446	0.13174
447	0.14470
448	0.12699
449	0.11095
450	0.10954
451	0.10833
452	0.11884
453	0.11826
454	0.12265
455	0.12484
456	0.11958
457	0.12255
458	0.11244
459	0.13249
460	0.13761
461	0.12851
462	0.13303
463	0.13550
464	0.13085
465	0.15000
466	0.14399
467	0.15413
468	0.14212
469	0.13773
470	0.12714
471	0.16637
472	0.16090
473	0.18591
474	0.17548
475	0.15956
476	0.16338
477	0.14037
478	0.15780
479	0.13855
480	0.12127
481	0.12788
482	0.12965
483	0.13971
484	0.14107
485	0.18040
486	0.18473
487	0.21598
488	0.24678
489	0.25358
490	0.23439
491	0.28741
492	0.26495
493	0.27624
494	0.27400
495	0.29703
496	0.33360
497	0.30532
498	0.32991
499	0.32635
