each row consists of groups of data for each agent, in form:	agentNum(learningParameter):choice,fitness,[expA,expB,expC]where choice has letter chosen and reward received
each column consists of every trial for the same agent.
this entire file is from Generation 0

0(0.5):C000,000.00,[100.00,100.00,050.00]	5(0.5):C180,000.90,[100.00,100.00,140.00]	10(0.5):B220,001.10,[100.00,160.00,100.00]	15(0.5):B220,001.10,[100.00,160.00,100.00]	20(0.5):B000,000.00,[100.00,050.00,100.00]	25(0.5):A100,000.50,[100.00,100.00,100.00]	30(0.5):A100,000.50,[100.00,100.00,100.00]	35(0.5):C180,000.90,[100.00,100.00,140.00]	40(0.5):A100,000.50,[100.00,100.00,100.00]	45(0.5):A100,000.50,[100.00,100.00,100.00]	
0(0.5):C180,000.90,[100.00,100.00,115.00]	5(0.5):C000,000.90,[100.00,100.00,070.00]	10(0.5):B220,002.20,[100.00,190.00,100.00]	15(0.5):B000,001.10,[100.00,080.00,100.00]	20(0.5):C000,000.00,[100.00,050.00,050.00]	25(0.5):C000,000.50,[100.00,100.00,050.00]	30(0.5):A100,001.00,[100.00,100.00,100.00]	35(0.5):C000,000.90,[100.00,100.00,070.00]	40(0.5):A100,001.00,[100.00,100.00,100.00]	45(0.5):B000,000.50,[100.00,050.00,100.00]	
0(0.5):C000,000.90,[100.00,100.00,057.50]	5(0.5):C180,001.80,[100.00,100.00,125.00]	10(0.5):B000,002.20,[100.00,095.00,100.00]	15(0.5):A100,001.60,[100.00,080.00,100.00]	20(0.5):B220,001.10,[100.00,135.00,050.00]	25(0.5):B000,000.50,[100.00,050.00,050.00]	30(0.5):C000,001.00,[100.00,100.00,050.00]	35(0.5):A100,001.40,[100.00,100.00,070.00]	40(0.5):C180,001.90,[100.00,100.00,140.00]	45(0.5):C000,000.50,[100.00,050.00,050.00]	
0(0.5):B220,002.00,[100.00,160.00,057.50]	5(0.5):C180,002.70,[100.00,100.00,152.50]	10(0.5):B000,002.20,[100.00,047.50,100.00]	15(0.5):A100,002.10,[100.00,080.00,100.00]	20(0.5):A100,001.60,[100.00,135.00,050.00]	25(0.5):A100,001.00,[100.00,050.00,050.00]	30(0.5):B220,002.10,[100.00,160.00,050.00]	35(0.5):A100,001.90,[100.00,100.00,070.00]	40(0.5):B220,003.00,[100.00,160.00,140.00]	45(0.5):A100,001.00,[100.00,050.00,050.00]	
0(0.5):C000,002.00,[100.00,160.00,028.75]	5(0.5):A100,003.20,[100.00,100.00,152.50]	10(0.5):C000,002.20,[100.00,047.50,050.00]	15(0.5):A100,002.60,[100.00,080.00,100.00]	20(0.5):B220,002.70,[100.00,177.50,050.00]	25(0.5):B220,002.10,[100.00,135.00,050.00]	30(0.5):B220,003.20,[100.00,190.00,050.00]	35(0.5):A100,002.40,[100.00,100.00,070.00]	40(0.5):C000,003.00,[100.00,160.00,070.00]	45(0.5):A100,001.50,[100.00,050.00,050.00]	
0(0.5):B000,002.00,[100.00,080.00,028.75]	5(0.5):C000,003.20,[100.00,100.00,076.25]	10(0.5):A100,002.70,[100.00,047.50,050.00]	15(0.5):C000,002.60,[100.00,080.00,050.00]	20(0.5):B220,003.80,[100.00,198.75,050.00]	25(0.5):B000,002.10,[100.00,067.50,050.00]	30(0.5):B000,003.20,[100.00,095.00,050.00]	35(0.5):B000,002.40,[100.00,050.00,070.00]	40(0.5):B220,004.10,[100.00,190.00,070.00]	45(0.5):A100,002.00,[100.00,050.00,050.00]	
0(0.5):B000,002.00,[100.00,040.00,028.75]	5(0.5):A100,003.70,[100.00,100.00,076.25]	10(0.5):A100,003.20,[100.00,047.50,050.00]	15(0.5):A100,003.10,[100.00,080.00,050.00]	20(0.5):B220,004.90,[100.00,209.38,050.00]	25(0.5):A100,002.60,[100.00,067.50,050.00]	30(0.5):A100,003.70,[100.00,095.00,050.00]	35(0.5):A100,002.90,[100.00,050.00,070.00]	40(0.5):B000,004.10,[100.00,095.00,070.00]	45(0.5):A100,002.50,[100.00,050.00,050.00]	
0(0.5):A100,002.50,[100.00,040.00,028.75]	5(0.5):A100,004.20,[100.00,100.00,076.25]	10(0.5):A100,003.70,[100.00,047.50,050.00]	15(0.5):B000,003.10,[100.00,040.00,050.00]	20(0.5):B000,004.90,[100.00,104.69,050.00]	25(0.5):A100,003.10,[100.00,067.50,050.00]	30(0.5):B000,003.70,[100.00,047.50,050.00]	35(0.5):A100,003.40,[100.00,050.00,070.00]	40(0.5):A100,004.60,[100.00,095.00,070.00]	45(0.5):C180,003.40,[100.00,050.00,115.00]	
0(0.5):A100,003.00,[100.00,040.00,028.75]	5(0.5):A100,004.70,[100.00,100.00,076.25]	10(0.5):A100,004.20,[100.00,047.50,050.00]	15(0.5):A100,003.60,[100.00,040.00,050.00]	20(0.5):B000,004.90,[100.00,052.34,050.00]	25(0.5):B000,003.10,[100.00,033.75,050.00]	30(0.5):A100,004.20,[100.00,047.50,050.00]	35(0.5):B000,003.40,[100.00,025.00,070.00]	40(0.5):B000,004.60,[100.00,047.50,070.00]	45(0.5):C180,004.30,[100.00,050.00,147.50]	
0(0.5):A100,003.50,[100.00,040.00,028.75]	5(0.5):B000,004.70,[100.00,050.00,076.25]	10(0.5):A100,004.70,[100.00,047.50,050.00]	15(0.5):A100,004.10,[100.00,040.00,050.00]	20(0.5):C000,004.90,[100.00,052.34,025.00]	25(0.5):A100,003.60,[100.00,033.75,050.00]	30(0.5):A100,004.70,[100.00,047.50,050.00]	35(0.5):A100,003.90,[100.00,025.00,070.00]	40(0.5):B220,005.70,[100.00,133.75,070.00]	45(0.5):C000,004.30,[100.00,050.00,073.75]	
0(0.5):A100,004.00,[100.00,040.00,028.75]	5(0.5):A100,005.20,[100.00,050.00,076.25]	10(0.5):C180,005.60,[100.00,047.50,115.00]	15(0.5):A100,004.60,[100.00,040.00,050.00]	20(0.5):A100,005.40,[100.00,052.34,025.00]	25(0.5):A100,004.10,[100.00,033.75,050.00]	30(0.5):B220,005.80,[100.00,133.75,050.00]	35(0.5):A100,004.40,[100.00,025.00,070.00]	40(0.5):B000,005.70,[100.00,066.88,070.00]	45(0.5):A100,004.80,[100.00,050.00,073.75]	
0(0.5):A100,004.50,[100.00,040.00,028.75]	5(0.5):C000,005.20,[100.00,050.00,038.13]	10(0.5):C000,005.60,[100.00,047.50,057.50]	15(0.5):A100,005.10,[100.00,040.00,050.00]	20(0.5):A100,005.90,[100.00,052.34,025.00]	25(0.5):C000,004.10,[100.00,033.75,025.00]	30(0.5):A100,006.30,[100.00,133.75,050.00]	35(0.5):A100,004.90,[100.00,025.00,070.00]	40(0.5):A100,006.20,[100.00,066.88,070.00]	45(0.5):A100,005.30,[100.00,050.00,073.75]	
0(0.5):A100,005.00,[100.00,040.00,028.75]	5(0.5):A100,005.70,[100.00,050.00,038.13]	10(0.5):A100,006.10,[100.00,047.50,057.50]	15(0.5):A100,005.60,[100.00,040.00,050.00]	20(0.5):A100,006.40,[100.00,052.34,025.00]	25(0.5):A100,004.60,[100.00,033.75,025.00]	30(0.5):A100,006.80,[100.00,133.75,050.00]	35(0.5):C180,005.80,[100.00,025.00,125.00]	40(0.5):A100,006.70,[100.00,066.88,070.00]	45(0.5):C000,005.30,[100.00,050.00,036.88]	
0(0.5):A100,005.50,[100.00,040.00,028.75]	5(0.5):A100,006.20,[100.00,050.00,038.13]	10(0.5):A100,006.60,[100.00,047.50,057.50]	15(0.5):A100,006.10,[100.00,040.00,050.00]	20(0.5):A100,006.90,[100.00,052.34,025.00]	25(0.5):A100,005.10,[100.00,033.75,025.00]	30(0.5):B000,006.80,[100.00,066.88,050.00]	35(0.5):C000,005.80,[100.00,025.00,062.50]	40(0.5):A100,007.20,[100.00,066.88,070.00]	45(0.5):A100,005.80,[100.00,050.00,036.88]	
0(0.5):A100,006.00,[100.00,040.00,028.75]	5(0.5):A100,006.70,[100.00,050.00,038.13]	10(0.5):A100,007.10,[100.00,047.50,057.50]	15(0.5):A100,006.60,[100.00,040.00,050.00]	20(0.5):A100,007.40,[100.00,052.34,025.00]	25(0.5):A100,005.60,[100.00,033.75,025.00]	30(0.5):C000,006.80,[100.00,066.88,025.00]	35(0.5):A100,006.30,[100.00,025.00,062.50]	40(0.5):A100,007.70,[100.00,066.88,070.00]	45(0.5):A100,006.30,[100.00,050.00,036.88]	
0(0.5):C000,006.00,[100.00,040.00,014.38]	5(0.5):A100,007.20,[100.00,050.00,038.13]	10(0.5):A100,007.60,[100.00,047.50,057.50]	15(0.5):A100,007.10,[100.00,040.00,050.00]	20(0.5):A100,007.90,[100.00,052.34,025.00]	25(0.5):A100,006.10,[100.00,033.75,025.00]	30(0.5):A100,007.30,[100.00,066.88,025.00]	35(0.5):A100,006.80,[100.00,025.00,062.50]	40(0.5):A100,008.20,[100.00,066.88,070.00]	45(0.5):B220,007.40,[100.00,135.00,036.88]	
0(0.5):A100,006.50,[100.00,040.00,014.38]	5(0.5):A100,007.70,[100.00,050.00,038.13]	10(0.5):A100,008.10,[100.00,047.50,057.50]	15(0.5):A100,007.60,[100.00,040.00,050.00]	20(0.5):A100,008.40,[100.00,052.34,025.00]	25(0.5):A100,006.60,[100.00,033.75,025.00]	30(0.5):B220,008.40,[100.00,143.44,025.00]	35(0.5):A100,007.30,[100.00,025.00,062.50]	40(0.5):A100,008.70,[100.00,066.88,070.00]	45(0.5):B220,008.50,[100.00,177.50,036.88]	
0(0.5):A100,007.00,[100.00,040.00,014.38]	5(0.5):A100,008.20,[100.00,050.00,038.13]	10(0.5):A100,008.60,[100.00,047.50,057.50]	15(0.5):A100,008.10,[100.00,040.00,050.00]	20(0.5):A100,008.90,[100.00,052.34,025.00]	25(0.5):A100,007.10,[100.00,033.75,025.00]	30(0.5):B000,008.40,[100.00,071.72,025.00]	35(0.5):A100,007.80,[100.00,025.00,062.50]	40(0.5):A100,009.20,[100.00,066.88,070.00]	45(0.5):B000,008.50,[100.00,088.75,036.88]	
0(0.5):A100,007.50,[100.00,040.00,014.38]	5(0.5):A100,008.70,[100.00,050.00,038.13]	10(0.5):A100,009.10,[100.00,047.50,057.50]	15(0.5):A100,008.60,[100.00,040.00,050.00]	20(0.5):B220,010.00,[100.00,136.17,025.00]	25(0.5):C180,008.00,[100.00,033.75,102.50]	30(0.5):B220,009.50,[100.00,145.86,025.00]	35(0.5):C000,007.80,[100.00,025.00,031.25]	40(0.5):C000,009.20,[100.00,066.88,035.00]	45(0.5):B220,009.60,[100.00,154.38,036.88]	
0(0.5):A100,008.00,[100.00,040.00,014.38]	5(0.5):A100,009.20,[100.00,050.00,038.13]	10(0.5):A100,009.60,[100.00,047.50,057.50]	15(0.5):A100,009.10,[100.00,040.00,050.00]	20(0.5):B220,011.10,[100.00,178.09,025.00]	25(0.5):C180,008.90,[100.00,033.75,141.25]	30(0.5):B220,010.60,[100.00,182.93,025.00]	35(0.5):A100,008.30,[100.00,025.00,031.25]	40(0.5):A100,009.70,[100.00,066.88,035.00]	45(0.5):B220,010.70,[100.00,187.19,036.88]	
0(0.5):B220,009.10,[100.00,130.00,014.38]	5(0.5):A100,009.70,[100.00,050.00,038.13]	10(0.5):C000,009.60,[100.00,047.50,028.75]	15(0.5):A100,009.60,[100.00,040.00,050.00]	20(0.5):B220,012.20,[100.00,199.04,025.00]	25(0.5):C180,009.80,[100.00,033.75,160.63]	30(0.5):B220,011.70,[100.00,201.46,025.00]	35(0.5):A100,008.80,[100.00,025.00,031.25]	40(0.5):A100,010.20,[100.00,066.88,035.00]	45(0.5):B000,010.70,[100.00,093.59,036.88]	
0(0.5):B000,009.10,[100.00,065.00,014.38]	5(0.5):A100,010.20,[100.00,050.00,038.13]	10(0.5):A100,010.10,[100.00,047.50,028.75]	15(0.5):A100,010.10,[100.00,040.00,050.00]	20(0.5):B000,012.20,[100.00,099.52,025.00]	25(0.5):C000,009.80,[100.00,033.75,080.31]	30(0.5):B220,012.80,[100.00,210.73,025.00]	35(0.5):A100,009.30,[100.00,025.00,031.25]	40(0.5):A100,010.70,[100.00,066.88,035.00]	45(0.5):B220,011.80,[100.00,156.80,036.88]	
0(0.5):B220,010.20,[100.00,142.50,014.38]	5(0.5):A100,010.70,[100.00,050.00,038.13]	10(0.5):A100,010.60,[100.00,047.50,028.75]	15(0.5):A100,010.60,[100.00,040.00,050.00]	20(0.5):B000,012.20,[100.00,049.76,025.00]	25(0.5):A100,010.30,[100.00,033.75,080.31]	30(0.5):B000,012.80,[100.00,105.37,025.00]	35(0.5):A100,009.80,[100.00,025.00,031.25]	40(0.5):A100,011.20,[100.00,066.88,035.00]	45(0.5):B000,011.80,[100.00,078.40,036.88]	
0(0.5):B000,010.20,[100.00,071.25,014.38]	5(0.5):A100,011.20,[100.00,050.00,038.13]	10(0.5):B220,011.70,[100.00,133.75,028.75]	15(0.5):C180,011.50,[100.00,040.00,115.00]	20(0.5):A100,012.70,[100.00,049.76,025.00]	25(0.5):C180,011.20,[100.00,033.75,130.16]	30(0.5):B000,012.80,[100.00,052.68,025.00]	35(0.5):A100,010.30,[100.00,025.00,031.25]	40(0.5):C000,011.20,[100.00,066.88,017.50]	45(0.5):A100,012.30,[100.00,078.40,036.88]	
0(0.5):A100,010.70,[100.00,071.25,014.38]	5(0.5):A100,011.70,[100.00,050.00,038.13]	10(0.5):B000,011.70,[100.00,066.88,028.75]	15(0.5):C180,012.40,[100.00,040.00,147.50]	20(0.5):A100,013.20,[100.00,049.76,025.00]	25(0.5):C180,012.10,[100.00,033.75,155.08]	30(0.5):A100,013.30,[100.00,052.68,025.00]	35(0.5):A100,010.80,[100.00,025.00,031.25]	40(0.5):A100,011.70,[100.00,066.88,017.50]	45(0.5):A100,012.80,[100.00,078.40,036.88]	
0(0.5):A100,011.20,[100.00,071.25,014.38]	5(0.5):A100,012.20,[100.00,050.00,038.13]	10(0.5):A100,012.20,[100.00,066.88,028.75]	15(0.5):C000,012.40,[100.00,040.00,073.75]	20(0.5):B220,014.30,[100.00,134.88,025.00]	25(0.5):C000,012.10,[100.00,033.75,077.54]	30(0.5):B000,013.30,[100.00,026.34,025.00]	35(0.5):A100,011.30,[100.00,025.00,031.25]	40(0.5):A100,012.20,[100.00,066.88,017.50]	45(0.5):A100,013.30,[100.00,078.40,036.88]	
0(0.5):A100,011.70,[100.00,071.25,014.38]	5(0.5):A100,012.70,[100.00,050.00,038.13]	10(0.5):A100,012.70,[100.00,066.88,028.75]	15(0.5):A100,012.90,[100.00,040.00,073.75]	20(0.5):B000,014.30,[100.00,067.44,025.00]	25(0.5):A100,012.60,[100.00,033.75,077.54]	30(0.5):C000,013.30,[100.00,026.34,012.50]	35(0.5):A100,011.80,[100.00,025.00,031.25]	40(0.5):B000,012.20,[100.00,033.44,017.50]	45(0.5):B220,014.40,[100.00,149.20,036.88]	
0(0.5):A100,012.20,[100.00,071.25,014.38]	5(0.5):A100,013.20,[100.00,050.00,038.13]	10(0.5):A100,013.20,[100.00,066.88,028.75]	15(0.5):A100,013.40,[100.00,040.00,073.75]	20(0.5):A100,014.80,[100.00,067.44,025.00]	25(0.5):A100,013.10,[100.00,033.75,077.54]	30(0.5):A100,013.80,[100.00,026.34,012.50]	35(0.5):A100,012.30,[100.00,025.00,031.25]	40(0.5):A100,012.70,[100.00,033.44,017.50]	45(0.5):A100,014.90,[100.00,149.20,036.88]	
0(0.5):B220,013.30,[100.00,145.63,014.38]	5(0.5):A100,013.70,[100.00,050.00,038.13]	10(0.5):A100,013.70,[100.00,066.88,028.75]	15(0.5):A100,013.90,[100.00,040.00,073.75]	20(0.5):B220,015.90,[100.00,143.72,025.00]	25(0.5):C000,013.10,[100.00,033.75,038.77]	30(0.5):A100,014.30,[100.00,026.34,012.50]	35(0.5):A100,012.80,[100.00,025.00,031.25]	40(0.5):A100,013.20,[100.00,033.44,017.50]	45(0.5):B000,014.90,[100.00,074.60,036.88]	
0(0.5):B220,014.40,[100.00,182.81,014.38]	5(0.5):A100,014.20,[100.00,050.00,038.13]	10(0.5):A100,014.20,[100.00,066.88,028.75]	15(0.5):A100,014.40,[100.00,040.00,073.75]	20(0.5):B000,015.90,[100.00,071.86,025.00]	25(0.5):A100,013.60,[100.00,033.75,038.77]	30(0.5):A100,014.80,[100.00,026.34,012.50]	35(0.5):B000,012.80,[100.00,012.50,031.25]	40(0.5):A100,013.70,[100.00,033.44,017.50]	45(0.5):A100,015.40,[100.00,074.60,036.88]	
0(0.5):B220,015.50,[100.00,201.41,014.38]	5(0.5):A100,014.70,[100.00,050.00,038.13]	10(0.5):A100,014.70,[100.00,066.88,028.75]	15(0.5):A100,014.90,[100.00,040.00,073.75]	20(0.5):A100,016.40,[100.00,071.86,025.00]	25(0.5):A100,014.10,[100.00,033.75,038.77]	30(0.5):A100,015.30,[100.00,026.34,012.50]	35(0.5):A100,013.30,[100.00,012.50,031.25]	40(0.5):A100,014.20,[100.00,033.44,017.50]	45(0.5):A100,015.90,[100.00,074.60,036.88]	
0(0.5):B000,015.50,[100.00,100.70,014.38]	5(0.5):A100,015.20,[100.00,050.00,038.13]	10(0.5):A100,015.20,[100.00,066.88,028.75]	15(0.5):A100,015.40,[100.00,040.00,073.75]	20(0.5):A100,016.90,[100.00,071.86,025.00]	25(0.5):A100,014.60,[100.00,033.75,038.77]	30(0.5):A100,015.80,[100.00,026.34,012.50]	35(0.5):A100,013.80,[100.00,012.50,031.25]	40(0.5):A100,014.70,[100.00,033.44,017.50]	45(0.5):C180,016.80,[100.00,074.60,108.44]	
0(0.5):B220,016.60,[100.00,160.35,014.38]	5(0.5):A100,015.70,[100.00,050.00,038.13]	10(0.5):A100,015.70,[100.00,066.88,028.75]	15(0.5):A100,015.90,[100.00,040.00,073.75]	20(0.5):A100,017.40,[100.00,071.86,025.00]	25(0.5):A100,015.10,[100.00,033.75,038.77]	30(0.5):A100,016.30,[100.00,026.34,012.50]	35(0.5):A100,014.30,[100.00,012.50,031.25]	40(0.5):A100,015.20,[100.00,033.44,017.50]	45(0.5):B000,016.80,[100.00,037.30,108.44]	
0(0.5):B220,017.70,[100.00,190.18,014.38]	5(0.5):A100,016.20,[100.00,050.00,038.13]	10(0.5):A100,016.20,[100.00,066.88,028.75]	15(0.5):A100,016.40,[100.00,040.00,073.75]	20(0.5):B000,017.40,[100.00,035.93,025.00]	25(0.5):A100,015.60,[100.00,033.75,038.77]	30(0.5):A100,016.80,[100.00,026.34,012.50]	35(0.5):A100,014.80,[100.00,012.50,031.25]	40(0.5):A100,015.70,[100.00,033.44,017.50]	45(0.5):A100,017.30,[100.00,037.30,108.44]	
0(0.5):B000,017.70,[100.00,095.09,014.38]	5(0.5):A100,016.70,[100.00,050.00,038.13]	10(0.5):A100,016.70,[100.00,066.88,028.75]	15(0.5):A100,016.90,[100.00,040.00,073.75]	20(0.5):A100,017.90,[100.00,035.93,025.00]	25(0.5):A100,016.10,[100.00,033.75,038.77]	30(0.5):A100,017.30,[100.00,026.34,012.50]	35(0.5):A100,015.30,[100.00,012.50,031.25]	40(0.5):B000,015.70,[100.00,016.72,017.50]	45(0.5):B000,017.30,[100.00,018.65,108.44]	
0(0.5):A100,018.20,[100.00,095.09,014.38]	5(0.5):A100,017.20,[100.00,050.00,038.13]	10(0.5):A100,017.20,[100.00,066.88,028.75]	15(0.5):C000,016.90,[100.00,040.00,036.88]	20(0.5):A100,018.40,[100.00,035.93,025.00]	25(0.5):A100,016.60,[100.00,033.75,038.77]	30(0.5):A100,017.80,[100.00,026.34,012.50]	35(0.5):A100,015.80,[100.00,012.50,031.25]	40(0.5):A100,016.20,[100.00,016.72,017.50]	45(0.5):C000,017.30,[100.00,018.65,054.22]	
0(0.5):A100,018.70,[100.00,095.09,014.38]	5(0.5):A100,017.70,[100.00,050.00,038.13]	10(0.5):A100,017.70,[100.00,066.88,028.75]	15(0.5):A100,017.40,[100.00,040.00,036.88]	20(0.5):A100,018.90,[100.00,035.93,025.00]	25(0.5):A100,017.10,[100.00,033.75,038.77]	30(0.5):A100,018.30,[100.00,026.34,012.50]	35(0.5):A100,016.30,[100.00,012.50,031.25]	40(0.5):A100,016.70,[100.00,016.72,017.50]	45(0.5):A100,017.80,[100.00,018.65,054.22]	
0(0.5):B000,018.70,[100.00,047.54,014.38]	5(0.5):B000,017.70,[100.00,025.00,038.13]	10(0.5):B220,018.80,[100.00,143.44,028.75]	15(0.5):A100,017.90,[100.00,040.00,036.88]	20(0.5):A100,019.40,[100.00,035.93,025.00]	25(0.5):A100,017.60,[100.00,033.75,038.77]	30(0.5):A100,018.80,[100.00,026.34,012.50]	35(0.5):A100,016.80,[100.00,012.50,031.25]	40(0.5):A100,017.20,[100.00,016.72,017.50]	45(0.5):A100,018.30,[100.00,018.65,054.22]	
0(0.5):A100,019.20,[100.00,047.54,014.38]	5(0.5):A100,018.20,[100.00,025.00,038.13]	10(0.5):B220,019.90,[100.00,181.72,028.75]	15(0.5):A100,018.40,[100.00,040.00,036.88]	20(0.5):A100,019.90,[100.00,035.93,025.00]	25(0.5):A100,018.10,[100.00,033.75,038.77]	30(0.5):A100,019.30,[100.00,026.34,012.50]	35(0.5):A100,017.30,[100.00,012.50,031.25]	40(0.5):A100,017.70,[100.00,016.72,017.50]	45(0.5):A100,018.80,[100.00,018.65,054.22]	
0(0.5):B220,020.30,[100.00,133.77,014.38]	5(0.5):A100,018.70,[100.00,025.00,038.13]	10(0.5):B000,019.90,[100.00,090.86,028.75]	15(0.5):A100,018.90,[100.00,040.00,036.88]	20(0.5):A100,020.40,[100.00,035.93,025.00]	25(0.5):A100,018.60,[100.00,033.75,038.77]	30(0.5):A100,019.80,[100.00,026.34,012.50]	35(0.5):A100,017.80,[100.00,012.50,031.25]	40(0.5):A100,018.20,[100.00,016.72,017.50]	45(0.5):A100,019.30,[100.00,018.65,054.22]	
0(0.5):B220,021.40,[100.00,176.89,014.38]	5(0.5):A100,019.20,[100.00,025.00,038.13]	10(0.5):B000,019.90,[100.00,045.43,028.75]	15(0.5):A100,019.40,[100.00,040.00,036.88]	20(0.5):A100,020.90,[100.00,035.93,025.00]	25(0.5):A100,019.10,[100.00,033.75,038.77]	30(0.5):A100,020.30,[100.00,026.34,012.50]	35(0.5):A100,018.30,[100.00,012.50,031.25]	40(0.5):A100,018.70,[100.00,016.72,017.50]	45(0.5):A100,019.80,[100.00,018.65,054.22]	
0(0.5):B220,022.50,[100.00,198.44,014.38]	5(0.5):A100,019.70,[100.00,025.00,038.13]	10(0.5):A100,020.40,[100.00,045.43,028.75]	15(0.5):A100,019.90,[100.00,040.00,036.88]	20(0.5):A100,021.40,[100.00,035.93,025.00]	25(0.5):A100,019.60,[100.00,033.75,038.77]	30(0.5):A100,020.80,[100.00,026.34,012.50]	35(0.5):A100,018.80,[100.00,012.50,031.25]	40(0.5):A100,019.20,[100.00,016.72,017.50]	45(0.5):A100,020.30,[100.00,018.65,054.22]	
0(0.5):B000,022.50,[100.00,099.22,014.38]	5(0.5):A100,020.20,[100.00,025.00,038.13]	10(0.5):A100,020.90,[100.00,045.43,028.75]	15(0.5):A100,020.40,[100.00,040.00,036.88]	20(0.5):A100,021.90,[100.00,035.93,025.00]	25(0.5):A100,020.10,[100.00,033.75,038.77]	30(0.5):A100,021.30,[100.00,026.34,012.50]	35(0.5):A100,019.30,[100.00,012.50,031.25]	40(0.5):A100,019.70,[100.00,016.72,017.50]	45(0.5):A100,020.80,[100.00,018.65,054.22]	
0(0.5):B220,023.60,[100.00,159.61,014.38]	5(0.5):A100,020.70,[100.00,025.00,038.13]	10(0.5):A100,021.40,[100.00,045.43,028.75]	15(0.5):B220,021.50,[100.00,130.00,036.88]	20(0.5):A100,022.40,[100.00,035.93,025.00]	25(0.5):A100,020.60,[100.00,033.75,038.77]	30(0.5):A100,021.80,[100.00,026.34,012.50]	35(0.5):A100,019.80,[100.00,012.50,031.25]	40(0.5):A100,020.20,[100.00,016.72,017.50]	45(0.5):C180,021.70,[100.00,018.65,117.11]	
0(0.5):B220,024.70,[100.00,189.81,014.38]	5(0.5):A100,021.20,[100.00,025.00,038.13]	10(0.5):A100,021.90,[100.00,045.43,028.75]	15(0.5):B220,022.60,[100.00,175.00,036.88]	20(0.5):A100,022.90,[100.00,035.93,025.00]	25(0.5):A100,021.10,[100.00,033.75,038.77]	30(0.5):A100,022.30,[100.00,026.34,012.50]	35(0.5):A100,020.30,[100.00,012.50,031.25]	40(0.5):A100,020.70,[100.00,016.72,017.50]	45(0.5):C180,022.60,[100.00,018.65,148.55]	
0(0.5):B220,025.80,[100.00,204.90,014.38]	5(0.5):A100,021.70,[100.00,025.00,038.13]	10(0.5):A100,022.40,[100.00,045.43,028.75]	15(0.5):B000,022.60,[100.00,087.50,036.88]	20(0.5):A100,023.40,[100.00,035.93,025.00]	25(0.5):A100,021.60,[100.00,033.75,038.77]	30(0.5):A100,022.80,[100.00,026.34,012.50]	35(0.5):A100,020.80,[100.00,012.50,031.25]	40(0.5):A100,021.20,[100.00,016.72,017.50]	45(0.5):C180,023.50,[100.00,018.65,164.28]	
0(0.5):B220,026.90,[100.00,212.45,014.38]	5(0.5):A100,022.20,[100.00,025.00,038.13]	10(0.5):A100,022.90,[100.00,045.43,028.75]	15(0.5):B000,022.60,[100.00,043.75,036.88]	20(0.5):A100,023.90,[100.00,035.93,025.00]	25(0.5):A100,022.10,[100.00,033.75,038.77]	30(0.5):A100,023.30,[100.00,026.34,012.50]	35(0.5):A100,021.30,[100.00,012.50,031.25]	40(0.5):A100,021.70,[100.00,016.72,017.50]	45(0.5):C180,024.40,[100.00,018.65,172.14]	
0(0.5):B220,028.00,[100.00,216.23,014.38]	5(0.5):A100,022.70,[100.00,025.00,038.13]	10(0.5):A100,023.40,[100.00,045.43,028.75]	15(0.5):A100,023.10,[100.00,043.75,036.88]	20(0.5):A100,024.40,[100.00,035.93,025.00]	25(0.5):A100,022.60,[100.00,033.75,038.77]	30(0.5):A100,023.80,[100.00,026.34,012.50]	35(0.5):A100,021.80,[100.00,012.50,031.25]	40(0.5):A100,022.20,[100.00,016.72,017.50]	45(0.5):C000,024.40,[100.00,018.65,086.07]	
0(0.5):B220,029.10,[100.00,218.11,014.38]	5(0.5):A100,023.20,[100.00,025.00,038.13]	10(0.5):A100,023.90,[100.00,045.43,028.75]	15(0.5):A100,023.60,[100.00,043.75,036.88]	20(0.5):A100,024.90,[100.00,035.93,025.00]	25(0.5):A100,023.10,[100.00,033.75,038.77]	30(0.5):A100,024.30,[100.00,026.34,012.50]	35(0.5):A100,022.30,[100.00,012.50,031.25]	40(0.5):A100,022.70,[100.00,016.72,017.50]	45(0.5):A100,024.90,[100.00,018.65,086.07]	
0(0.5):B000,029.10,[100.00,109.06,014.38]	5(0.5):A100,023.70,[100.00,025.00,038.13]	10(0.5):A100,024.40,[100.00,045.43,028.75]	15(0.5):A100,024.10,[100.00,043.75,036.88]	20(0.5):A100,025.40,[100.00,035.93,025.00]	25(0.5):A100,023.60,[100.00,033.75,038.77]	30(0.5):A100,024.80,[100.00,026.34,012.50]	35(0.5):A100,022.80,[100.00,012.50,031.25]	40(0.5):A100,023.20,[100.00,016.72,017.50]	45(0.5):C000,024.90,[100.00,018.65,043.03]	
0(0.5):B220,030.20,[100.00,164.53,014.38]	5(0.5):A100,024.20,[100.00,025.00,038.13]	10(0.5):A100,024.90,[100.00,045.43,028.75]	15(0.5):A100,024.60,[100.00,043.75,036.88]	20(0.5):A100,025.90,[100.00,035.93,025.00]	25(0.5):A100,024.10,[100.00,033.75,038.77]	30(0.5):A100,025.30,[100.00,026.34,012.50]	35(0.5):A100,023.30,[100.00,012.50,031.25]	40(0.5):A100,023.70,[100.00,016.72,017.50]	45(0.5):A100,025.40,[100.00,018.65,043.03]	
0(0.5):B000,030.20,[100.00,082.26,014.38]	5(0.5):A100,024.70,[100.00,025.00,038.13]	10(0.5):A100,025.40,[100.00,045.43,028.75]	15(0.5):A100,025.10,[100.00,043.75,036.88]	20(0.5):A100,026.40,[100.00,035.93,025.00]	25(0.5):C000,024.10,[100.00,033.75,019.38]	30(0.5):A100,025.80,[100.00,026.34,012.50]	35(0.5):A100,023.80,[100.00,012.50,031.25]	40(0.5):A100,024.20,[100.00,016.72,017.50]	45(0.5):A100,025.90,[100.00,018.65,043.03]	
0(0.5):A100,030.70,[100.00,082.26,014.38]	5(0.5):A100,025.20,[100.00,025.00,038.13]	10(0.5):A100,025.90,[100.00,045.43,028.75]	15(0.5):A100,025.60,[100.00,043.75,036.88]	20(0.5):A100,026.90,[100.00,035.93,025.00]	25(0.5):A100,024.60,[100.00,033.75,019.38]	30(0.5):A100,026.30,[100.00,026.34,012.50]	35(0.5):A100,024.30,[100.00,012.50,031.25]	40(0.5):A100,024.70,[100.00,016.72,017.50]	45(0.5):A100,026.40,[100.00,018.65,043.03]	
0(0.5):B220,031.80,[100.00,151.13,014.38]	5(0.5):A100,025.70,[100.00,025.00,038.13]	10(0.5):A100,026.40,[100.00,045.43,028.75]	15(0.5):A100,026.10,[100.00,043.75,036.88]	20(0.5):A100,027.40,[100.00,035.93,025.00]	25(0.5):A100,025.10,[100.00,033.75,019.38]	30(0.5):A100,026.80,[100.00,026.34,012.50]	35(0.5):A100,024.80,[100.00,012.50,031.25]	40(0.5):A100,025.20,[100.00,016.72,017.50]	45(0.5):A100,026.90,[100.00,018.65,043.03]	
0(0.5):B000,031.80,[100.00,075.57,014.38]	5(0.5):A100,026.20,[100.00,025.00,038.13]	10(0.5):A100,026.90,[100.00,045.43,028.75]	15(0.5):A100,026.60,[100.00,043.75,036.88]	20(0.5):A100,027.90,[100.00,035.93,025.00]	25(0.5):A100,025.60,[100.00,033.75,019.38]	30(0.5):A100,027.30,[100.00,026.34,012.50]	35(0.5):A100,025.30,[100.00,012.50,031.25]	40(0.5):A100,025.70,[100.00,016.72,017.50]	45(0.5):A100,027.40,[100.00,018.65,043.03]	
0(0.5):A100,032.30,[100.00,075.57,014.38]	5(0.5):A100,026.70,[100.00,025.00,038.13]	10(0.5):A100,027.40,[100.00,045.43,028.75]	15(0.5):A100,027.10,[100.00,043.75,036.88]	20(0.5):A100,028.40,[100.00,035.93,025.00]	25(0.5):A100,026.10,[100.00,033.75,019.38]	30(0.5):A100,027.80,[100.00,026.34,012.50]	35(0.5):A100,025.80,[100.00,012.50,031.25]	40(0.5):C180,026.60,[100.00,016.72,098.75]	45(0.5):A100,027.90,[100.00,018.65,043.03]	
0(0.5):A100,032.80,[100.00,075.57,014.38]	5(0.5):A100,027.20,[100.00,025.00,038.13]	10(0.5):A100,027.90,[100.00,045.43,028.75]	15(0.5):A100,027.60,[100.00,043.75,036.88]	20(0.5):A100,028.90,[100.00,035.93,025.00]	25(0.5):A100,026.60,[100.00,033.75,019.38]	30(0.5):A100,028.30,[100.00,026.34,012.50]	35(0.5):A100,026.30,[100.00,012.50,031.25]	40(0.5):A100,027.10,[100.00,016.72,098.75]	45(0.5):A100,028.40,[100.00,018.65,043.03]	
0(0.5):A100,033.30,[100.00,075.57,014.38]	5(0.5):A100,027.70,[100.00,025.00,038.13]	10(0.5):A100,028.40,[100.00,045.43,028.75]	15(0.5):A100,028.10,[100.00,043.75,036.88]	20(0.5):A100,029.40,[100.00,035.93,025.00]	25(0.5):A100,027.10,[100.00,033.75,019.38]	30(0.5):A100,028.80,[100.00,026.34,012.50]	35(0.5):A100,026.80,[100.00,012.50,031.25]	40(0.5):C000,027.10,[100.00,016.72,049.38]	45(0.5):A100,028.90,[100.00,018.65,043.03]	
0(0.5):A100,033.80,[100.00,075.57,014.38]	5(0.5):A100,028.20,[100.00,025.00,038.13]	10(0.5):A100,028.90,[100.00,045.43,028.75]	15(0.5):C180,029.00,[100.00,043.75,108.44]	20(0.5):A100,029.90,[100.00,035.93,025.00]	25(0.5):A100,027.60,[100.00,033.75,019.38]	30(0.5):B000,028.80,[100.00,013.17,012.50]	35(0.5):A100,027.30,[100.00,012.50,031.25]	40(0.5):A100,027.60,[100.00,016.72,049.38]	45(0.5):A100,029.40,[100.00,018.65,043.03]	
0(0.5):A100,034.30,[100.00,075.57,014.38]	5(0.5):B220,029.30,[100.00,122.50,038.13]	10(0.5):A100,029.40,[100.00,045.43,028.75]	15(0.5):B220,030.10,[100.00,131.88,108.44]	20(0.5):A100,030.40,[100.00,035.93,025.00]	25(0.5):A100,028.10,[100.00,033.75,019.38]	30(0.5):A100,029.30,[100.00,013.17,012.50]	35(0.5):A100,027.80,[100.00,012.50,031.25]	40(0.5):A100,028.10,[100.00,016.72,049.38]	45(0.5):A100,029.90,[100.00,018.65,043.03]	
0(0.5):A100,034.80,[100.00,075.57,014.38]	5(0.5):B220,030.40,[100.00,171.25,038.13]	10(0.5):A100,029.90,[100.00,045.43,028.75]	15(0.5):B000,030.10,[100.00,065.94,108.44]	20(0.5):A100,030.90,[100.00,035.93,025.00]	25(0.5):A100,028.60,[100.00,033.75,019.38]	30(0.5):A100,029.80,[100.00,013.17,012.50]	35(0.5):A100,028.30,[100.00,012.50,031.25]	40(0.5):A100,028.60,[100.00,016.72,049.38]	45(0.5):A100,030.40,[100.00,018.65,043.03]	
0(0.5):B000,034.80,[100.00,037.78,014.38]	5(0.5):B000,030.40,[100.00,085.63,038.13]	10(0.5):A100,030.40,[100.00,045.43,028.75]	15(0.5):C000,030.10,[100.00,065.94,054.22]	20(0.5):A100,031.40,[100.00,035.93,025.00]	25(0.5):A100,029.10,[100.00,033.75,019.38]	30(0.5):A100,030.30,[100.00,013.17,012.50]	35(0.5):A100,028.80,[100.00,012.50,031.25]	40(0.5):A100,029.10,[100.00,016.72,049.38]	45(0.5):C180,031.30,[100.00,018.65,111.52]	
0(0.5):A100,035.30,[100.00,037.78,014.38]	5(0.5):A100,030.90,[100.00,085.63,038.13]	10(0.5):A100,030.90,[100.00,045.43,028.75]	15(0.5):A100,030.60,[100.00,065.94,054.22]	20(0.5):A100,031.90,[100.00,035.93,025.00]	25(0.5):A100,029.60,[100.00,033.75,019.38]	30(0.5):A100,030.80,[100.00,013.17,012.50]	35(0.5):A100,029.30,[100.00,012.50,031.25]	40(0.5):A100,029.60,[100.00,016.72,049.38]	45(0.5):C000,031.30,[100.00,018.65,055.76]	
0(0.5):A100,035.80,[100.00,037.78,014.38]	5(0.5):B220,032.00,[100.00,152.81,038.13]	10(0.5):A100,031.40,[100.00,045.43,028.75]	15(0.5):B000,030.60,[100.00,032.97,054.22]	20(0.5):A100,032.40,[100.00,035.93,025.00]	25(0.5):A100,030.10,[100.00,033.75,019.38]	30(0.5):A100,031.30,[100.00,013.17,012.50]	35(0.5):A100,029.80,[100.00,012.50,031.25]	40(0.5):A100,030.10,[100.00,016.72,049.38]	45(0.5):A100,031.80,[100.00,018.65,055.76]	
0(0.5):A100,036.30,[100.00,037.78,014.38]	5(0.5):B000,032.00,[100.00,076.41,038.13]	10(0.5):A100,031.90,[100.00,045.43,028.75]	15(0.5):A100,031.10,[100.00,032.97,054.22]	20(0.5):C000,032.40,[100.00,035.93,012.50]	25(0.5):A100,030.60,[100.00,033.75,019.38]	30(0.5):A100,031.80,[100.00,013.17,012.50]	35(0.5):A100,030.30,[100.00,012.50,031.25]	40(0.5):A100,030.60,[100.00,016.72,049.38]	45(0.5):A100,032.30,[100.00,018.65,055.76]	
0(0.5):A100,036.80,[100.00,037.78,014.38]	5(0.5):A100,032.50,[100.00,076.41,038.13]	10(0.5):A100,032.40,[100.00,045.43,028.75]	15(0.5):A100,031.60,[100.00,032.97,054.22]	20(0.5):A100,032.90,[100.00,035.93,012.50]	25(0.5):A100,031.10,[100.00,033.75,019.38]	30(0.5):A100,032.30,[100.00,013.17,012.50]	35(0.5):A100,030.80,[100.00,012.50,031.25]	40(0.5):A100,031.10,[100.00,016.72,049.38]	45(0.5):A100,032.80,[100.00,018.65,055.76]	
0(0.5):A100,037.30,[100.00,037.78,014.38]	5(0.5):A100,033.00,[100.00,076.41,038.13]	10(0.5):A100,032.90,[100.00,045.43,028.75]	15(0.5):A100,032.10,[100.00,032.97,054.22]	20(0.5):C180,033.80,[100.00,035.93,096.25]	25(0.5):A100,031.60,[100.00,033.75,019.38]	30(0.5):A100,032.80,[100.00,013.17,012.50]	35(0.5):A100,031.30,[100.00,012.50,031.25]	40(0.5):A100,031.60,[100.00,016.72,049.38]	45(0.5):A100,033.30,[100.00,018.65,055.76]	
0(0.5):A100,037.80,[100.00,037.78,014.38]	5(0.5):A100,033.50,[100.00,076.41,038.13]	10(0.5):A100,033.40,[100.00,045.43,028.75]	15(0.5):A100,032.60,[100.00,032.97,054.22]	20(0.5):C180,034.70,[100.00,035.93,138.13]	25(0.5):A100,032.10,[100.00,033.75,019.38]	30(0.5):A100,033.30,[100.00,013.17,012.50]	35(0.5):A100,031.80,[100.00,012.50,031.25]	40(0.5):A100,032.10,[100.00,016.72,049.38]	45(0.5):A100,033.80,[100.00,018.65,055.76]	
0(0.5):A100,038.30,[100.00,037.78,014.38]	5(0.5):A100,034.00,[100.00,076.41,038.13]	10(0.5):A100,033.90,[100.00,045.43,028.75]	15(0.5):A100,033.10,[100.00,032.97,054.22]	20(0.5):C180,035.60,[100.00,035.93,159.06]	25(0.5):B220,033.20,[100.00,126.88,019.38]	30(0.5):A100,033.80,[100.00,013.17,012.50]	35(0.5):A100,032.30,[100.00,012.50,031.25]	40(0.5):A100,032.60,[100.00,016.72,049.38]	45(0.5):A100,034.30,[100.00,018.65,055.76]	
0(0.5):A100,038.80,[100.00,037.78,014.38]	5(0.5):A100,034.50,[100.00,076.41,038.13]	10(0.5):A100,034.40,[100.00,045.43,028.75]	15(0.5):A100,033.60,[100.00,032.97,054.22]	20(0.5):C000,035.60,[100.00,035.93,079.53]	25(0.5):B220,034.30,[100.00,173.44,019.38]	30(0.5):A100,034.30,[100.00,013.17,012.50]	35(0.5):A100,032.80,[100.00,012.50,031.25]	40(0.5):A100,033.10,[100.00,016.72,049.38]	45(0.5):A100,034.80,[100.00,018.65,055.76]	
0(0.5):B220,039.90,[100.00,128.89,014.38]	5(0.5):A100,035.00,[100.00,076.41,038.13]	10(0.5):A100,034.90,[100.00,045.43,028.75]	15(0.5):A100,034.10,[100.00,032.97,054.22]	20(0.5):A100,036.10,[100.00,035.93,079.53]	25(0.5):B000,034.30,[100.00,086.72,019.38]	30(0.5):A100,034.80,[100.00,013.17,012.50]	35(0.5):A100,033.30,[100.00,012.50,031.25]	40(0.5):A100,033.60,[100.00,016.72,049.38]	45(0.5):A100,035.30,[100.00,018.65,055.76]	
0(0.5):B000,039.90,[100.00,064.45,014.38]	5(0.5):A100,035.50,[100.00,076.41,038.13]	10(0.5):A100,035.40,[100.00,045.43,028.75]	15(0.5):C180,035.00,[100.00,032.97,117.11]	20(0.5):A100,036.60,[100.00,035.93,079.53]	25(0.5):A100,034.80,[100.00,086.72,019.38]	30(0.5):A100,035.30,[100.00,013.17,012.50]	35(0.5):A100,033.80,[100.00,012.50,031.25]	40(0.5):A100,034.10,[100.00,016.72,049.38]	45(0.5):A100,035.80,[100.00,018.65,055.76]	
0(0.5):A100,040.40,[100.00,064.45,014.38]	5(0.5):A100,036.00,[100.00,076.41,038.13]	10(0.5):A100,035.90,[100.00,045.43,028.75]	15(0.5):C180,035.90,[100.00,032.97,148.55]	20(0.5):C000,036.60,[100.00,035.93,039.77]	25(0.5):B000,034.80,[100.00,043.36,019.38]	30(0.5):A100,035.80,[100.00,013.17,012.50]	35(0.5):A100,034.30,[100.00,012.50,031.25]	40(0.5):C180,035.00,[100.00,016.72,114.69]	45(0.5):A100,036.30,[100.00,018.65,055.76]	
0(0.5):B000,040.40,[100.00,032.22,014.38]	5(0.5):A100,036.50,[100.00,076.41,038.13]	10(0.5):A100,036.40,[100.00,045.43,028.75]	15(0.5):C180,036.80,[100.00,032.97,164.28]	20(0.5):C000,036.60,[100.00,035.93,019.88]	25(0.5):A100,035.30,[100.00,043.36,019.38]	30(0.5):A100,036.30,[100.00,013.17,012.50]	35(0.5):A100,034.80,[100.00,012.50,031.25]	40(0.5):C180,035.90,[100.00,016.72,147.34]	45(0.5):A100,036.80,[100.00,018.65,055.76]	
0(0.5):A100,040.90,[100.00,032.22,014.38]	5(0.5):B220,037.60,[100.00,148.20,038.13]	10(0.5):A100,036.90,[100.00,045.43,028.75]	15(0.5):C180,037.70,[100.00,032.97,172.14]	20(0.5):A100,037.10,[100.00,035.93,019.88]	25(0.5):A100,035.80,[100.00,043.36,019.38]	30(0.5):A100,036.80,[100.00,013.17,012.50]	35(0.5):A100,035.30,[100.00,012.50,031.25]	40(0.5):C000,035.90,[100.00,016.72,073.67]	45(0.5):A100,037.30,[100.00,018.65,055.76]	
0(0.5):A100,041.40,[100.00,032.22,014.38]	5(0.5):B220,038.70,[100.00,184.10,038.13]	10(0.5):A100,037.40,[100.00,045.43,028.75]	15(0.5):C180,038.60,[100.00,032.97,176.07]	20(0.5):A100,037.60,[100.00,035.93,019.88]	25(0.5):A100,036.30,[100.00,043.36,019.38]	30(0.5):A100,037.30,[100.00,013.17,012.50]	35(0.5):A100,035.80,[100.00,012.50,031.25]	40(0.5):A100,036.40,[100.00,016.72,073.67]	45(0.5):A100,037.80,[100.00,018.65,055.76]	
0(0.5):A100,041.90,[100.00,032.22,014.38]	5(0.5):B000,038.70,[100.00,092.05,038.13]	10(0.5):B220,038.50,[100.00,132.71,028.75]	15(0.5):C000,038.60,[100.00,032.97,088.03]	20(0.5):A100,038.10,[100.00,035.93,019.88]	25(0.5):B220,037.40,[100.00,131.68,019.38]	30(0.5):A100,037.80,[100.00,013.17,012.50]	35(0.5):A100,036.30,[100.00,012.50,031.25]	40(0.5):A100,036.90,[100.00,016.72,073.67]	45(0.5):A100,038.30,[100.00,018.65,055.76]	
0(0.5):A100,042.40,[100.00,032.22,014.38]	5(0.5):A100,039.20,[100.00,092.05,038.13]	10(0.5):B000,038.50,[100.00,066.36,028.75]	15(0.5):A100,039.10,[100.00,032.97,088.03]	20(0.5):A100,038.60,[100.00,035.93,019.88]	25(0.5):B220,038.50,[100.00,175.84,019.38]	30(0.5):A100,038.30,[100.00,013.17,012.50]	35(0.5):A100,036.80,[100.00,012.50,031.25]	40(0.5):A100,037.40,[100.00,016.72,073.67]	45(0.5):A100,038.80,[100.00,018.65,055.76]	
0(0.5):A100,042.90,[100.00,032.22,014.38]	5(0.5):A100,039.70,[100.00,092.05,038.13]	10(0.5):A100,039.00,[100.00,066.36,028.75]	15(0.5):A100,039.60,[100.00,032.97,088.03]	20(0.5):A100,039.10,[100.00,035.93,019.88]	25(0.5):B220,039.60,[100.00,197.92,019.38]	30(0.5):B000,038.30,[100.00,006.59,012.50]	35(0.5):A100,037.30,[100.00,012.50,031.25]	40(0.5):A100,037.90,[100.00,016.72,073.67]	45(0.5):A100,039.30,[100.00,018.65,055.76]	
0(0.5):A100,043.40,[100.00,032.22,014.38]	5(0.5):B220,040.80,[100.00,156.03,038.13]	10(0.5):A100,039.50,[100.00,066.36,028.75]	15(0.5):A100,040.10,[100.00,032.97,088.03]	20(0.5):A100,039.60,[100.00,035.93,019.88]	25(0.5):B220,040.70,[100.00,208.96,019.38]	30(0.5):A100,038.80,[100.00,006.59,012.50]	35(0.5):A100,037.80,[100.00,012.50,031.25]	40(0.5):C180,038.80,[100.00,016.72,126.84]	45(0.5):A100,039.80,[100.00,018.65,055.76]	
0(0.5):A100,043.90,[100.00,032.22,014.38]	5(0.5):B220,041.90,[100.00,188.01,038.13]	10(0.5):B220,040.60,[100.00,143.18,028.75]	15(0.5):A100,040.60,[100.00,032.97,088.03]	20(0.5):A100,040.10,[100.00,035.93,019.88]	25(0.5):B000,040.70,[100.00,104.48,019.38]	30(0.5):A100,039.30,[100.00,006.59,012.50]	35(0.5):A100,038.30,[100.00,012.50,031.25]	40(0.5):A100,039.30,[100.00,016.72,126.84]	45(0.5):A100,040.30,[100.00,018.65,055.76]	
0(0.5):A100,044.40,[100.00,032.22,014.38]	5(0.5):B220,043.00,[100.00,204.01,038.13]	10(0.5):B000,040.60,[100.00,071.59,028.75]	15(0.5):A100,041.10,[100.00,032.97,088.03]	20(0.5):A100,040.60,[100.00,035.93,019.88]	25(0.5):B220,041.80,[100.00,162.24,019.38]	30(0.5):A100,039.80,[100.00,006.59,012.50]	35(0.5):A100,038.80,[100.00,012.50,031.25]	40(0.5):A100,039.80,[100.00,016.72,126.84]	45(0.5):A100,040.80,[100.00,018.65,055.76]	
0(0.5):A100,044.90,[100.00,032.22,014.38]	5(0.5):B000,043.00,[100.00,102.00,038.13]	10(0.5):A100,041.10,[100.00,071.59,028.75]	15(0.5):A100,041.60,[100.00,032.97,088.03]	20(0.5):A100,041.10,[100.00,035.93,019.88]	25(0.5):B000,041.80,[100.00,081.12,019.38]	30(0.5):A100,040.30,[100.00,006.59,012.50]	35(0.5):A100,039.30,[100.00,012.50,031.25]	40(0.5):A100,040.30,[100.00,016.72,126.84]	45(0.5):C180,041.70,[100.00,018.65,117.88]	
0(0.5):A100,045.40,[100.00,032.22,014.38]	5(0.5):B220,044.10,[100.00,161.00,038.13]	10(0.5):A100,041.60,[100.00,071.59,028.75]	15(0.5):A100,042.10,[100.00,032.97,088.03]	20(0.5):A100,041.60,[100.00,035.93,019.88]	25(0.5):A100,042.30,[100.00,081.12,019.38]	30(0.5):A100,040.80,[100.00,006.59,012.50]	35(0.5):A100,039.80,[100.00,012.50,031.25]	40(0.5):C000,040.30,[100.00,016.72,063.42]	45(0.5):C000,041.70,[100.00,018.65,058.94]	
0(0.5):A100,045.90,[100.00,032.22,014.38]	5(0.5):B220,045.20,[100.00,190.50,038.13]	10(0.5):B000,041.60,[100.00,035.79,028.75]	15(0.5):C000,042.10,[100.00,032.97,044.02]	20(0.5):A100,042.10,[100.00,035.93,019.88]	25(0.5):B220,043.40,[100.00,150.56,019.38]	30(0.5):A100,041.30,[100.00,006.59,012.50]	35(0.5):A100,040.30,[100.00,012.50,031.25]	40(0.5):A100,040.80,[100.00,016.72,063.42]	45(0.5):A100,042.20,[100.00,018.65,058.94]	
0(0.5):A100,046.40,[100.00,032.22,014.38]	5(0.5):B000,045.20,[100.00,095.25,038.13]	10(0.5):A100,042.10,[100.00,035.79,028.75]	15(0.5):A100,042.60,[100.00,032.97,044.02]	20(0.5):A100,042.60,[100.00,035.93,019.88]	25(0.5):B220,044.50,[100.00,185.28,019.38]	30(0.5):A100,041.80,[100.00,006.59,012.50]	35(0.5):A100,040.80,[100.00,012.50,031.25]	40(0.5):A100,041.30,[100.00,016.72,063.42]	45(0.5):A100,042.70,[100.00,018.65,058.94]	
0(0.5):A100,046.90,[100.00,032.22,014.38]	5(0.5):B220,046.30,[100.00,157.63,038.13]	10(0.5):A100,042.60,[100.00,035.79,028.75]	15(0.5):A100,043.10,[100.00,032.97,044.02]	20(0.5):A100,043.10,[100.00,035.93,019.88]	25(0.5):B220,045.60,[100.00,202.64,019.38]	30(0.5):A100,042.30,[100.00,006.59,012.50]	35(0.5):A100,041.30,[100.00,012.50,031.25]	40(0.5):A100,041.80,[100.00,016.72,063.42]	45(0.5):C000,042.70,[100.00,018.65,029.47]	
0(0.5):A100,047.40,[100.00,032.22,014.38]	5(0.5):B220,047.40,[100.00,188.81,038.13]	10(0.5):A100,043.10,[100.00,035.79,028.75]	15(0.5):A100,043.60,[100.00,032.97,044.02]	20(0.5):A100,043.60,[100.00,035.93,019.88]	25(0.5):B220,046.70,[100.00,211.32,019.38]	30(0.5):A100,042.80,[100.00,006.59,012.50]	35(0.5):A100,041.80,[100.00,012.50,031.25]	40(0.5):A100,042.30,[100.00,016.72,063.42]	45(0.5):A100,043.20,[100.00,018.65,029.47]	
0(0.5):A100,047.90,[100.00,032.22,014.38]	5(0.5):B220,048.50,[100.00,204.41,038.13]	10(0.5):A100,043.60,[100.00,035.79,028.75]	15(0.5):A100,044.10,[100.00,032.97,044.02]	20(0.5):A100,044.10,[100.00,035.93,019.88]	25(0.5):B000,046.70,[100.00,105.66,019.38]	30(0.5):A100,043.30,[100.00,006.59,012.50]	35(0.5):A100,042.30,[100.00,012.50,031.25]	40(0.5):C000,042.30,[100.00,016.72,031.71]	45(0.5):A100,043.70,[100.00,018.65,029.47]	
0(0.5):A100,048.40,[100.00,032.22,014.38]	5(0.5):B220,049.60,[100.00,212.20,038.13]	10(0.5):B220,044.70,[100.00,127.90,028.75]	15(0.5):A100,044.60,[100.00,032.97,044.02]	20(0.5):A100,044.60,[100.00,035.93,019.88]	25(0.5):A100,047.20,[100.00,105.66,019.38]	30(0.5):A100,043.80,[100.00,006.59,012.50]	35(0.5):A100,042.80,[100.00,012.50,031.25]	40(0.5):A100,042.80,[100.00,016.72,031.71]	45(0.5):A100,044.20,[100.00,018.65,029.47]	
0(0.5):A100,048.90,[100.00,032.22,014.38]	5(0.5):B000,049.60,[100.00,106.10,038.13]	10(0.5):B220,045.80,[100.00,173.95,028.75]	15(0.5):A100,045.10,[100.00,032.97,044.02]	20(0.5):A100,045.10,[100.00,035.93,019.88]	25(0.5):A100,047.70,[100.00,105.66,019.38]	30(0.5):A100,044.30,[100.00,006.59,012.50]	35(0.5):A100,043.30,[100.00,012.50,031.25]	40(0.5):A100,043.30,[100.00,016.72,031.71]	45(0.5):A100,044.70,[100.00,018.65,029.47]	
0(0.5):A100,049.40,[100.00,032.22,014.38]	5(0.5):B220,050.70,[100.00,163.05,038.13]	10(0.5):B220,046.90,[100.00,196.97,028.75]	15(0.5):A100,045.60,[100.00,032.97,044.02]	20(0.5):A100,045.60,[100.00,035.93,019.88]	25(0.5):B220,048.80,[100.00,162.83,019.38]	30(0.5):A100,044.80,[100.00,006.59,012.50]	35(0.5):A100,043.80,[100.00,012.50,031.25]	40(0.5):A100,043.80,[100.00,016.72,031.71]	45(0.5):A100,045.20,[100.00,018.65,029.47]	
0(0.5):A100,049.90,[100.00,032.22,014.38]	5(0.5):B220,051.80,[100.00,191.53,038.13]	10(0.5):B220,048.00,[100.00,208.49,028.75]	15(0.5):A100,046.10,[100.00,032.97,044.02]	20(0.5):A100,046.10,[100.00,035.93,019.88]	25(0.5):B220,049.90,[100.00,191.41,019.38]	30(0.5):A100,045.30,[100.00,006.59,012.50]	35(0.5):A100,044.30,[100.00,012.50,031.25]	40(0.5):A100,044.30,[100.00,016.72,031.71]	45(0.5):A100,045.70,[100.00,018.65,029.47]	
0(0.5):A100,050.40,[100.00,032.22,014.38]	5(0.5):B220,052.90,[100.00,205.76,038.13]	10(0.5):B000,048.00,[100.00,104.24,028.75]	15(0.5):A100,046.60,[100.00,032.97,044.02]	20(0.5):A100,046.60,[100.00,035.93,019.88]	25(0.5):B220,051.00,[100.00,205.71,019.38]	30(0.5):A100,045.80,[100.00,006.59,012.50]	35(0.5):A100,044.80,[100.00,012.50,031.25]	40(0.5):A100,044.80,[100.00,016.72,031.71]	45(0.5):C000,045.70,[100.00,018.65,014.73]	
0(0.5):A100,050.90,[100.00,032.22,014.38]	5(0.5):B000,052.90,[100.00,102.88,038.13]	10(0.5):B220,049.10,[100.00,162.12,028.75]	15(0.5):A100,047.10,[100.00,032.97,044.02]	20(0.5):A100,047.10,[100.00,035.93,019.88]	25(0.5):B000,051.00,[100.00,102.85,019.38]	30(0.5):A100,046.30,[100.00,006.59,012.50]	35(0.5):A100,045.30,[100.00,012.50,031.25]	40(0.5):A100,045.30,[100.00,016.72,031.71]	45(0.5):A100,046.20,[100.00,018.65,014.73]	
0(0.5):A100,051.40,[100.00,032.22,014.38]	5(0.5):A100,053.40,[100.00,102.88,038.13]	10(0.5):B220,050.20,[100.00,191.06,028.75]	15(0.5):C180,048.00,[100.00,032.97,112.01]	20(0.5):A100,047.60,[100.00,035.93,019.88]	25(0.5):B220,052.10,[100.00,161.43,019.38]	30(0.5):C180,047.20,[100.00,006.59,096.25]	35(0.5):A100,045.80,[100.00,012.50,031.25]	40(0.5):C000,045.30,[100.00,016.72,015.85]	45(0.5):A100,046.70,[100.00,018.65,014.73]	
0(0.5):A100,051.90,[100.00,032.22,014.38]	5(0.5):C180,054.30,[100.00,102.88,109.06]	10(0.5):B000,050.20,[100.00,095.53,028.75]	15(0.5):C180,048.90,[100.00,032.97,146.00]	20(0.5):A100,048.10,[100.00,035.93,019.88]	25(0.5):B000,052.10,[100.00,080.71,019.38]	30(0.5):A100,047.70,[100.00,006.59,096.25]	35(0.5):A100,046.30,[100.00,012.50,031.25]	40(0.5):A100,045.80,[100.00,016.72,015.85]	45(0.5):A100,047.20,[100.00,018.65,014.73]	
0(0.5):A100,052.40,[100.00,032.22,014.38]	5(0.5):C000,054.30,[100.00,102.88,054.53]	10(0.5):B220,051.30,[100.00,157.77,028.75]	15(0.5):C180,049.80,[100.00,032.97,163.00]	20(0.5):A100,048.60,[100.00,035.93,019.88]	25(0.5):A100,052.60,[100.00,080.71,019.38]	30(0.5):A100,048.20,[100.00,006.59,096.25]	35(0.5):A100,046.80,[100.00,012.50,031.25]	40(0.5):A100,046.30,[100.00,016.72,015.85]	45(0.5):A100,047.70,[100.00,018.65,014.73]	
0(0.5):A100,052.90,[100.00,032.22,014.38]	5(0.5):A100,054.80,[100.00,102.88,054.53]	10(0.5):B000,051.30,[100.00,078.88,028.75]	15(0.5):C180,050.70,[100.00,032.97,171.50]	20(0.5):A100,049.10,[100.00,035.93,019.88]	25(0.5):A100,053.10,[100.00,080.71,019.38]	30(0.5):C180,049.10,[100.00,006.59,138.13]	35(0.5):A100,047.30,[100.00,012.50,031.25]	40(0.5):A100,046.80,[100.00,016.72,015.85]	45(0.5):A100,048.20,[100.00,018.65,014.73]	
0(0.5):A100,053.40,[100.00,032.22,014.38]	5(0.5):A100,055.30,[100.00,102.88,054.53]	10(0.5):A100,051.80,[100.00,078.88,028.75]	15(0.5):C000,050.70,[100.00,032.97,085.75]	20(0.5):B220,050.20,[100.00,127.97,019.88]	25(0.5):B220,054.20,[100.00,150.36,019.38]	30(0.5):C000,049.10,[100.00,006.59,069.06]	35(0.5):A100,047.80,[100.00,012.50,031.25]	40(0.5):A100,047.30,[100.00,016.72,015.85]	45(0.5):A100,048.70,[100.00,018.65,014.73]	
0(0.5):A100,053.90,[100.00,032.22,014.38]	5(0.5):B220,056.40,[100.00,161.44,054.53]	10(0.5):B220,052.90,[100.00,149.44,028.75]	15(0.5):A100,051.20,[100.00,032.97,085.75]	20(0.5):B220,051.30,[100.00,173.98,019.88]	25(0.5):B000,054.20,[100.00,075.18,019.38]	30(0.5):A100,049.60,[100.00,006.59,069.06]	35(0.5):A100,048.30,[100.00,012.50,031.25]	40(0.5):A100,047.80,[100.00,016.72,015.85]	45(0.5):A100,049.20,[100.00,018.65,014.73]	
0(0.5):B220,055.00,[100.00,126.11,014.38]	5(0.5):B000,056.40,[100.00,080.72,054.53]	10(0.5):A100,053.40,[100.00,149.44,028.75]	15(0.5):A100,051.70,[100.00,032.97,085.75]	20(0.5):A100,051.80,[100.00,173.98,019.88]	25(0.5):A100,054.70,[100.00,075.18,019.38]	30(0.5):A100,050.10,[100.00,006.59,069.06]	35(0.5):A100,048.80,[100.00,012.50,031.25]	40(0.5):A100,048.30,[100.00,016.72,015.85]	45(0.5):A100,049.70,[100.00,018.65,014.73]	
0(0.5):B000,055.00,[100.00,063.06,014.38]	5(0.5):A100,056.90,[100.00,080.72,054.53]	10(0.5):B000,053.40,[100.00,074.72,028.75]	15(0.5):A100,052.20,[100.00,032.97,085.75]	20(0.5):B000,051.80,[100.00,086.99,019.88]	25(0.5):A100,055.20,[100.00,075.18,019.38]	30(0.5):A100,050.60,[100.00,006.59,069.06]	35(0.5):A100,049.30,[100.00,012.50,031.25]	40(0.5):A100,048.80,[100.00,016.72,015.85]	45(0.5):A100,050.20,[100.00,018.65,014.73]	
0(0.5):A100,055.50,[100.00,063.06,014.38]	5(0.5):A100,057.40,[100.00,080.72,054.53]	10(0.5):A100,053.90,[100.00,074.72,028.75]	15(0.5):A100,052.70,[100.00,032.97,085.75]	20(0.5):B000,051.80,[100.00,043.50,019.88]	25(0.5):A100,055.70,[100.00,075.18,019.38]	30(0.5):C000,050.60,[100.00,006.59,034.53]	35(0.5):A100,049.80,[100.00,012.50,031.25]	40(0.5):A100,049.30,[100.00,016.72,015.85]	45(0.5):A100,050.70,[100.00,018.65,014.73]	
0(0.5):A100,056.00,[100.00,063.06,014.38]	5(0.5):C000,057.40,[100.00,080.72,027.27]	10(0.5):A100,054.40,[100.00,074.72,028.75]	15(0.5):C180,053.60,[100.00,032.97,132.88]	20(0.5):A100,052.30,[100.00,043.50,019.88]	25(0.5):A100,056.20,[100.00,075.18,019.38]	30(0.5):A100,051.10,[100.00,006.59,034.53]	35(0.5):A100,050.30,[100.00,012.50,031.25]	40(0.5):A100,049.80,[100.00,016.72,015.85]	45(0.5):A100,051.20,[100.00,018.65,014.73]	
0(0.5):A100,056.50,[100.00,063.06,014.38]	5(0.5):A100,057.90,[100.00,080.72,027.27]	10(0.5):A100,054.90,[100.00,074.72,028.75]	15(0.5):C000,053.60,[100.00,032.97,066.44]	20(0.5):A100,052.80,[100.00,043.50,019.88]	25(0.5):B000,056.20,[100.00,037.59,019.38]	30(0.5):A100,051.60,[100.00,006.59,034.53]	35(0.5):A100,050.80,[100.00,012.50,031.25]	40(0.5):A100,050.30,[100.00,016.72,015.85]	45(0.5):A100,051.70,[100.00,018.65,014.73]	
0(0.5):B220,057.60,[100.00,141.53,014.38]	5(0.5):A100,058.40,[100.00,080.72,027.27]	10(0.5):B000,054.90,[100.00,037.36,028.75]	15(0.5):A100,054.10,[100.00,032.97,066.44]	20(0.5):A100,053.30,[100.00,043.50,019.88]	25(0.5):A100,056.70,[100.00,037.59,019.38]	30(0.5):A100,052.10,[100.00,006.59,034.53]	35(0.5):A100,051.30,[100.00,012.50,031.25]	40(0.5):A100,050.80,[100.00,016.72,015.85]	45(0.5):A100,052.20,[100.00,018.65,014.73]	
0(0.5):B220,058.70,[100.00,180.76,014.38]	5(0.5):A100,058.90,[100.00,080.72,027.27]	10(0.5):C180,055.80,[100.00,037.36,104.38]	15(0.5):A100,054.60,[100.00,032.97,066.44]	20(0.5):A100,053.80,[100.00,043.50,019.88]	25(0.5):A100,057.20,[100.00,037.59,019.38]	30(0.5):A100,052.60,[100.00,006.59,034.53]	35(0.5):A100,051.80,[100.00,012.50,031.25]	40(0.5):A100,051.30,[100.00,016.72,015.85]	45(0.5):A100,052.70,[100.00,018.65,014.73]	
0(0.5):B220,059.80,[100.00,200.38,014.38]	5(0.5):A100,059.40,[100.00,080.72,027.27]	10(0.5):C000,055.80,[100.00,037.36,052.19]	15(0.5):A100,055.10,[100.00,032.97,066.44]	20(0.5):A100,054.30,[100.00,043.50,019.88]	25(0.5):B220,058.30,[100.00,128.79,019.38]	30(0.5):A100,053.10,[100.00,006.59,034.53]	35(0.5):A100,052.30,[100.00,012.50,031.25]	40(0.5):A100,051.80,[100.00,016.72,015.85]	45(0.5):A100,053.20,[100.00,018.65,014.73]	
0(0.5):B220,060.90,[100.00,210.19,014.38]	5(0.5):A100,059.90,[100.00,080.72,027.27]	10(0.5):A100,056.30,[100.00,037.36,052.19]	15(0.5):A100,055.60,[100.00,032.97,066.44]	20(0.5):A100,054.80,[100.00,043.50,019.88]	25(0.5):B220,059.40,[100.00,174.40,019.38]	30(0.5):A100,053.60,[100.00,006.59,034.53]	35(0.5):A100,052.80,[100.00,012.50,031.25]	40(0.5):A100,052.30,[100.00,016.72,015.85]	45(0.5):A100,053.70,[100.00,018.65,014.73]	
0(0.5):B220,062.00,[100.00,215.10,014.38]	5(0.5):A100,060.40,[100.00,080.72,027.27]	10(0.5):C000,056.30,[100.00,037.36,026.09]	15(0.5):C000,055.60,[100.00,032.97,033.22]	20(0.5):A100,055.30,[100.00,043.50,019.88]	25(0.5):B000,059.40,[100.00,087.20,019.38]	30(0.5):C180,054.50,[100.00,006.59,107.27]	35(0.5):A100,053.30,[100.00,012.50,031.25]	40(0.5):A100,052.80,[100.00,016.72,015.85]	45(0.5):A100,054.20,[100.00,018.65,014.73]	
0(0.5):B000,062.00,[100.00,107.55,014.38]	5(0.5):A100,060.90,[100.00,080.72,027.27]	10(0.5):A100,056.80,[100.00,037.36,026.09]	15(0.5):A100,056.10,[100.00,032.97,033.22]	20(0.5):A100,055.80,[100.00,043.50,019.88]	25(0.5):B000,059.40,[100.00,043.60,019.38]	30(0.5):C180,055.40,[100.00,006.59,143.63]	35(0.5):C000,053.30,[100.00,012.50,015.63]	40(0.5):A100,053.30,[100.00,016.72,015.85]	45(0.5):A100,054.70,[100.00,018.65,014.73]	
0(0.5):A100,062.50,[100.00,107.55,014.38]	5(0.5):A100,061.40,[100.00,080.72,027.27]	10(0.5):A100,057.30,[100.00,037.36,026.09]	15(0.5):A100,056.60,[100.00,032.97,033.22]	20(0.5):A100,056.30,[100.00,043.50,019.88]	25(0.5):A100,059.90,[100.00,043.60,019.38]	30(0.5):A100,055.90,[100.00,006.59,143.63]	35(0.5):A100,053.80,[100.00,012.50,015.63]	40(0.5):A100,053.80,[100.00,016.72,015.85]	45(0.5):A100,055.20,[100.00,018.65,014.73]	
0(0.5):B000,062.50,[100.00,053.77,014.38]	5(0.5):A100,061.90,[100.00,080.72,027.27]	10(0.5):A100,057.80,[100.00,037.36,026.09]	15(0.5):A100,057.10,[100.00,032.97,033.22]	20(0.5):A100,056.80,[100.00,043.50,019.88]	25(0.5):A100,060.40,[100.00,043.60,019.38]	30(0.5):C180,056.80,[100.00,006.59,161.82]	35(0.5):A100,054.30,[100.00,012.50,015.63]	40(0.5):A100,054.30,[100.00,016.72,015.85]	45(0.5):B220,056.30,[100.00,119.32,014.73]	
0(0.5):A100,063.00,[100.00,053.77,014.38]	5(0.5):A100,062.40,[100.00,080.72,027.27]	10(0.5):A100,058.30,[100.00,037.36,026.09]	15(0.5):A100,057.60,[100.00,032.97,033.22]	20(0.5):A100,057.30,[100.00,043.50,019.88]	25(0.5):A100,060.90,[100.00,043.60,019.38]	30(0.5):C000,056.80,[100.00,006.59,080.91]	35(0.5):A100,054.80,[100.00,012.50,015.63]	40(0.5):A100,054.80,[100.00,016.72,015.85]	45(0.5):B000,056.30,[100.00,059.66,014.73]	
0(0.5):A100,063.50,[100.00,053.77,014.38]	5(0.5):A100,062.90,[100.00,080.72,027.27]	10(0.5):A100,058.80,[100.00,037.36,026.09]	15(0.5):A100,058.10,[100.00,032.97,033.22]	20(0.5):A100,057.80,[100.00,043.50,019.88]	25(0.5):A100,061.40,[100.00,043.60,019.38]	30(0.5):A100,057.30,[100.00,006.59,080.91]	35(0.5):A100,055.30,[100.00,012.50,015.63]	40(0.5):A100,055.30,[100.00,016.72,015.85]	45(0.5):B220,057.40,[100.00,139.83,014.73]	
0(0.5):A100,064.00,[100.00,053.77,014.38]	5(0.5):A100,063.40,[100.00,080.72,027.27]	10(0.5):A100,059.30,[100.00,037.36,026.09]	15(0.5):A100,058.60,[100.00,032.97,033.22]	20(0.5):A100,058.30,[100.00,043.50,019.88]	25(0.5):A100,061.90,[100.00,043.60,019.38]	30(0.5):C000,057.30,[100.00,006.59,040.45]	35(0.5):A100,055.80,[100.00,012.50,015.63]	40(0.5):A100,055.80,[100.00,016.72,015.85]	45(0.5):B220,058.50,[100.00,179.92,014.73]	
0(0.5):B000,064.00,[100.00,026.89,014.38]	5(0.5):B000,063.40,[100.00,040.36,027.27]	10(0.5):A100,059.80,[100.00,037.36,026.09]	15(0.5):A100,059.10,[100.00,032.97,033.22]	20(0.5):A100,058.80,[100.00,043.50,019.88]	25(0.5):A100,062.40,[100.00,043.60,019.38]	30(0.5):A100,057.80,[100.00,006.59,040.45]	35(0.5):A100,056.30,[100.00,012.50,015.63]	40(0.5):A100,056.30,[100.00,016.72,015.85]	45(0.5):B220,059.60,[100.00,199.96,014.73]	
0(0.5):A100,064.50,[100.00,026.89,014.38]	5(0.5):A100,063.90,[100.00,040.36,027.27]	10(0.5):A100,060.30,[100.00,037.36,026.09]	15(0.5):A100,059.60,[100.00,032.97,033.22]	20(0.5):A100,059.30,[100.00,043.50,019.88]	25(0.5):A100,062.90,[100.00,043.60,019.38]	30(0.5):A100,058.30,[100.00,006.59,040.45]	35(0.5):A100,056.80,[100.00,012.50,015.63]	40(0.5):A100,056.80,[100.00,016.72,015.85]	45(0.5):B000,059.60,[100.00,099.98,014.73]	
0(0.5):A100,065.00,[100.00,026.89,014.38]	5(0.5):A100,064.40,[100.00,040.36,027.27]	10(0.5):A100,060.80,[100.00,037.36,026.09]	15(0.5):A100,060.10,[100.00,032.97,033.22]	20(0.5):A100,059.80,[100.00,043.50,019.88]	25(0.5):A100,063.40,[100.00,043.60,019.38]	30(0.5):A100,058.80,[100.00,006.59,040.45]	35(0.5):A100,057.30,[100.00,012.50,015.63]	40(0.5):A100,057.30,[100.00,016.72,015.85]	45(0.5):B000,059.60,[100.00,049.99,014.73]	
0(0.5):A100,065.50,[100.00,026.89,014.38]	5(0.5):A100,064.90,[100.00,040.36,027.27]	10(0.5):A100,061.30,[100.00,037.36,026.09]	15(0.5):A100,060.60,[100.00,032.97,033.22]	20(0.5):A100,060.30,[100.00,043.50,019.88]	25(0.5):A100,063.90,[100.00,043.60,019.38]	30(0.5):A100,059.30,[100.00,006.59,040.45]	35(0.5):A100,057.80,[100.00,012.50,015.63]	40(0.5):A100,057.80,[100.00,016.72,015.85]	45(0.5):A100,060.10,[100.00,049.99,014.73]	
0(0.5):A100,066.00,[100.00,026.89,014.38]	5(0.5):A100,065.40,[100.00,040.36,027.27]	10(0.5):A100,061.80,[100.00,037.36,026.09]	15(0.5):A100,061.10,[100.00,032.97,033.22]	20(0.5):A100,060.80,[100.00,043.50,019.88]	25(0.5):A100,064.40,[100.00,043.60,019.38]	30(0.5):A100,059.80,[100.00,006.59,040.45]	35(0.5):A100,058.30,[100.00,012.50,015.63]	40(0.5):A100,058.30,[100.00,016.72,015.85]	45(0.5):A100,060.60,[100.00,049.99,014.73]	
0(0.5):A100,066.50,[100.00,026.89,014.38]	5(0.5):A100,065.90,[100.00,040.36,027.27]	10(0.5):A100,062.30,[100.00,037.36,026.09]	15(0.5):A100,061.60,[100.00,032.97,033.22]	20(0.5):A100,061.30,[100.00,043.50,019.88]	25(0.5):A100,064.90,[100.00,043.60,019.38]	30(0.5):A100,060.30,[100.00,006.59,040.45]	35(0.5):A100,058.80,[100.00,012.50,015.63]	40(0.5):A100,058.80,[100.00,016.72,015.85]	45(0.5):A100,061.10,[100.00,049.99,014.73]	
0(0.5):A100,067.00,[100.00,026.89,014.38]	5(0.5):A100,066.40,[100.00,040.36,027.27]	10(0.5):A100,062.80,[100.00,037.36,026.09]	15(0.5):A100,062.10,[100.00,032.97,033.22]	20(0.5):A100,061.80,[100.00,043.50,019.88]	25(0.5):B220,066.00,[100.00,131.80,019.38]	30(0.5):A100,060.80,[100.00,006.59,040.45]	35(0.5):A100,059.30,[100.00,012.50,015.63]	40(0.5):A100,059.30,[100.00,016.72,015.85]	45(0.5):A100,061.60,[100.00,049.99,014.73]	
0(0.5):A100,067.50,[100.00,026.89,014.38]	5(0.5):C180,067.30,[100.00,040.36,103.63]	10(0.5):A100,063.30,[100.00,037.36,026.09]	15(0.5):A100,062.60,[100.00,032.97,033.22]	20(0.5):A100,062.30,[100.00,043.50,019.88]	25(0.5):B000,066.00,[100.00,065.90,019.38]	30(0.5):A100,061.30,[100.00,006.59,040.45]	35(0.5):A100,059.80,[100.00,012.50,015.63]	40(0.5):A100,059.80,[100.00,016.72,015.85]	45(0.5):A100,062.10,[100.00,049.99,014.73]	
0(0.5):A100,068.00,[100.00,026.89,014.38]	5(0.5):C180,068.20,[100.00,040.36,141.82]	10(0.5):A100,063.80,[100.00,037.36,026.09]	15(0.5):A100,063.10,[100.00,032.97,033.22]	20(0.5):A100,062.80,[100.00,043.50,019.88]	25(0.5):A100,066.50,[100.00,065.90,019.38]	30(0.5):A100,061.80,[100.00,006.59,040.45]	35(0.5):A100,060.30,[100.00,012.50,015.63]	40(0.5):A100,060.30,[100.00,016.72,015.85]	45(0.5):A100,062.60,[100.00,049.99,014.73]	
0(0.5):A100,068.50,[100.00,026.89,014.38]	5(0.5):C180,069.10,[100.00,040.36,160.91]	10(0.5):A100,064.30,[100.00,037.36,026.09]	15(0.5):A100,063.60,[100.00,032.97,033.22]	20(0.5):A100,063.30,[100.00,043.50,019.88]	25(0.5):A100,067.00,[100.00,065.90,019.38]	30(0.5):A100,062.30,[100.00,006.59,040.45]	35(0.5):A100,060.80,[100.00,012.50,015.63]	40(0.5):A100,060.80,[100.00,016.72,015.85]	45(0.5):A100,063.10,[100.00,049.99,014.73]	
0(0.5):A100,069.00,[100.00,026.89,014.38]	5(0.5):C180,070.00,[100.00,040.36,170.45]	10(0.5):A100,064.80,[100.00,037.36,026.09]	15(0.5):C180,064.50,[100.00,032.97,106.61]	20(0.5):A100,063.80,[100.00,043.50,019.88]	25(0.5):A100,067.50,[100.00,065.90,019.38]	30(0.5):A100,062.80,[100.00,006.59,040.45]	35(0.5):A100,061.30,[100.00,012.50,015.63]	40(0.5):A100,061.30,[100.00,016.72,015.85]	45(0.5):A100,063.60,[100.00,049.99,014.73]	
0(0.5):A100,069.50,[100.00,026.89,014.38]	5(0.5):C180,070.90,[100.00,040.36,175.23]	10(0.5):A100,065.30,[100.00,037.36,026.09]	15(0.5):C180,065.40,[100.00,032.97,143.30]	20(0.5):A100,064.30,[100.00,043.50,019.88]	25(0.5):A100,068.00,[100.00,065.90,019.38]	30(0.5):C000,062.80,[100.00,006.59,020.23]	35(0.5):A100,061.80,[100.00,012.50,015.63]	40(0.5):A100,061.80,[100.00,016.72,015.85]	45(0.5):A100,064.10,[100.00,049.99,014.73]	
0(0.5):A100,070.00,[100.00,026.89,014.38]	5(0.5):C000,070.90,[100.00,040.36,087.61]	10(0.5):A100,065.80,[100.00,037.36,026.09]	15(0.5):B000,065.40,[100.00,016.48,143.30]	20(0.5):A100,064.80,[100.00,043.50,019.88]	25(0.5):B220,069.10,[100.00,142.95,019.38]	30(0.5):A100,063.30,[100.00,006.59,020.23]	35(0.5):A100,062.30,[100.00,012.50,015.63]	40(0.5):A100,062.30,[100.00,016.72,015.85]	45(0.5):A100,064.60,[100.00,049.99,014.73]	
0(0.5):A100,070.50,[100.00,026.89,014.38]	5(0.5):C000,070.90,[100.00,040.36,043.81]	10(0.5):A100,066.30,[100.00,037.36,026.09]	15(0.5):C000,065.40,[100.00,016.48,071.65]	20(0.5):A100,065.30,[100.00,043.50,019.88]	25(0.5):B220,070.20,[100.00,181.47,019.38]	30(0.5):A100,063.80,[100.00,006.59,020.23]	35(0.5):A100,062.80,[100.00,012.50,015.63]	40(0.5):A100,062.80,[100.00,016.72,015.85]	45(0.5):A100,065.10,[100.00,049.99,014.73]	
0(0.5):A100,071.00,[100.00,026.89,014.38]	5(0.5):A100,071.40,[100.00,040.36,043.81]	10(0.5):A100,066.80,[100.00,037.36,026.09]	15(0.5):A100,065.90,[100.00,016.48,071.65]	20(0.5):A100,065.80,[100.00,043.50,019.88]	25(0.5):B000,070.20,[100.00,090.74,019.38]	30(0.5):A100,064.30,[100.00,006.59,020.23]	35(0.5):A100,063.30,[100.00,012.50,015.63]	40(0.5):A100,063.30,[100.00,016.72,015.85]	45(0.5):A100,065.60,[100.00,049.99,014.73]	
0(0.5):A100,071.50,[100.00,026.89,014.38]	5(0.5):A100,071.90,[100.00,040.36,043.81]	10(0.5):A100,067.30,[100.00,037.36,026.09]	15(0.5):A100,066.40,[100.00,016.48,071.65]	20(0.5):A100,066.30,[100.00,043.50,019.88]	25(0.5):A100,070.70,[100.00,090.74,019.38]	30(0.5):A100,064.80,[100.00,006.59,020.23]	35(0.5):A100,063.80,[100.00,012.50,015.63]	40(0.5):A100,063.80,[100.00,016.72,015.85]	45(0.5):A100,066.10,[100.00,049.99,014.73]	
0(0.5):A100,072.00,[100.00,026.89,014.38]	5(0.5):A100,072.40,[100.00,040.36,043.81]	10(0.5):A100,067.80,[100.00,037.36,026.09]	15(0.5):C000,066.40,[100.00,016.48,035.83]	20(0.5):A100,066.80,[100.00,043.50,019.88]	25(0.5):A100,071.20,[100.00,090.74,019.38]	30(0.5):A100,065.30,[100.00,006.59,020.23]	35(0.5):A100,064.30,[100.00,012.50,015.63]	40(0.5):A100,064.30,[100.00,016.72,015.85]	45(0.5):A100,066.60,[100.00,049.99,014.73]	
0(0.5):A100,072.50,[100.00,026.89,014.38]	5(0.5):A100,072.90,[100.00,040.36,043.81]	10(0.5):A100,068.30,[100.00,037.36,026.09]	15(0.5):A100,066.90,[100.00,016.48,035.83]	20(0.5):A100,067.30,[100.00,043.50,019.88]	25(0.5):B220,072.30,[100.00,155.37,019.38]	30(0.5):A100,065.80,[100.00,006.59,020.23]	35(0.5):A100,064.80,[100.00,012.50,015.63]	40(0.5):A100,064.80,[100.00,016.72,015.85]	45(0.5):A100,067.10,[100.00,049.99,014.73]	
0(0.5):A100,073.00,[100.00,026.89,014.38]	5(0.5):A100,073.40,[100.00,040.36,043.81]	10(0.5):A100,068.80,[100.00,037.36,026.09]	15(0.5):A100,067.40,[100.00,016.48,035.83]	20(0.5):A100,067.80,[100.00,043.50,019.88]	25(0.5):B000,072.30,[100.00,077.68,019.38]	30(0.5):A100,066.30,[100.00,006.59,020.23]	35(0.5):A100,065.30,[100.00,012.50,015.63]	40(0.5):A100,065.30,[100.00,016.72,015.85]	45(0.5):A100,067.60,[100.00,049.99,014.73]	
0(0.5):A100,073.50,[100.00,026.89,014.38]	5(0.5):A100,073.90,[100.00,040.36,043.81]	10(0.5):A100,069.30,[100.00,037.36,026.09]	15(0.5):A100,067.90,[100.00,016.48,035.83]	20(0.5):A100,068.30,[100.00,043.50,019.88]	25(0.5):B220,073.40,[100.00,148.84,019.38]	30(0.5):A100,066.80,[100.00,006.59,020.23]	35(0.5):A100,065.80,[100.00,012.50,015.63]	40(0.5):A100,065.80,[100.00,016.72,015.85]	45(0.5):A100,068.10,[100.00,049.99,014.73]	
0(0.5):A100,074.00,[100.00,026.89,014.38]	5(0.5):A100,074.40,[100.00,040.36,043.81]	10(0.5):A100,069.80,[100.00,037.36,026.09]	15(0.5):A100,068.40,[100.00,016.48,035.83]	20(0.5):A100,068.80,[100.00,043.50,019.88]	25(0.5):B000,073.40,[100.00,074.42,019.38]	30(0.5):A100,067.30,[100.00,006.59,020.23]	35(0.5):A100,066.30,[100.00,012.50,015.63]	40(0.5):A100,066.30,[100.00,016.72,015.85]	45(0.5):A100,068.60,[100.00,049.99,014.73]	
0(0.5):A100,074.50,[100.00,026.89,014.38]	5(0.5):A100,074.90,[100.00,040.36,043.81]	10(0.5):A100,070.30,[100.00,037.36,026.09]	15(0.5):A100,068.90,[100.00,016.48,035.83]	20(0.5):A100,069.30,[100.00,043.50,019.88]	25(0.5):A100,073.90,[100.00,074.42,019.38]	30(0.5):A100,067.80,[100.00,006.59,020.23]	35(0.5):A100,066.80,[100.00,012.50,015.63]	40(0.5):A100,066.80,[100.00,016.72,015.85]	45(0.5):A100,069.10,[100.00,049.99,014.73]	
0(0.5):A100,075.00,[100.00,026.89,014.38]	5(0.5):A100,075.40,[100.00,040.36,043.81]	10(0.5):A100,070.80,[100.00,037.36,026.09]	15(0.5):A100,069.40,[100.00,016.48,035.83]	20(0.5):A100,069.80,[100.00,043.50,019.88]	25(0.5):A100,074.40,[100.00,074.42,019.38]	30(0.5):A100,068.30,[100.00,006.59,020.23]	35(0.5):A100,067.30,[100.00,012.50,015.63]	40(0.5):A100,067.30,[100.00,016.72,015.85]	45(0.5):A100,069.60,[100.00,049.99,014.73]	
0(0.5):A100,075.50,[100.00,026.89,014.38]	5(0.5):A100,075.90,[100.00,040.36,043.81]	10(0.5):A100,071.30,[100.00,037.36,026.09]	15(0.5):A100,069.90,[100.00,016.48,035.83]	20(0.5):A100,070.30,[100.00,043.50,019.88]	25(0.5):A100,074.90,[100.00,074.42,019.38]	30(0.5):A100,068.80,[100.00,006.59,020.23]	35(0.5):A100,067.80,[100.00,012.50,015.63]	40(0.5):A100,067.80,[100.00,016.72,015.85]	45(0.5):A100,070.10,[100.00,049.99,014.73]	
0(0.5):A100,076.00,[100.00,026.89,014.38]	5(0.5):A100,076.40,[100.00,040.36,043.81]	10(0.5):A100,071.80,[100.00,037.36,026.09]	15(0.5):C000,069.90,[100.00,016.48,017.91]	20(0.5):A100,070.80,[100.00,043.50,019.88]	25(0.5):A100,075.40,[100.00,074.42,019.38]	30(0.5):A100,069.30,[100.00,006.59,020.23]	35(0.5):A100,068.30,[100.00,012.50,015.63]	40(0.5):A100,068.30,[100.00,016.72,015.85]	45(0.5):A100,070.60,[100.00,049.99,014.73]	
0(0.5):A100,076.50,[100.00,026.89,014.38]	5(0.5):C000,076.40,[100.00,040.36,021.90]	10(0.5):A100,072.30,[100.00,037.36,026.09]	15(0.5):A100,070.40,[100.00,016.48,017.91]	20(0.5):A100,071.30,[100.00,043.50,019.88]	25(0.5):A100,075.90,[100.00,074.42,019.38]	30(0.5):A100,069.80,[100.00,006.59,020.23]	35(0.5):A100,068.80,[100.00,012.50,015.63]	40(0.5):A100,068.80,[100.00,016.72,015.85]	45(0.5):A100,071.10,[100.00,049.99,014.73]	
0(0.5):A100,077.00,[100.00,026.89,014.38]	5(0.5):A100,076.90,[100.00,040.36,021.90]	10(0.5):A100,072.80,[100.00,037.36,026.09]	15(0.5):A100,070.90,[100.00,016.48,017.91]	20(0.5):A100,071.80,[100.00,043.50,019.88]	25(0.5):A100,076.40,[100.00,074.42,019.38]	30(0.5):A100,070.30,[100.00,006.59,020.23]	35(0.5):A100,069.30,[100.00,012.50,015.63]	40(0.5):A100,069.30,[100.00,016.72,015.85]	45(0.5):A100,071.60,[100.00,049.99,014.73]	
0(0.5):A100,077.50,[100.00,026.89,014.38]	5(0.5):A100,077.40,[100.00,040.36,021.90]	10(0.5):A100,073.30,[100.00,037.36,026.09]	15(0.5):A100,071.40,[100.00,016.48,017.91]	20(0.5):A100,072.30,[100.00,043.50,019.88]	25(0.5):A100,076.90,[100.00,074.42,019.38]	30(0.5):A100,070.80,[100.00,006.59,020.23]	35(0.5):A100,069.80,[100.00,012.50,015.63]	40(0.5):A100,069.80,[100.00,016.72,015.85]	45(0.5):A100,072.10,[100.00,049.99,014.73]	
0(0.5):A100,078.00,[100.00,026.89,014.38]	5(0.5):A100,077.90,[100.00,040.36,021.90]	10(0.5):A100,073.80,[100.00,037.36,026.09]	15(0.5):A100,071.90,[100.00,016.48,017.91]	20(0.5):A100,072.80,[100.00,043.50,019.88]	25(0.5):B000,076.90,[100.00,037.21,019.38]	30(0.5):A100,071.30,[100.00,006.59,020.23]	35(0.5):A100,070.30,[100.00,012.50,015.63]	40(0.5):A100,070.30,[100.00,016.72,015.85]	45(0.5):A100,072.60,[100.00,049.99,014.73]	
0(0.5):A100,078.50,[100.00,026.89,014.38]	5(0.5):A100,078.40,[100.00,040.36,021.90]	10(0.5):A100,074.30,[100.00,037.36,026.09]	15(0.5):A100,072.40,[100.00,016.48,017.91]	20(0.5):A100,073.30,[100.00,043.50,019.88]	25(0.5):A100,077.40,[100.00,037.21,019.38]	30(0.5):A100,071.80,[100.00,006.59,020.23]	35(0.5):A100,070.80,[100.00,012.50,015.63]	40(0.5):A100,070.80,[100.00,016.72,015.85]	45(0.5):A100,073.10,[100.00,049.99,014.73]	
0(0.5):A100,079.00,[100.00,026.89,014.38]	5(0.5):A100,078.90,[100.00,040.36,021.90]	10(0.5):A100,074.80,[100.00,037.36,026.09]	15(0.5):A100,072.90,[100.00,016.48,017.91]	20(0.5):A100,073.80,[100.00,043.50,019.88]	25(0.5):A100,077.90,[100.00,037.21,019.38]	30(0.5):A100,072.30,[100.00,006.59,020.23]	35(0.5):A100,071.30,[100.00,012.50,015.63]	40(0.5):A100,071.30,[100.00,016.72,015.85]	45(0.5):A100,073.60,[100.00,049.99,014.73]	
0(0.5):A100,079.50,[100.00,026.89,014.38]	5(0.5):A100,079.40,[100.00,040.36,021.90]	10(0.5):A100,075.30,[100.00,037.36,026.09]	15(0.5):A100,073.40,[100.00,016.48,017.91]	20(0.5):A100,074.30,[100.00,043.50,019.88]	25(0.5):A100,078.40,[100.00,037.21,019.38]	30(0.5):A100,072.80,[100.00,006.59,020.23]	35(0.5):A100,071.80,[100.00,012.50,015.63]	40(0.5):A100,071.80,[100.00,016.72,015.85]	45(0.5):A100,074.10,[100.00,049.99,014.73]	
0(0.5):A100,080.00,[100.00,026.89,014.38]	5(0.5):A100,079.90,[100.00,040.36,021.90]	10(0.5):A100,075.80,[100.00,037.36,026.09]	15(0.5):A100,073.90,[100.00,016.48,017.91]	20(0.5):A100,074.80,[100.00,043.50,019.88]	25(0.5):A100,078.90,[100.00,037.21,019.38]	30(0.5):A100,073.30,[100.00,006.59,020.23]	35(0.5):A100,072.30,[100.00,012.50,015.63]	40(0.5):A100,072.30,[100.00,016.72,015.85]	45(0.5):A100,074.60,[100.00,049.99,014.73]	
0(0.5):A100,080.50,[100.00,026.89,014.38]	5(0.5):A100,080.40,[100.00,040.36,021.90]	10(0.5):A100,076.30,[100.00,037.36,026.09]	15(0.5):A100,074.40,[100.00,016.48,017.91]	20(0.5):A100,075.30,[100.00,043.50,019.88]	25(0.5):B000,078.90,[100.00,018.61,019.38]	30(0.5):A100,073.80,[100.00,006.59,020.23]	35(0.5):A100,072.80,[100.00,012.50,015.63]	40(0.5):A100,072.80,[100.00,016.72,015.85]	45(0.5):A100,075.10,[100.00,049.99,014.73]	
0(0.5):A100,081.00,[100.00,026.89,014.38]	5(0.5):A100,080.90,[100.00,040.36,021.90]	10(0.5):A100,076.80,[100.00,037.36,026.09]	15(0.5):A100,074.90,[100.00,016.48,017.91]	20(0.5):A100,075.80,[100.00,043.50,019.88]	25(0.5):A100,079.40,[100.00,018.61,019.38]	30(0.5):A100,074.30,[100.00,006.59,020.23]	35(0.5):A100,073.30,[100.00,012.50,015.63]	40(0.5):A100,073.30,[100.00,016.72,015.85]	45(0.5):A100,075.60,[100.00,049.99,014.73]	
0(0.5):A100,081.50,[100.00,026.89,014.38]	5(0.5):A100,081.40,[100.00,040.36,021.90]	10(0.5):A100,077.30,[100.00,037.36,026.09]	15(0.5):C000,074.90,[100.00,016.48,008.96]	20(0.5):A100,076.30,[100.00,043.50,019.88]	25(0.5):A100,079.90,[100.00,018.61,019.38]	30(0.5):A100,074.80,[100.00,006.59,020.23]	35(0.5):A100,073.80,[100.00,012.50,015.63]	40(0.5):A100,073.80,[100.00,016.72,015.85]	45(0.5):A100,076.10,[100.00,049.99,014.73]	
0(0.5):A100,082.00,[100.00,026.89,014.38]	5(0.5):A100,081.90,[100.00,040.36,021.90]	10(0.5):A100,077.80,[100.00,037.36,026.09]	15(0.5):A100,075.40,[100.00,016.48,008.96]	20(0.5):A100,076.80,[100.00,043.50,019.88]	25(0.5):A100,080.40,[100.00,018.61,019.38]	30(0.5):A100,075.30,[100.00,006.59,020.23]	35(0.5):A100,074.30,[100.00,012.50,015.63]	40(0.5):A100,074.30,[100.00,016.72,015.85]	45(0.5):A100,076.60,[100.00,049.99,014.73]	
0(0.5):A100,082.50,[100.00,026.89,014.38]	5(0.5):A100,082.40,[100.00,040.36,021.90]	10(0.5):A100,078.30,[100.00,037.36,026.09]	15(0.5):A100,075.90,[100.00,016.48,008.96]	20(0.5):A100,077.30,[100.00,043.50,019.88]	25(0.5):A100,080.90,[100.00,018.61,019.38]	30(0.5):A100,075.80,[100.00,006.59,020.23]	35(0.5):A100,074.80,[100.00,012.50,015.63]	40(0.5):A100,074.80,[100.00,016.72,015.85]	45(0.5):A100,077.10,[100.00,049.99,014.73]	
0(0.5):A100,083.00,[100.00,026.89,014.38]	5(0.5):A100,082.90,[100.00,040.36,021.90]	10(0.5):A100,078.80,[100.00,037.36,026.09]	15(0.5):A100,076.40,[100.00,016.48,008.96]	20(0.5):A100,077.80,[100.00,043.50,019.88]	25(0.5):A100,081.40,[100.00,018.61,019.38]	30(0.5):A100,076.30,[100.00,006.59,020.23]	35(0.5):A100,075.30,[100.00,012.50,015.63]	40(0.5):A100,075.30,[100.00,016.72,015.85]	45(0.5):A100,077.60,[100.00,049.99,014.73]	
0(0.5):A100,083.50,[100.00,026.89,014.38]	5(0.5):A100,083.40,[100.00,040.36,021.90]	10(0.5):A100,079.30,[100.00,037.36,026.09]	15(0.5):A100,076.90,[100.00,016.48,008.96]	20(0.5):A100,078.30,[100.00,043.50,019.88]	25(0.5):A100,081.90,[100.00,018.61,019.38]	30(0.5):A100,076.80,[100.00,006.59,020.23]	35(0.5):A100,075.80,[100.00,012.50,015.63]	40(0.5):A100,075.80,[100.00,016.72,015.85]	45(0.5):A100,078.10,[100.00,049.99,014.73]	
0(0.5):A100,084.00,[100.00,026.89,014.38]	5(0.5):A100,083.90,[100.00,040.36,021.90]	10(0.5):A100,079.80,[100.00,037.36,026.09]	15(0.5):A100,077.40,[100.00,016.48,008.96]	20(0.5):A100,078.80,[100.00,043.50,019.88]	25(0.5):A100,082.40,[100.00,018.61,019.38]	30(0.5):A100,077.30,[100.00,006.59,020.23]	35(0.5):A100,076.30,[100.00,012.50,015.63]	40(0.5):A100,076.30,[100.00,016.72,015.85]	45(0.5):A100,078.60,[100.00,049.99,014.73]	
0(0.5):A100,084.50,[100.00,026.89,014.38]	5(0.5):A100,084.40,[100.00,040.36,021.90]	10(0.5):A100,080.30,[100.00,037.36,026.09]	15(0.5):A100,077.90,[100.00,016.48,008.96]	20(0.5):A100,079.30,[100.00,043.50,019.88]	25(0.5):A100,082.90,[100.00,018.61,019.38]	30(0.5):A100,077.80,[100.00,006.59,020.23]	35(0.5):A100,076.80,[100.00,012.50,015.63]	40(0.5):A100,076.80,[100.00,016.72,015.85]	45(0.5):A100,079.10,[100.00,049.99,014.73]	
0(0.5):A100,085.00,[100.00,026.89,014.38]	5(0.5):A100,084.90,[100.00,040.36,021.90]	10(0.5):A100,080.80,[100.00,037.36,026.09]	15(0.5):A100,078.40,[100.00,016.48,008.96]	20(0.5):A100,079.80,[100.00,043.50,019.88]	25(0.5):A100,083.40,[100.00,018.61,019.38]	30(0.5):A100,078.30,[100.00,006.59,020.23]	35(0.5):A100,077.30,[100.00,012.50,015.63]	40(0.5):A100,077.30,[100.00,016.72,015.85]	45(0.5):A100,079.60,[100.00,049.99,014.73]	
0(0.5):A100,085.50,[100.00,026.89,014.38]	5(0.5):A100,085.40,[100.00,040.36,021.90]	10(0.5):A100,081.30,[100.00,037.36,026.09]	15(0.5):A100,078.90,[100.00,016.48,008.96]	20(0.5):A100,080.30,[100.00,043.50,019.88]	25(0.5):A100,083.90,[100.00,018.61,019.38]	30(0.5):A100,078.80,[100.00,006.59,020.23]	35(0.5):A100,077.80,[100.00,012.50,015.63]	40(0.5):A100,077.80,[100.00,016.72,015.85]	45(0.5):A100,080.10,[100.00,049.99,014.73]	
0(0.5):A100,086.00,[100.00,026.89,014.38]	5(0.5):A100,085.90,[100.00,040.36,021.90]	10(0.5):A100,081.80,[100.00,037.36,026.09]	15(0.5):A100,079.40,[100.00,016.48,008.96]	20(0.5):A100,080.80,[100.00,043.50,019.88]	25(0.5):C180,084.80,[100.00,018.61,099.69]	30(0.5):A100,079.30,[100.00,006.59,020.23]	35(0.5):A100,078.30,[100.00,012.50,015.63]	40(0.5):A100,078.30,[100.00,016.72,015.85]	45(0.5):A100,080.60,[100.00,049.99,014.73]	
0(0.5):A100,086.50,[100.00,026.89,014.38]	5(0.5):C000,085.90,[100.00,040.36,010.95]	10(0.5):A100,082.30,[100.00,037.36,026.09]	15(0.5):A100,079.90,[100.00,016.48,008.96]	20(0.5):A100,081.30,[100.00,043.50,019.88]	25(0.5):A100,085.30,[100.00,018.61,099.69]	30(0.5):A100,079.80,[100.00,006.59,020.23]	35(0.5):A100,078.80,[100.00,012.50,015.63]	40(0.5):A100,078.80,[100.00,016.72,015.85]	45(0.5):A100,081.10,[100.00,049.99,014.73]	
0(0.5):A100,087.00,[100.00,026.89,014.38]	5(0.5):A100,086.40,[100.00,040.36,010.95]	10(0.5):A100,082.80,[100.00,037.36,026.09]	15(0.5):A100,080.40,[100.00,016.48,008.96]	20(0.5):A100,081.80,[100.00,043.50,019.88]	25(0.5):A100,085.80,[100.00,018.61,099.69]	30(0.5):A100,080.30,[100.00,006.59,020.23]	35(0.5):A100,079.30,[100.00,012.50,015.63]	40(0.5):A100,079.30,[100.00,016.72,015.85]	45(0.5):A100,081.60,[100.00,049.99,014.73]	
0(0.5):A100,087.50,[100.00,026.89,014.38]	5(0.5):A100,086.90,[100.00,040.36,010.95]	10(0.5):A100,083.30,[100.00,037.36,026.09]	15(0.5):A100,080.90,[100.00,016.48,008.96]	20(0.5):A100,082.30,[100.00,043.50,019.88]	25(0.5):C000,085.80,[100.00,018.61,049.85]	30(0.5):A100,080.80,[100.00,006.59,020.23]	35(0.5):A100,079.80,[100.00,012.50,015.63]	40(0.5):A100,079.80,[100.00,016.72,015.85]	45(0.5):A100,082.10,[100.00,049.99,014.73]	
0(0.5):A100,088.00,[100.00,026.89,014.38]	5(0.5):A100,087.40,[100.00,040.36,010.95]	10(0.5):A100,083.80,[100.00,037.36,026.09]	15(0.5):A100,081.40,[100.00,016.48,008.96]	20(0.5):B220,083.40,[100.00,131.75,019.88]	25(0.5):A100,086.30,[100.00,018.61,049.85]	30(0.5):A100,081.30,[100.00,006.59,020.23]	35(0.5):A100,080.30,[100.00,012.50,015.63]	40(0.5):A100,080.30,[100.00,016.72,015.85]	45(0.5):A100,082.60,[100.00,049.99,014.73]	
0(0.5):A100,088.50,[100.00,026.89,014.38]	5(0.5):A100,087.90,[100.00,040.36,010.95]	10(0.5):A100,084.30,[100.00,037.36,026.09]	15(0.5):A100,081.90,[100.00,016.48,008.96]	20(0.5):B000,083.40,[100.00,065.87,019.88]	25(0.5):A100,086.80,[100.00,018.61,049.85]	30(0.5):A100,081.80,[100.00,006.59,020.23]	35(0.5):A100,080.80,[100.00,012.50,015.63]	40(0.5):A100,080.80,[100.00,016.72,015.85]	45(0.5):B220,083.70,[100.00,134.99,014.73]	
0(0.5):A100,089.00,[100.00,026.89,014.38]	5(0.5):A100,088.40,[100.00,040.36,010.95]	10(0.5):A100,084.80,[100.00,037.36,026.09]	15(0.5):A100,082.40,[100.00,016.48,008.96]	20(0.5):A100,083.90,[100.00,065.87,019.88]	25(0.5):A100,087.30,[100.00,018.61,049.85]	30(0.5):A100,082.30,[100.00,006.59,020.23]	35(0.5):A100,081.30,[100.00,012.50,015.63]	40(0.5):A100,081.30,[100.00,016.72,015.85]	45(0.5):B220,084.80,[100.00,177.50,014.73]	
0(0.5):A100,089.50,[100.00,026.89,014.38]	5(0.5):A100,088.90,[100.00,040.36,010.95]	10(0.5):A100,085.30,[100.00,037.36,026.09]	15(0.5):A100,082.90,[100.00,016.48,008.96]	20(0.5):A100,084.40,[100.00,065.87,019.88]	25(0.5):A100,087.80,[100.00,018.61,049.85]	30(0.5):A100,082.80,[100.00,006.59,020.23]	35(0.5):A100,081.80,[100.00,012.50,015.63]	40(0.5):A100,081.80,[100.00,016.72,015.85]	45(0.5):B000,084.80,[100.00,088.75,014.73]	
0(0.5):A100,090.00,[100.00,026.89,014.38]	5(0.5):A100,089.40,[100.00,040.36,010.95]	10(0.5):A100,085.80,[100.00,037.36,026.09]	15(0.5):A100,083.40,[100.00,016.48,008.96]	20(0.5):A100,084.90,[100.00,065.87,019.88]	25(0.5):A100,088.30,[100.00,018.61,049.85]	30(0.5):A100,083.30,[100.00,006.59,020.23]	35(0.5):A100,082.30,[100.00,012.50,015.63]	40(0.5):A100,082.30,[100.00,016.72,015.85]	45(0.5):A100,085.30,[100.00,088.75,014.73]	
0(0.5):A100,090.50,[100.00,026.89,014.38]	5(0.5):A100,089.90,[100.00,040.36,010.95]	10(0.5):A100,086.30,[100.00,037.36,026.09]	15(0.5):A100,083.90,[100.00,016.48,008.96]	20(0.5):A100,085.40,[100.00,065.87,019.88]	25(0.5):A100,088.80,[100.00,018.61,049.85]	30(0.5):A100,083.80,[100.00,006.59,020.23]	35(0.5):A100,082.80,[100.00,012.50,015.63]	40(0.5):A100,082