each row consists of groups of data for each agent, in form:	agentNum(learningParameter):choice,fitness,[expA,expB,expC]where choice has letter chosen and reward received
each column consists of every trial for the same agent.
this entire file is from Generation 0

0(0.5):B220,000.00,[100.00,160.00,100.00]	5(0.5):A100,000.00,[100.00,100.00,100.00]	10(0.5):C180,000.00,[100.00,100.00,140.00]	15(0.5):B000,000.00,[100.00,050.00,100.00]	20(0.5):C000,000.00,[100.00,100.00,050.00]	25(0.5):B000,000.00,[100.00,050.00,100.00]	30(0.5):A100,000.00,[100.00,100.00,100.00]	35(0.5):B220,000.00,[100.00,160.00,100.00]	40(0.5):B000,000.00,[100.00,050.00,100.00]	45(0.5):B220,000.00,[100.00,160.00,100.00]	
0(0.5):B000,000.00,[100.00,080.00,100.00]	5(0.5):B000,000.00,[100.00,050.00,100.00]	10(0.5):C000,000.00,[100.00,100.00,070.00]	15(0.5):A100,000.00,[100.00,050.00,100.00]	20(0.5):C180,000.00,[100.00,100.00,115.00]	25(0.5):A100,000.00,[100.00,050.00,100.00]	30(0.5):C180,000.00,[100.00,100.00,140.00]	35(0.5):B000,000.00,[100.00,080.00,100.00]	40(0.5):B220,000.00,[100.00,135.00,100.00]	45(0.5):B000,000.00,[100.00,080.00,100.00]	
0(0.5):C000,000.00,[100.00,080.00,050.00]	5(0.5):A100,000.00,[100.00,050.00,100.00]	10(0.5):B000,000.00,[100.00,050.00,070.00]	15(0.5):C000,000.00,[100.00,050.00,050.00]	20(0.5):A100,000.00,[100.00,100.00,115.00]	25(0.5):C000,000.00,[100.00,050.00,050.00]	30(0.5):C000,000.00,[100.00,100.00,070.00]	35(0.5):C180,000.00,[100.00,080.00,140.00]	40(0.5):B000,000.00,[100.00,067.50,100.00]	45(0.5):A100,000.00,[100.00,080.00,100.00]	
0(0.5):A100,000.00,[100.00,080.00,050.00]	5(0.5):C180,000.00,[100.00,050.00,140.00]	10(0.5):C000,000.00,[100.00,050.00,035.00]	15(0.5):A100,000.00,[100.00,050.00,050.00]	20(0.5):C180,000.00,[100.00,100.00,147.50]	25(0.5):A100,000.00,[100.00,050.00,050.00]	30(0.5):A100,000.00,[100.00,100.00,070.00]	35(0.5):C180,000.00,[100.00,080.00,160.00]	40(0.5):B220,000.00,[100.00,143.75,100.00]	45(0.5):C000,000.00,[100.00,080.00,050.00]	
0(0.5):A100,000.00,[100.00,080.00,050.00]	5(0.5):C180,000.00,[100.00,050.00,160.00]	10(0.5):A100,000.00,[100.00,050.00,035.00]	15(0.5):A100,000.00,[100.00,050.00,050.00]	20(0.5):C000,000.00,[100.00,100.00,073.75]	25(0.5):A100,000.00,[100.00,050.00,050.00]	30(0.5):B000,000.00,[100.00,050.00,070.00]	35(0.5):A100,000.00,[100.00,080.00,160.00]	40(0.5):B220,000.00,[100.00,181.88,100.00]	45(0.5):B220,000.00,[100.00,150.00,050.00]	
0(0.5):A100,000.00,[100.00,080.00,050.00]	5(0.5):A100,000.00,[100.00,050.00,160.00]	10(0.5):A100,000.00,[100.00,050.00,035.00]	15(0.5):A100,000.00,[100.00,050.00,050.00]	20(0.5):A100,000.00,[100.00,100.00,073.75]	25(0.5):C000,000.00,[100.00,050.00,025.00]	30(0.5):C000,000.00,[100.00,050.00,035.00]	35(0.5):C000,000.00,[100.00,080.00,080.00]	40(0.5):B220,000.00,[100.00,200.94,100.00]	45(0.5):A100,000.00,[100.00,150.00,050.00]	
0(0.5):B220,000.00,[100.00,150.00,050.00]	5(0.5):C000,000.00,[100.00,050.00,080.00]	10(0.5):A100,000.00,[100.00,050.00,035.00]	15(0.5):A100,000.00,[100.00,050.00,050.00]	20(0.5):B000,000.00,[100.00,050.00,073.75]	25(0.5):A100,000.00,[100.00,050.00,025.00]	30(0.5):A100,000.00,[100.00,050.00,035.00]	35(0.5):A100,000.00,[100.00,080.00,080.00]	40(0.5):B000,000.00,[100.00,100.47,100.00]	45(0.5):B220,000.00,[100.00,185.00,050.00]	
0(0.5):B220,000.00,[100.00,185.00,050.00]	5(0.5):A100,000.00,[100.00,050.00,080.00]	10(0.5):A100,000.00,[100.00,050.00,035.00]	15(0.5):A100,000.00,[100.00,050.00,050.00]	20(0.5):A100,000.00,[100.00,050.00,073.75]	25(0.5):A100,000.00,[100.00,050.00,025.00]	30(0.5):A100,000.00,[100.00,050.00,035.00]	35(0.5):A100,000.00,[100.00,080.00,080.00]	40(0.5):A100,000.00,[100.00,100.47,100.00]	45(0.5):B220,000.00,[100.00,202.50,050.00]	
0(0.5):B000,000.00,[100.00,092.50,050.00]	5(0.5):C180,000.00,[100.00,050.00,130.00]	10(0.5):A100,000.00,[100.00,050.00,035.00]	15(0.5):A100,000.00,[100.00,050.00,050.00]	20(0.5):A100,000.00,[100.00,050.00,073.75]	25(0.5):A100,000.00,[100.00,050.00,025.00]	30(0.5):A100,000.00,[100.00,050.00,035.00]	35(0.5):A100,000.00,[100.00,080.00,080.00]	40(0.5):A100,000.00,[100.00,100.47,100.00]	45(0.5):B000,000.00,[100.00,101.25,050.00]	
0(0.5):A100,000.00,[100.00,092.50,050.00]	5(0.5):C180,000.00,[100.00,050.00,155.00]	10(0.5):A100,000.00,[100.00,050.00,035.00]	15(0.5):A100,000.00,[100.00,050.00,050.00]	20(0.5):A100,000.00,[100.00,050.00,073.75]	25(0.5):A100,000.00,[100.00,050.00,025.00]	30(0.5):A100,000.00,[100.00,050.00,035.00]	35(0.5):A100,000.00,[100.00,080.00,080.00]	40(0.5):B220,000.00,[100.00,160.23,100.00]	45(0.5):A100,000.00,[100.00,101.25,050.00]	
0(0.5):B000,000.00,[100.00,046.25,050.00]	5(0.5):C180,000.00,[100.00,050.00,167.50]	10(0.5):A100,000.00,[100.00,050.00,035.00]	15(0.5):A100,000.00,[100.00,050.00,050.00]	20(0.5):A100,000.00,[100.00,050.00,073.75]	25(0.5):A100,000.00,[100.00,050.00,025.00]	30(0.5):A100,000.00,[100.00,050.00,035.00]	35(0.5):A100,000.00,[100.00,080.00,080.00]	40(0.5):B220,000.00,[100.00,190.12,100.00]	45(0.5):C180,000.00,[100.00,101.25,115.00]	
0(0.5):A100,000.00,[100.00,046.25,050.00]	5(0.5):C000,000.00,[100.00,050.00,083.75]	10(0.5):A100,000.00,[100.00,050.00,035.00]	15(0.5):B000,000.00,[100.00,025.00,050.00]	20(0.5):B000,000.00,[100.00,025.00,073.75]	25(0.5):A100,000.00,[100.00,050.00,025.00]	30(0.5):A100,000.00,[100.00,050.00,035.00]	35(0.5):A100,000.00,[100.00,080.00,080.00]	40(0.5):B000,000.00,[100.00,095.06,100.00]	45(0.5):C000,000.00,[100.00,101.25,057.50]	
0(0.5):A100,000.00,[100.00,046.25,050.00]	5(0.5):C000,000.00,[100.00,050.00,041.88]	10(0.5):A100,000.00,[100.00,050.00,035.00]	15(0.5):A100,000.00,[100.00,025.00,050.00]	20(0.5):A100,000.00,[100.00,025.00,073.75]	25(0.5):A100,000.00,[100.00,050.00,025.00]	30(0.5):A100,000.00,[100.00,050.00,035.00]	35(0.5):A100,000.00,[100.00,080.00,080.00]	40(0.5):C000,000.00,[100.00,095.06,050.00]	45(0.5):A100,000.00,[100.00,101.25,057.50]	
0(0.5):A100,000.00,[100.00,046.25,050.00]	5(0.5):A100,000.00,[100.00,050.00,041.88]	10(0.5):A100,000.00,[100.00,050.00,035.00]	15(0.5):C180,000.00,[100.00,025.00,115.00]	20(0.5):A100,000.00,[100.00,025.00,073.75]	25(0.5):A100,000.00,[100.00,050.00,025.00]	30(0.5):A100,000.00,[100.00,050.00,035.00]	35(0.5):A100,000.00,[100.00,080.00,080.00]	40(0.5):B220,000.00,[100.00,157.53,050.00]	45(0.5):B220,000.00,[100.00,160.63,057.50]	
0(0.5):A100,000.00,[100.00,046.25,050.00]	5(0.5):A100,000.00,[100.00,050.00,041.88]	10(0.5):A100,000.00,[100.00,050.00,035.00]	15(0.5):C000,000.00,[100.00,025.00,057.50]	20(0.5):A100,000.00,[100.00,025.00,073.75]	25(0.5):A100,000.00,[100.00,050.00,025.00]	30(0.5):A100,000.00,[100.00,050.00,035.00]	35(0.5):A100,000.00,[100.00,080.00,080.00]	40(0.5):B000,000.00,[100.00,078.76,050.00]	45(0.5):B220,000.00,[100.00,190.31,057.50]	
0(0.5):A100,000.00,[100.00,046.25,050.00]	5(0.5):A100,000.00,[100.00,050.00,041.88]	10(0.5):A100,000.00,[100.00,050.00,035.00]	15(0.5):A100,000.00,[100.00,025.00,057.50]	20(0.5):A100,000.00,[100.00,025.00,073.75]	25(0.5):A100,000.00,[100.00,050.00,025.00]	30(0.5):A100,000.00,[100.00,050.00,035.00]	35(0.5):A100,000.00,[100.00,080.00,080.00]	40(0.5):C000,000.00,[100.00,078.76,025.00]	45(0.5):B000,000.00,[100.00,095.16,057.50]	
0(0.5):A100,000.00,[100.00,046.25,050.00]	5(0.5):A100,000.00,[100.00,050.00,041.88]	10(0.5):B000,000.00,[100.00,025.00,035.00]	15(0.5):C180,000.00,[100.00,025.00,118.75]	20(0.5):B000,000.00,[100.00,012.50,073.75]	25(0.5):A100,000.00,[100.00,050.00,025.00]	30(0.5):A100,000.00,[100.00,050.00,035.00]	35(0.5):C180,000.00,[100.00,080.00,130.00]	40(0.5):A100,000.00,[100.00,078.76,025.00]	45(0.5):A100,000.00,[100.00,095.16,057.50]	
0(0.5):A100,000.00,[100.00,046.25,050.00]	5(0.5):A100,000.00,[100.00,050.00,041.88]	10(0.5):A100,000.00,[100.00,025.00,035.00]	15(0.5):C000,000.00,[100.00,025.00,059.38]	20(0.5):A100,000.00,[100.00,012.50,073.75]	25(0.5):A100,000.00,[100.00,050.00,025.00]	30(0.5):A100,000.00,[100.00,050.00,035.00]	35(0.5):C000,000.00,[100.00,080.00,065.00]	40(0.5):A100,000.00,[100.00,078.76,025.00]	45(0.5):B000,000.00,[100.00,047.58,057.50]	
0(0.5):A100,000.00,[100.00,046.25,050.00]	5(0.5):B220,000.00,[100.00,135.00,041.88]	10(0.5):A100,000.00,[100.00,025.00,035.00]	15(0.5):A100,000.00,[100.00,025.00,059.38]	20(0.5):A100,000.00,[100.00,012.50,073.75]	25(0.5):A100,000.00,[100.00,050.00,025.00]	30(0.5):A100,000.00,[100.00,050.00,035.00]	35(0.5):A100,000.00,[100.00,080.00,065.00]	40(0.5):A100,000.00,[100.00,078.76,025.00]	45(0.5):A100,000.00,[100.00,047.58,057.50]	
0(0.5):A100,000.00,[100.00,046.25,050.00]	5(0.5):B000,000.00,[100.00,067.50,041.88]	10(0.5):A100,000.00,[100.00,025.00,035.00]	15(0.5):A100,000.00,[100.00,025.00,059.38]	20(0.5):A100,000.00,[100.00,012.50,073.75]	25(0.5):A100,000.00,[100.00,050.00,025.00]	30(0.5):A100,000.00,[100.00,050.00,035.00]	35(0.5):A100,000.00,[100.00,080.00,065.00]	40(0.5):A100,000.00,[100.00,078.76,025.00]	45(0.5):A100,000.00,[100.00,047.58,057.50]	
0(0.5):C000,000.00,[100.00,046.25,025.00]	5(0.5):A100,000.00,[100.00,067.50,041.88]	10(0.5):A100,000.00,[100.00,025.00,035.00]	15(0.5):C180,000.00,[100.00,025.00,119.69]	20(0.5):C000,000.00,[100.00,012.50,036.88]	25(0.5):A100,000.00,[100.00,050.00,025.00]	30(0.5):A100,000.00,[100.00,050.00,035.00]	35(0.5):A100,000.00,[100.00,080.00,065.00]	40(0.5):A100,000.00,[100.00,078.76,025.00]	45(0.5):A100,000.00,[100.00,047.58,057.50]	
0(0.5):A100,000.00,[100.00,046.25,025.00]	5(0.5):A100,000.00,[100.00,067.50,041.88]	10(0.5):A100,000.00,[100.00,025.00,035.00]	15(0.5):A100,000.00,[100.00,025.00,119.69]	20(0.5):A100,000.00,[100.00,012.50,036.88]	25(0.5):A100,000.00,[100.00,050.00,025.00]	30(0.5):A100,000.00,[100.00,050.00,035.00]	35(0.5):A100,000.00,[100.00,080.00,065.00]	40(0.5):A100,000.00,[100.00,078.76,025.00]	45(0.5):C180,000.00,[100.00,047.58,118.75]	
0(0.5):A100,000.00,[100.00,046.25,025.00]	5(0.5):A100,000.00,[100.00,067.50,041.88]	10(0.5):A100,000.00,[100.00,025.00,035.00]	15(0.5):C180,000.00,[100.00,025.00,149.84]	20(0.5):A100,000.00,[100.00,012.50,036.88]	25(0.5):B000,000.00,[100.00,025.00,025.00]	30(0.5):A100,000.00,[100.00,050.00,035.00]	35(0.5):B220,000.00,[100.00,150.00,065.00]	40(0.5):A100,000.00,[100.00,078.76,025.00]	45(0.5):C180,000.00,[100.00,047.58,149.38]	
0(0.5):A100,000.00,[100.00,046.25,025.00]	5(0.5):A100,000.00,[100.00,067.50,041.88]	10(0.5):A100,000.00,[100.00,025.00,035.00]	15(0.5):C180,000.00,[100.00,025.00,164.92]	20(0.5):A100,000.00,[100.00,012.50,036.88]	25(0.5):A100,000.00,[100.00,025.00,025.00]	30(0.5):C180,000.00,[100.00,050.00,107.50]	35(0.5):C180,000.00,[100.00,150.00,122.50]	40(0.5):A100,000.00,[100.00,078.76,025.00]	45(0.5):C180,000.00,[100.00,047.58,164.69]	
0(0.5):A100,000.00,[100.00,046.25,025.00]	5(0.5):C000,000.00,[100.00,067.50,020.94]	10(0.5):A100,000.00,[100.00,025.00,035.00]	15(0.5):C180,000.00,[100.00,025.00,172.46]	20(0.5):A100,000.00,[100.00,012.50,036.88]	25(0.5):A100,000.00,[100.00,025.00,025.00]	30(0.5):A100,000.00,[100.00,050.00,107.50]	35(0.5):A100,000.00,[100.00,150.00,122.50]	40(0.5):A100,000.00,[100.00,078.76,025.00]	45(0.5):C000,000.00,[100.00,047.58,082.34]	
0(0.5):B220,000.00,[100.00,133.13,025.00]	5(0.5):A100,000.00,[100.00,067.50,020.94]	10(0.5):A100,000.00,[100.00,025.00,035.00]	15(0.5):C180,000.00,[100.00,025.00,176.23]	20(0.5):A100,000.00,[100.00,012.50,036.88]	25(0.5):B000,000.00,[100.00,012.50,025.00]	30(0.5):A100,000.00,[100.00,050.00,107.50]	35(0.5):B000,000.00,[100.00,075.00,122.50]	40(0.5):A100,000.00,[100.00,078.76,025.00]	45(0.5):C180,000.00,[100.00,047.58,131.17]	
0(0.5):A100,000.00,[100.00,133.13,025.00]	5(0.5):A100,000.00,[100.00,067.50,020.94]	10(0.5):A100,000.00,[100.00,025.00,035.00]	15(0.5):C000,000.00,[100.00,025.00,088.12]	20(0.5):A100,000.00,[100.00,012.50,036.88]	25(0.5):A100,000.00,[100.00,012.50,025.00]	30(0.5):A100,000.00,[100.00,050.00,107.50]	35(0.5):C180,000.00,[100.00,075.00,151.25]	40(0.5):A100,000.00,[100.00,078.76,025.00]	45(0.5):C000,000.00,[100.00,047.58,065.59]	
0(0.5):B220,000.00,[100.00,176.56,025.00]	5(0.5):A100,000.00,[100.00,067.50,020.94]	10(0.5):A100,000.00,[100.00,025.00,035.00]	15(0.5):C000,000.00,[100.00,025.00,044.06]	20(0.5):A100,000.00,[100.00,012.50,036.88]	25(0.5):A100,000.00,[100.00,012.50,025.00]	30(0.5):A100,000.00,[100.00,050.00,107.50]	35(0.5):C180,000.00,[100.00,075.00,165.63]	40(0.5):A100,000.00,[100.00,078.76,025.00]	45(0.5):A100,000.00,[100.00,047.58,065.59]	
0(0.5):B220,000.00,[100.00,198.28,025.00]	5(0.5):A100,000.00,[100.00,067.50,020.94]	10(0.5):A100,000.00,[100.00,025.00,035.00]	15(0.5):A100,000.00,[100.00,025.00,044.06]	20(0.5):A100,000.00,[100.00,012.50,036.88]	25(0.5):A100,000.00,[100.00,012.50,025.00]	30(0.5):A100,000.00,[100.00,050.00,107.50]	35(0.5):C180,000.00,[100.00,075.00,172.81]	40(0.5):A100,000.00,[100.00,078.76,025.00]	45(0.5):A100,000.00,[100.00,047.58,065.59]	
0(0.5):B000,000.00,[100.00,099.14,025.00]	5(0.5):A100,000.00,[100.00,067.50,020.94]	10(0.5):A100,000.00,[100.00,025.00,035.00]	15(0.5):A100,000.00,[100.00,025.00,044.06]	20(0.5):A100,000.00,[100.00,012.50,036.88]	25(0.5):A100,000.00,[100.00,012.50,025.00]	30(0.5):C180,000.00,[100.00,050.00,143.75]	35(0.5):C180,000.00,[100.00,075.00,176.41]	40(0.5):A100,000.00,[100.00,078.76,025.00]	45(0.5):B220,000.00,[100.00,133.79,065.59]	
0(0.5):A100,000.00,[100.00,099.14,025.00]	5(0.5):A100,000.00,[100.00,067.50,020.94]	10(0.5):A100,000.00,[100.00,025.00,035.00]	15(0.5):A100,000.00,[100.00,025.00,044.06]	20(0.5):A100,000.00,[100.00,012.50,036.88]	25(0.5):A100,000.00,[100.00,012.50,025.00]	30(0.5):C180,000.00,[100.00,050.00,161.88]	35(0.5):C180,000.00,[100.00,075.00,178.20]	40(0.5):A100,000.00,[100.00,078.76,025.00]	45(0.5):B220,000.00,[100.00,176.89,065.59]	
0(0.5):B220,000.00,[100.00,159.57,025.00]	5(0.5):A100,000.00,[100.00,067.50,020.94]	10(0.5):A100,000.00,[100.00,025.00,035.00]	15(0.5):A100,000.00,[100.00,025.00,044.06]	20(0.5):A100,000.00,[100.00,012.50,036.88]	25(0.5):A100,000.00,[100.00,012.50,025.00]	30(0.5):C000,000.00,[100.00,050.00,080.94]	35(0.5):C180,000.00,[100.00,075.00,179.10]	40(0.5):A100,000.00,[100.00,078.76,025.00]	45(0.5):B220,000.00,[100.00,198.45,065.59]	
0(0.5):B000,000.00,[100.00,079.79,025.00]	5(0.5):A100,000.00,[100.00,067.50,020.94]	10(0.5):A100,000.00,[100.00,025.00,035.00]	15(0.5):A100,000.00,[100.00,025.00,044.06]	20(0.5):A100,000.00,[100.00,012.50,036.88]	25(0.5):A100,000.00,[100.00,012.50,025.00]	30(0.5):C000,000.00,[100.00,050.00,040.47]	35(0.5):C180,000.00,[100.00,075.00,179.55]	40(0.5):B000,000.00,[100.00,039.38,025.00]	45(0.5):B000,000.00,[100.00,099.22,065.59]	
0(0.5):A100,000.00,[100.00,079.79,025.00]	5(0.5):A100,000.00,[100.00,067.50,020.94]	10(0.5):A100,000.00,[100.00,025.00,035.00]	15(0.5):A100,000.00,[100.00,025.00,044.06]	20(0.5):C000,000.00,[100.00,012.50,018.44]	25(0.5):A100,000.00,[100.00,012.50,025.00]	30(0.5):A100,000.00,[100.00,050.00,040.47]	35(0.5):C000,000.00,[100.00,075.00,089.78]	40(0.5):A100,000.00,[100.00,039.38,025.00]	45(0.5):B000,000.00,[100.00,049.61,065.59]	
0(0.5):A100,000.00,[100.00,079.79,025.00]	5(0.5):A100,000.00,[100.00,067.50,020.94]	10(0.5):A100,000.00,[100.00,025.00,035.00]	15(0.5):C180,000.00,[100.00,025.00,112.03]	20(0.5):A100,000.00,[100.00,012.50,018.44]	25(0.5):A100,000.00,[100.00,012.50,025.00]	30(0.5):A100,000.00,[100.00,050.00,040.47]	35(0.5):C180,000.00,[100.00,075.00,134.89]	40(0.5):A100,000.00,[100.00,039.38,025.00]	45(0.5):A100,000.00,[100.00,049.61,065.59]	
0(0.5):A100,000.00,[100.00,079.79,025.00]	5(0.5):A100,000.00,[100.00,067.50,020.94]	10(0.5):A100,000.00,[100.00,025.00,035.00]	15(0.5):C180,000.00,[100.00,025.00,146.01]	20(0.5):A100,000.00,[100.00,012.50,018.44]	25(0.5):A100,000.00,[100.00,012.50,025.00]	30(0.5):A100,000.00,[100.00,050.00,040.47]	35(0.5):C180,000.00,[100.00,075.00,157.44]	40(0.5):A100,000.00,[100.00,039.38,025.00]	45(0.5):A100,000.00,[100.00,049.61,065.59]	
0(0.5):B220,000.00,[100.00,149.89,025.00]	5(0.5):A100,000.00,[100.00,067.50,020.94]	10(0.5):A100,000.00,[100.00,025.00,035.00]	15(0.5):C000,000.00,[100.00,025.00,073.01]	20(0.5):A100,000.00,[100.00,012.50,018.44]	25(0.5):A100,000.00,[100.00,012.50,025.00]	30(0.5):A100,000.00,[100.00,050.00,040.47]	35(0.5):C000,000.00,[100.00,075.00,078.72]	40(0.5):A100,000.00,[100.00,039.38,025.00]	45(0.5):A100,000.00,[100.00,049.61,065.59]	
0(0.5):B220,000.00,[100.00,184.95,025.00]	5(0.5):A100,000.00,[100.00,067.50,020.94]	10(0.5):A100,000.00,[100.00,025.00,035.00]	15(0.5):A100,000.00,[100.00,025.00,073.01]	20(0.5):A100,000.00,[100.00,012.50,018.44]	25(0.5):A100,000.00,[100.00,012.50,025.00]	30(0.5):A100,000.00,[100.00,050.00,040.47]	35(0.5):A100,000.00,[100.00,075.00,078.72]	40(0.5):A100,000.00,[100.00,039.38,025.00]	45(0.5):A100,000.00,[100.00,049.61,065.59]	
0(0.5):B220,000.00,[100.00,202.47,025.00]	5(0.5):B000,000.00,[100.00,033.75,020.94]	10(0.5):A100,000.00,[100.00,025.00,035.00]	15(0.5):C180,000.00,[100.00,025.00,126.50]	20(0.5):A100,000.00,[100.00,012.50,018.44]	25(0.5):A100,000.00,[100.00,012.50,025.00]	30(0.5):A100,000.00,[100.00,050.00,040.47]	35(0.5):B220,000.00,[100.00,147.50,078.72]	40(0.5):A100,000.00,[100.00,039.38,025.00]	45(0.5):A100,000.00,[100.00,049.61,065.59]	
0(0.5):B000,000.00,[100.00,101.24,025.00]	5(0.5):A100,000.00,[100.00,033.75,020.94]	10(0.5):C000,000.00,[100.00,025.00,017.50]	15(0.5):C180,000.00,[100.00,025.00,153.25]	20(0.5):A100,000.00,[100.00,012.50,018.44]	25(0.5):A100,000.00,[100.00,012.50,025.00]	30(0.5):B000,000.00,[100.00,025.00,040.47]	35(0.5):B220,000.00,[100.00,183.75,078.72]	40(0.5):A100,000.00,[100.00,039.38,025.00]	45(0.5):A100,000.00,[100.00,049.61,065.59]	
0(0.5):A100,000.00,[100.00,101.24,025.00]	5(0.5):A100,000.00,[100.00,033.75,020.94]	10(0.5):A100,000.00,[100.00,025.00,017.50]	15(0.5):C000,000.00,[100.00,025.00,076.63]	20(0.5):A100,000.00,[100.00,012.50,018.44]	25(0.5):A100,000.00,[100.00,012.50,025.00]	30(0.5):A100,000.00,[100.00,025.00,040.47]	35(0.5):B000,000.00,[100.00,091.88,078.72]	40(0.5):A100,000.00,[100.00,039.38,025.00]	45(0.5):A100,000.00,[100.00,049.61,065.59]	
0(0.5):A100,000.00,[100.00,101.24,025.00]	5(0.5):A100,000.00,[100.00,033.75,020.94]	10(0.5):A100,000.00,[100.00,025.00,017.50]	15(0.5):A100,000.00,[100.00,025.00,076.63]	20(0.5):A100,000.00,[100.00,012.50,018.44]	25(0.5):A100,000.00,[100.00,012.50,025.00]	30(0.5):A100,000.00,[100.00,025.00,040.47]	35(0.5):A100,000.00,[100.00,091.88,078.72]	40(0.5):A100,000.00,[100.00,039.38,025.00]	45(0.5):A100,000.00,[100.00,049.61,065.59]	
0(0.5):B220,000.00,[100.00,160.62,025.00]	5(0.5):A100,000.00,[100.00,033.75,020.94]	10(0.5):A100,000.00,[100.00,025.00,017.50]	15(0.5):A100,000.00,[100.00,025.00,076.63]	20(0.5):A100,000.00,[100.00,012.50,018.44]	25(0.5):A100,000.00,[100.00,012.50,025.00]	30(0.5):A100,000.00,[100.00,025.00,040.47]	35(0.5):B220,000.00,[100.00,155.94,078.72]	40(0.5):A100,000.00,[100.00,039.38,025.00]	45(0.5):A100,000.00,[100.00,049.61,065.59]	
0(0.5):B000,000.00,[100.00,080.31,025.00]	5(0.5):A100,000.00,[100.00,033.75,020.94]	10(0.5):A100,000.00,[100.00,025.00,017.50]	15(0.5):A100,000.00,[100.00,025.00,076.63]	20(0.5):A100,000.00,[100.00,012.50,018.44]	25(0.5):A100,000.00,[100.00,012.50,025.00]	30(0.5):A100,000.00,[100.00,025.00,040.47]	35(0.5):B220,000.00,[100.00,187.97,078.72]	40(0.5):A100,000.00,[100.00,039.38,025.00]	45(0.5):A100,000.00,[100.00,049.61,065.59]	
0(0.5):B220,000.00,[100.00,150.15,025.00]	5(0.5):A100,000.00,[100.00,033.75,020.94]	10(0.5):A100,000.00,[100.00,025.00,017.50]	15(0.5):B000,000.00,[100.00,012.50,076.63]	20(0.5):A100,000.00,[100.00,012.50,018.44]	25(0.5):A100,000.00,[100.00,012.50,025.00]	30(0.5):A100,000.00,[100.00,025.00,040.47]	35(0.5):B220,000.00,[100.00,203.98,078.72]	40(0.5):A100,000.00,[100.00,039.38,025.00]	45(0.5):A100,000.00,[100.00,049.61,065.59]	
0(0.5):B220,000.00,[100.00,185.08,025.00]	5(0.5):A100,000.00,[100.00,033.75,020.94]	10(0.5):A100,000.00,[100.00,025.00,017.50]	15(0.5):A100,000.00,[100.00,012.50,076.63]	20(0.5):A100,000.00,[100.00,012.50,018.44]	25(0.5):A100,000.00,[100.00,012.50,025.00]	30(0.5):A100,000.00,[100.00,025.00,040.47]	35(0.5):B220,000.00,[100.00,211.99,078.72]	40(0.5):A100,000.00,[100.00,039.38,025.00]	45(0.5):A100,000.00,[100.00,049.61,065.59]	
0(0.5):B220,000.00,[100.00,202.54,025.00]	5(0.5):A100,000.00,[100.00,033.75,020.94]	10(0.5):A100,000.00,[100.00,025.00,017.50]	15(0.5):A100,000.00,[100.00,012.50,076.63]	20(0.5):A100,000.00,[100.00,012.50,018.44]	25(0.5):A100,000.00,[100.00,012.50,025.00]	30(0.5):A100,000.00,[100.00,025.00,040.47]	35(0.5):B220,000.00,[100.00,216.00,078.72]	40(0.5):A100,000.00,[100.00,039.38,025.00]	45(0.5):A100,000.00,[100.00,049.61,065.59]	
0(0.5):B000,000.00,[100.00,101.27,025.00]	5(0.5):A100,000.00,[100.00,033.75,020.94]	10(0.5):A100,000.00,[100.00,025.00,017.50]	15(0.5):A100,000.00,[100.00,012.50,076.63]	20(0.5):A100,000.00,[100.00,012.50,018.44]	25(0.5):A100,000.00,[100.00,012.50,025.00]	30(0.5):B220,000.00,[100.00,122.50,040.47]	35(0.5):B000,000.00,[100.00,108.00,078.72]	40(0.5):A100,000.00,[100.00,039.38,025.00]	45(0.5):C000,000.00,[100.00,049.61,032.79]	
0(0.5):A100,000.00,[100.00,101.27,025.00]	5(0.5):A100,000.00,[100.00,033.75,020.94]	10(0.5):A100,000.00,[100.00,025.00,017.50]	15(0.5):A100,000.00,[100.00,012.50,076.63]	20(0.5):A100,000.00,[100.00,012.50,018.44]	25(0.5):A100,000.00,[100.00,012.50,025.00]	30(0.5):B220,000.00,[100.00,171.25,040.47]	35(0.5):B000,000.00,[100.00,054.00,078.72]	40(0.5):A100,000.00,[100.00,039.38,025.00]	45(0.5):A100,000.00,[100.00,049.61,032.79]	
0(0.5):A100,000.00,[100.00,101.27,025.00]	5(0.5):A100,000.00,[100.00,033.75,020.94]	10(0.5):A100,000.00,[100.00,025.00,017.50]	15(0.5):C000,000.00,[100.00,012.50,038.31]	20(0.5):A100,000.00,[100.00,012.50,018.44]	25(0.5):A100,000.00,[100.00,012.50,025.00]	30(0.5):B220,000.00,[100.00,195.63,040.47]	35(0.5):A100,000.00,[100.00,054.00,078.72]	40(0.5):A100,000.00,[100.00,039.38,025.00]	45(0.5):A100,000.00,[100.00,049.61,032.79]	
0(0.5):A100,000.00,[100.00,101.27,025.00]	5(0.5):A100,000.00,[100.00,033.75,020.94]	10(0.5):A100,000.00,[100.00,025.00,017.50]	15(0.5):A100,000.00,[100.00,012.50,038.31]	20(0.5):A100,000.00,[100.00,012.50,018.44]	25(0.5):A100,000.00,[100.00,012.50,025.00]	30(0.5):B220,000.00,[100.00,207.81,040.47]	35(0.5):C000,000.00,[100.00,054.00,039.36]	40(0.5):A100,000.00,[100.00,039.38,025.00]	45(0.5):A100,000.00,[100.00,049.61,032.79]	
0(0.5):B000,000.00,[100.00,050.63,025.00]	5(0.5):A100,000.00,[100.00,033.75,020.94]	10(0.5):A100,000.00,[100.00,025.00,017.50]	15(0.5):A100,000.00,[100.00,012.50,038.31]	20(0.5):A100,000.00,[100.00,012.50,018.44]	25(0.5):A100,000.00,[100.00,012.50,025.00]	30(0.5):B000,000.00,[100.00,103.91,040.47]	35(0.5):A100,000.00,[100.00,054.00,039.36]	40(0.5):A100,000.00,[100.00,039.38,025.00]	45(0.5):A100,000.00,[100.00,049.61,032.79]	
0(0.5):A100,000.00,[100.00,050.63,025.00]	5(0.5):A100,000.00,[100.00,033.75,020.94]	10(0.5):A100,000.00,[100.00,025.00,017.50]	15(0.5):A100,000.00,[100.00,012.50,038.31]	20(0.5):A100,000.00,[100.00,012.50,018.44]	25(0.5):A100,000.00,[100.00,012.50,025.00]	30(0.5):A100,000.00,[100.00,103.91,040.47]	35(0.5):A100,000.00,[100.00,054.00,039.36]	40(0.5):A100,000.00,[100.00,039.38,025.00]	45(0.5):A100,000.00,[100.00,049.61,032.79]	
0(0.5):A100,000.00,[100.00,050.63,025.00]	5(0.5):A100,000.00,[100.00,033.75,020.94]	10(0.5):A100,000.00,[100.00,025.00,017.50]	15(0.5):A100,000.00,[100.00,012.50,038.31]	20(0.5):A100,000.00,[100.00,012.50,018.44]	25(0.5):A100,000.00,[100.00,012.50,025.00]	30(0.5):B220,000.00,[100.00,161.95,040.47]	35(0.5):A100,000.00,[100.00,054.00,039.36]	40(0.5):A100,000.00,[100.00,039.38,025.00]	45(0.5):A100,000.00,[100.00,049.61,032.79]	
0(0.5):A100,000.00,[100.00,050.63,025.00]	5(0.5):A100,000.00,[100.00,033.75,020.94]	10(0.5):A100,000.00,[100.00,025.00,017.50]	15(0.5):A100,000.00,[100.00,012.50,038.31]	20(0.5):A100,000.00,[100.00,012.50,018.44]	25(0.5):A100,000.00,[100.00,012.50,025.00]	30(0.5):B000,000.00,[100.00,080.98,040.47]	35(0.5):A100,000.00,[100.00,054.00,039.36]	40(0.5):A100,000.00,[100.00,039.38,025.00]	45(0.5):B000,000.00,[100.00,024.81,032.79]	
0(0.5):A100,000.00,[100.00,050.63,025.00]	5(0.5):A100,000.00,[100.00,033.75,020.94]	10(0.5):A100,000.00,[100.00,025.00,017.50]	15(0.5):A100,000.00,[100.00,012.50,038.31]	20(0.5):A100,000.00,[100.00,012.50,018.44]	25(0.5):A100,000.00,[100.00,012.50,025.00]	30(0.5):B220,000.00,[100.00,150.49,040.47]	35(0.5):C180,000.00,[100.00,054.00,109.68]	40(0.5):A100,000.00,[100.00,039.38,025.00]	45(0.5):A100,000.00,[100.00,024.81,032.79]	
0(0.5):A100,000.00,[100.00,050.63,025.00]	5(0.5):A100,000.00,[100.00,033.75,020.94]	10(0.5):A100,000.00,[100.00,025.00,017.50]	15(0.5):A100,000.00,[100.00,012.50,038.31]	20(0.5):A100,000.00,[100.00,012.50,018.44]	25(0.5):A100,000.00,[100.00,012.50,025.00]	30(0.5):B000,000.00,[100.00,075.24,040.47]	35(0.5):C180,000.00,[100.00,054.00,144.84]	40(0.5):A100,000.00,[100.00,039.38,025.00]	45(0.5):B000,000.00,[100.00,012.40,032.79]	
0(0.5):A100,000.00,[100.00,050.63,025.00]	5(0.5):A100,000.00,[100.00,033.75,020.94]	10(0.5):A100,000.00,[100.00,025.00,017.50]	15(0.5):A100,000.00,[100.00,012.50,038.31]	20(0.5):A100,000.00,[100.00,012.50,018.44]	25(0.5):A100,000.00,[100.00,012.50,025.00]	30(0.5):A100,000.00,[100.00,075.24,040.47]	35(0.5):C180,000.00,[100.00,054.00,162.42]	40(0.5):A100,000.00,[100.00,039.38,025.00]	45(0.5):A100,000.00,[100.00,012.40,032.79]	
0(0.5):A100,000.00,[100.00,050.63,025.00]	5(0.5):A100,000.00,[100.00,033.75,020.94]	10(0.5):A100,000.00,[100.00,025.00,017.50]	15(0.5):A100,000.00,[100.00,012.50,038.31]	20(0.5):A100,000.00,[100.00,012.50,018.44]	25(0.5):A100,000.00,[100.00,012.50,025.00]	30(0.5):B000,000.00,[100.00,037.62,040.47]	35(0.5):C180,000.00,[100.00,054.00,171.21]	40(0.5):A100,000.00,[100.00,039.38,025.00]	45(0.5):A100,000.00,[100.00,012.40,032.79]	
0(0.5):A100,000.00,[100.00,050.63,025.00]	5(0.5):A100,000.00,[100.00,033.75,020.94]	10(0.5):A100,000.00,[100.00,025.00,017.50]	15(0.5):A100,000.00,[100.00,012.50,038.31]	20(0.5):A100,000.00,[100.00,012.50,018.44]	25(0.5):C000,000.00,[100.00,012.50,012.50]	30(0.5):C180,000.00,[100.00,037.62,110.23]	35(0.5):C180,000.00,[100.00,054.00,175.61]	40(0.5):A100,000.00,[100.00,039.38,025.00]	45(0.5):A100,000.00,[100.00,012.40,032.79]	
0(0.5):A100,000.00,[100.00,050.63,025.00]	5(0.5):A100,000.00,[100.00,033.75,020.94]	10(0.5):A100,000.00,[100.00,025.00,017.50]	15(0.5):A100,000.00,[100.00,012.50,038.31]	20(0.5):A100,000.00,[100.00,012.50,018.44]	25(0.5):A100,000.00,[100.00,012.50,012.50]	30(0.5):A100,000.00,[100.00,037.62,110.23]	35(0.5):C000,000.00,[100.00,054.00,087.80]	40(0.5):A100,000.00,[100.00,039.38,025.00]	45(0.5):A100,000.00,[100.00,012.40,032.79]	
0(0.5):A100,000.00,[100.00,050.63,025.00]	5(0.5):A100,000.00,[100.00,033.75,020.94]	10(0.5):A100,000.00,[100.00,025.00,017.50]	15(0.5):A100,000.00,[100.00,012.50,038.31]	20(0.5):A100,000.00,[100.00,012.50,018.44]	25(0.5):A100,000.00,[100.00,012.50,012.50]	30(0.5):A100,000.00,[100.00,037.62,110.23]	35(0.5):A100,000.00,[100.00,054.00,087.80]	40(0.5):A100,000.00,[100.00,039.38,025.00]	45(0.5):A100,000.00,[100.00,012.40,032.79]	
0(0.5):A100,000.00,[100.00,050.63,025.00]	5(0.5):A100,000.00,[100.00,033.75,020.94]	10(0.5):A100,000.00,[100.00,025.00,017.50]	15(0.5):A100,000.00,[100.00,012.50,038.31]	20(0.5):A100,000.00,[100.00,012.50,018.44]	25(0.5):A100,000.00,[100.00,012.50,012.50]	30(0.5):A100,000.00,[100.00,037.62,110.23]	35(0.5):A100,000.00,[100.00,054.00,087.80]	40(0.5):A100,000.00,[100.00,039.38,025.00]	45(0.5):A100,000.00,[100.00,012.40,032.79]	
0(0.5):A100,000.00,[100.00,050.63,025.00]	5(0.5):A100,000.00,[100.00,033.75,020.94]	10(0.5):A100,000.00,[100.00,025.00,017.50]	15(0.5):C000,000.00,[100.00,012.50,019.16]	20(0.5):A100,000.00,[100.00,012.50,018.44]	25(0.5):A100,000.00,[100.00,012.50,012.50]	30(0.5):C000,000.00,[100.00,037.62,055.12]	35(0.5):C000,000.00,[100.00,054.00,043.90]	40(0.5):A100,000.00,[100.00,039.38,025.00]	45(0.5):A100,000.00,[100.00,012.40,032.79]	
0(0.5):A100,000.00,[100.00,050.63,025.00]	5(0.5):A100,000.00,[100.00,033.75,020.94]	10(0.5):A100,000.00,[100.00,025.00,017.50]	15(0.5):A100,000.00,[100.00,012.50,019.16]	20(0.5):A100,000.00,[100.00,012.50,018.44]	25(0.5):A100,000.00,[100.00,012.50,012.50]	30(0.5):A100,000.00,[100.00,037.62,055.12]	35(0.5):A100,000.00,[100.00,054.00,043.90]	40(0.5):A100,000.00,[100.00,039.38,025.00]	45(0.5):A100,000.00,[100.00,012.40,032.79]	
0(0.5):A100,000.00,[100.00,050.63,025.00]	5(0.5):A100,000.00,[100.00,033.75,020.94]	10(0.5):A100,000.00,[100.00,025.00,017.50]	15(0.5):A100,000.00,[100.00,012.50,019.16]	20(0.5):A100,000.00,[100.00,012.50,018.44]	25(0.5):A100,000.00,[100.00,012.50,012.50]	30(0.5):A100,000.00,[100.00,037.62,055.12]	35(0.5):B000,000.00,[100.00,027.00,043.90]	40(0.5):A100,000.00,[100.00,039.38,025.00]	45(0.5):A100,000.00,[100.00,012.40,032.79]	
0(0.5):A100,000.00,[100.00,050.63,025.00]	5(0.5):A100,000.00,[100.00,033.75,020.94]	10(0.5):A100,000.00,[100.00,025.00,017.50]	15(0.5):A100,000.00,[100.00,012.50,019.16]	20(0.5):A100,000.00,[100.00,012.50,018.44]	25(0.5):A100,000.00,[100.00,012.50,012.50]	30(0.5):A100,000.00,[100.00,037.62,055.12]	35(0.5):A100,000.00,[100.00,027.00,043.90]	40(0.5):A100,000.00,[100.00,039.38,025.00]	45(0.5):A100,000.00,[100.00,012.40,032.79]	
0(0.5):A100,000.00,[100.00,050.63,025.00]	5(0.5):A100,000.00,[100.00,033.75,020.94]	10(0.5):A100,000.00,[100.00,025.00,017.50]	15(0.5):A100,000.00,[100.00,012.50,019.16]	20(0.5):A100,000.00,[100.00,012.50,018.44]	25(0.5):A100,000.00,[100.00,012.50,012.50]	30(0.5):A100,000.00,[100.00,037.62,055.12]	35(0.5):C180,000.00,[100.00,027.00,111.95]	40(0.5):A100,000.00,[100.00,039.38,025.00]	45(0.5):A100,000.00,[100.00,012.40,032.79]	
0(0.5):A100,000.00,[100.00,050.63,025.00]	5(0.5):A100,000.00,[100.00,033.75,020.94]	10(0.5):A100,000.00,[100.00,025.00,017.50]	15(0.5):A100,000.00,[100.00,012.50,019.16]	20(0.5):A100,000.00,[100.00,012.50,018.44]	25(0.5):A100,000.00,[100.00,012.50,012.50]	30(0.5):A100,000.00,[100.00,037.62,055.12]	35(0.5):C180,000.00,[100.00,027.00,145.98]	40(0.5):A100,000.00,[100.00,039.38,025.00]	45(0.5):A100,000.00,[100.00,012.40,032.79]	
0(0.5):C000,000.00,[100.00,050.63,012.50]	5(0.5):A100,000.00,[100.00,033.75,020.94]	10(0.5):A100,000.00,[100.00,025.00,017.50]	15(0.5):A100,000.00,[100.00,012.50,019.16]	20(0.5):A100,000.00,[100.00,012.50,018.44]	25(0.5):A100,000.00,[100.00,012.50,012.50]	30(0.5):A100,000.00,[100.00,037.62,055.12]	35(0.5):C180,000.00,[100.00,027.00,162.99]	40(0.5):A100,000.00,[100.00,039.38,025.00]	45(0.5):A100,000.00,[100.00,012.40,032.79]	
0(0.5):C000,000.00,[100.00,050.63,006.25]	5(0.5):A100,000.00,[100.00,033.75,020.94]	10(0.5):A100,000.00,[100.00,025.00,017.50]	15(0.5):A100,000.00,[100.00,012.50,019.16]	20(0.5):A100,000.00,[100.00,012.50,018.44]	25(0.5):A100,000.00,[100.00,012.50,012.50]	30(0.5):A100,000.00,[100.00,037.62,055.12]	35(0.5):C180,000.00,[100.00,027.00,171.49]	40(0.5):A100,000.00,[100.00,039.38,025.00]	45(0.5):A100,000.00,[100.00,012.40,032.79]	
0(0.5):A100,000.00,[100.00,050.63,006.25]	5(0.5):A100,000.00,[100.00,033.75,020.94]	10(0.5):A100,000.00,[100.00,025.00,017.50]	15(0.5):A100,000.00,[100.00,012.50,019.16]	20(0.5):A100,000.00,[100.00,012.50,018.44]	25(0.5):A100,000.00,[100.00,012.50,012.50]	30(0.5):A100,000.00,[100.00,037.62,055.12]	35(0.5):A100,000.00,[100.00,027.00,171.49]	40(0.5):B220,000.00,[100.00,129.69,025.00]	45(0.5):A100,000.00,[100.00,012.40,032.79]	
0(0.5):A100,000.00,[100.00,050.63,006.25]	5(0.5):A100,000.00,[100.00,033.75,020.94]	10(0.5):A100,000.00,[100.00,025.00,017.50]	15(0.5):A100,000.00,[100.00,012.50,019.16]	20(0.5):A100,000.00,[100.00,012.50,018.44]	25(0.5):A100,000.00,[100.00,012.50,012.50]	30(0.5):A100,000.00,[100.00,037.62,055.12]	35(0.5):C180,000.00,[100.00,027.00,175.75]	40(0.5):B220,000.00,[100.00,174.85,025.00]	45(0.5):A100,000.00,[100.00,012.40,032.79]	
0(0.5):A100,000.00,[100.00,050.63,006.25]	5(0.5):A100,000.00,[100.00,033.75,020.94]	10(0.5):A100,000.00,[100.00,025.00,017.50]	15(0.5):B000,000.00,[100.00,006.25,019.16]	20(0.5):A100,000.00,[100.00,012.50,018.44]	25(0.5):A100,000.00,[100.00,012.50,012.50]	30(0.5):A100,000.00,[100.00,037.62,055.12]	35(0.5):C000,000.00,[100.00,027.00,087.87]	40(0.5):B000,000.00,[100.00,087.42,025.00]	45(0.5):B000,000.00,[100.00,006.20,032.79]	
0(0.5):A100,000.00,[100.00,050.63,006.25]	5(0.5):A100,000.00,[100.00,033.75,020.94]	10(0.5):A100,000.00,[100.00,025.00,017.50]	15(0.5):A100,000.00,[100.00,006.25,019.16]	20(0.5):A100,000.00,[100.00,012.50,018.44]	25(0.5):A100,000.00,[100.00,012.50,012.50]	30(0.5):A100,000.00,[100.00,037.62,055.12]	35(0.5):C000,000.00,[100.00,027.00,043.94]	40(0.5):A100,000.00,[100.00,087.42,025.00]	45(0.5):A100,000.00,[100.00,006.20,032.79]	
0(0.5):B220,000.00,[100.00,135.32,006.25]	5(0.5):A100,000.00,[100.00,033.75,020.94]	10(0.5):A100,000.00,[100.00,025.00,017.50]	15(0.5):A100,000.00,[100.00,006.25,019.16]	20(0.5):A100,000.00,[100.00,012.50,018.44]	25(0.5):A100,000.00,[100.00,012.50,012.50]	30(0.5):A100,000.00,[100.00,037.62,055.12]	35(0.5):A100,000.00,[100.00,027.00,043.94]	40(0.5):B220,000.00,[100.00,153.71,025.00]	45(0.5):A100,000.00,[100.00,006.20,032.79]	
0(0.5):A100,000.00,[100.00,135.32,006.25]	5(0.5):A100,000.00,[100.00,033.75,020.94]	10(0.5):A100,000.00,[100.00,025.00,017.50]	15(0.5):A100,000.00,[100.00,006.25,019.16]	20(0.5):A100,000.00,[100.00,012.50,018.44]	25(0.5):A100,000.00,[100.00,012.50,012.50]	30(0.5):A100,000.00,[100.00,037.62,055.12]	35(0.5):A100,000.00,[100.00,027.00,043.94]	40(0.5):B000,000.00,[100.00,076.86,025.00]	45(0.5):A100,000.00,[100.00,006.20,032.79]	
0(0.5):B220,000.00,[100.00,177.66,006.25]	5(0.5):A100,000.00,[100.00,033.75,020.94]	10(0.5):A100,000.00,[100.00,025.00,017.50]	15(0.5):A100,000.00,[100.00,006.25,019.16]	20(0.5):A100,000.00,[100.00,012.50,018.44]	25(0.5):A100,000.00,[100.00,012.50,012.50]	30(0.5):A100,000.00,[100.00,037.62,055.12]	35(0.5):A100,000.00,[100.00,027.00,043.94]	40(0.5):A100,000.00,[100.00,076.86,025.00]	45(0.5):C000,000.00,[100.00,006.20,016.40]	
0(0.5):B220,000.00,[100.00,198.83,006.25]	5(0.5):A100,000.00,[100.00,033.75,020.94]	10(0.5):A100,000.00,[100.00,025.00,017.50]	15(0.5):A100,000.00,[100.00,006.25,019.16]	20(0.5):A100,000.00,[100.00,012.50,018.44]	25(0.5):A100,000.00,[100.00,012.50,012.50]	30(0.5):A100,000.00,[100.00,037.62,055.12]	35(0.5):A100,000.00,[100.00,027.00,043.94]	40(0.5):A100,000.00,[100.00,076.86,025.00]	45(0.5):A100,000.00,[100.00,006.20,016.40]	
0(0.5):B220,000.00,[100.00,209.41,006.25]	5(0.5):A100,000.00,[100.00,033.75,020.94]	10(0.5):A100,000.00,[100.00,025.00,017.50]	15(0.5):A100,000.00,[100.00,006.25,019.16]	20(0.5):A100,000.00,[100.00,012.50,018.44]	25(0.5):A100,000.00,[100.00,012.50,012.50]	30(0.5):B000,000.00,[100.00,018.81,055.12]	35(0.5):A100,000.00,[100.00,027.00,043.94]	40(0.5):A100,000.00,[100.00,076.86,025.00]	45(0.5):A100,000.00,[100.00,006.20,016.40]	
0(0.5):B000,000.00,[100.00,104.71,006.25]	5(0.5):A100,000.00,[100.00,033.75,020.94]	10(0.5):A100,000.00,[100.00,025.00,017.50]	15(0.5):A100,000.00,[100.00,006.25,019.16]	20(0.5):A100,000.00,[100.00,012.50,018.44]	25(0.5):A100,000.00,[100.00,012.50,012.50]	30(0.5):A100,000.00,[100.00,018.81,055.12]	35(0.5):C000,000.00,[100.00,027.00,021.97]	40(0.5):B000,000.00,[100.00,038.43,025.00]	45(0.5):A100,000.00,[100.00,006.20,016.40]	
0(0.5):B000,000.00,[100.00,052.35,006.25]	5(0.5):A100,000.00,[100.00,033.75,020.94]	10(0.5):A100,000.00,[100.00,025.00,017.50]	15(0.5):A100,000.00,[100.00,006.25,019.16]	20(0.5):A100,000.00,[100.00,012.50,018.44]	25(0.5):A100,000.00,[100.00,012.50,012.50]	30(0.5):C180,000.00,[100.00,018.81,117.56]	35(0.5):A100,000.00,[100.00,027.00,021.97]	40(0.5):A100,000.00,[100.00,038.43,025.00]	45(0.5):A100,000.00,[100.00,006.20,016.40]	
0(0.5):A100,000.00,[100.00,052.35,006.25]	5(0.5):A100,000.00,[100.00,033.75,020.94]	10(0.5):A100,000.00,[100.00,025.00,017.50]	15(0.5):A100,000.00,[100.00,006.25,019.16]	20(0.5):A100,000.00,[100.00,012.50,018.44]	25(0.5):A100,000.00,[100.00,012.50,012.50]	30(0.5):C180,000.00,[100.00,018.81,148.78]	35(0.5):A100,000.00,[100.00,027.00,021.97]	40(0.5):A100,000.00,[100.00,038.43,025.00]	45(0.5):A100,000.00,[100.00,006.20,016.40]	
0(0.5):A100,000.00,[100.00,052.35,006.25]	5(0.5):A100,000.00,[100.00,033.75,020.94]	10(0.5):A100,000.00,[100.00,025.00,017.50]	15(0.5):A100,000.00,[100.00,006.25,019.16]	20(0.5):A100,000.00,[100.00,012.50,018.44]	25(0.5):A100,000.00,[100.00,012.50,012.50]	30(0.5):C000,000.00,[100.00,018.81,074.39]	35(0.5):A100,000.00,[100.00,027.00,021.97]	40(0.5):A100,000.00,[100.00,038.43,025.00]	45(0.5):A100,000.00,[100.00,006.20,016.40]	
0(0.5):A100,000.00,[100.00,052.35,006.25]	5(0.5):A100,000.00,[100.00,033.75,020.94]	10(0.5):A100,000.00,[100.00,025.00,017.50]	15(0.5):A100,000.00,[100.00,006.25,019.16]	20(0.5):A100,000.00,[100.00,012.50,018.44]	25(0.5):A100,000.00,[100.00,012.50,012.50]	30(0.5):A100,000.00,[100.00,018.81,074.39]	35(0.5):A100,000.00,[100.00,027.00,021.97]	40(0.5):A100,000.00,[100.00,038.43,025.00]	45(0.5):A100,000.00,[100.00,006.20,016.40]	
0(0.5):C180,000.00,[100.00,052.35,093.13]	5(0.5):A100,000.00,[100.00,033.75,020.94]	10(0.5):C180,000.00,[100.00,025.00,098.75]	15(0.5):A100,000.00,[100.00,006.25,019.16]	20(0.5):A100,000.00,[100.00,012.50,018.44]	25(0.5):A100,000.00,[100.00,012.50,012.50]	30(0.5):A100,000.00,[100.00,018.81,074.39]	35(0.5):A100,000.00,[100.00,027.00,021.97]	40(0.5):A100,000.00,[100.00,038.43,025.00]	45(0.5):A100,000.00,[100.00,006.20,016.40]	
0(0.5):C000,000.00,[100.00,052.35,046.56]	5(0.5):A100,000.00,[100.00,033.75,020.94]	10(0.5):A100,000.00,[100.00,025.00,098.75]	15(0.5):A100,000.00,[100.00,006.25,019.16]	20(0.5):A100,000.00,[100.00,012.50,018.44]	25(0.5):B220,000.00,[100.00,116.25,012.50]	30(0.5):A100,000.00,[100.00,018.81,074.39]	35(0.5):A100,000.00,[100.00,027.00,021.97]	40(0.5):A100,000.00,[100.00,038.43,025.00]	45(0.5):C000,000.00,[100.00,006.20,008.20]	
0(0.5):A100,000.00,[100.00,052.35,046.56]	5(0.5):A100,000.00,[100.00,033.75,020.94]	10(0.5):A100,000.00,[100.00,025.00,098.75]	15(0.5):A100,000.00,[100.00,006.25,019.16]	20(0.5):A100,000.00,[100.00,012.50,018.44]	25(0.5):B000,000.00,[100.00,058.13,012.50]	30(0.5):C180,000.00,[100.00,018.81,127.19]	35(0.5):A100,000.00,[100.00,027.00,021.97]	40(0.5):A100,000.00,[100.00,038.43,025.00]	45(0.5):A100,000.00,[100.00,006.20,008.20]	
0(0.5):A100,000.00,[100.00,052.35,046.56]	5(0.5):A100,000.00,[100.00,033.75,020.94]	10(0.5):C000,000.00,[100.00,025.00,049.38]	15(0.5):A100,000.00,[100.00,006.25,019.16]	20(0.5):A100,000.00,[100.00,012.50,018.44]	25(0.5):B000,000.00,[100.00,029.06,012.50]	30(0.5):C180,000.00,[100.00,018.81,153.60]	35(0.5):A100,000.00,[100.00,027.00,021.97]	40(0.5):A100,000.00,[100.00,038.43,025.00]	45(0.5):A100,000.00,[100.00,006.20,008.20]	
0(0.5):B000,000.00,[100.00,026.18,046.56]	5(0.5):A100,000.00,[100.00,033.75,020.94]	10(0.5):A100,000.00,[100.00,025.00,049.38]	15(0.5):A100,000.00,[100.00,006.25,019.16]	20(0.5):A100,000.00,[100.00,012.50,018.44]	25(0.5):A100,000.00,[100.00,029.06,012.50]	30(0.5):C000,000.00,[100.00,018.81,076.80]	35(0.5):A100,000.00,[100.00,027.00,021.97]	40(0.5):A100,000.00,[100.00,038.43,025.00]	45(0.5):A100,000.00,[100.00,006.20,008.20]	
0(0.5):A100,000.00,[100.00,026.18,046.56]	5(0.5):A100,000.00,[100.00,033.75,020.94]	10(0.5):A100,000.00,[100.00,025.00,049.38]	15(0.5):A100,000.00,[100.00,006.25,019.16]	20(0.5):A100,000.00,[100.00,012.50,018.44]	25(0.5):A100,000.00,[100.00,029.06,012.50]	30(0.5):A100,000.00,[100.00,018.81,076.80]	35(0.5):A100,000.00,[100.00,027.00,021.97]	40(0.5):A100,000.00,[100.00,038.43,025.00]	45(0.5):C000,000.00,[100.00,006.20,004.10]	
0(0.5):A100,000.00,[100.00,026.18,046.56]	5(0.5):A100,000.00,[100.00,033.75,020.94]	10(0.5):A100,000.00,[100.00,025.00,049.38]	15(0.5):B000,000.00,[100.00,003.13,019.16]	20(0.5):A100,000.00,[100.00,012.50,018.44]	25(0.5):A100,000.00,[100.00,029.06,012.50]	30(0.5):A100,000.00,[100.00,018.81,076.80]	35(0.5):A100,000.00,[100.00,027.00,021.97]	40(0.5):A100,000.00,[100.00,038.43,025.00]	45(0.5):A100,000.00,[100.00,006.20,004.10]	
0(0.5):A100,000.00,[100.00,026.18,046.56]	5(0.5):A100,000.00,[100.00,033.75,020.94]	10(0.5):A100,000.00,[100.00,025.00,049.38]	15(0.5):A100,000.00,[100.00,003.13,019.16]	20(0.5):A100,000.00,[100.00,012.50,018.44]	25(0.5):A100,000.00,[100.00,029.06,012.50]	30(0.5):A100,000.00,[100.00,018.81,076.80]	35(0.5):A100,000.00,[100.00,027.00,021.97]	40(0.5):A100,000.00,[100.00,038.43,025.00]	45(0.5):A100,000.00,[100.00,006.20,004.10]	
0(0.5):A100,000.00,[100.00,026.18,046.56]	5(0.5):A100,000.00,[100.00,033.75,020.94]	10(0.5):A100,000.00,[100.00,025.00,049.38]	15(0.5):A100,000.00,[100.00,003.13,019.16]	20(0.5):A100,000.00,[100.00,012.50,018.44]	25(0.5):A100,000.00,[100.00,029.06,012.50]	30(0.5):A100,000.00,[100.00,018.81,076.80]	35(0.5):B000,000.00,[100.00,013.50,021.97]	40(0.5):C000,000.00,[100.00,038.43,012.50]	45(0.5):A100,000.00,[100.00,006.20,004.10]	
0(0.5):A100,000.00,[100.00,026.18,046.56]	5(0.5):A100,000.00,[100.00,033.75,020.94]	10(0.5):A100,000.00,[100.00,025.00,049.38]	15(0.5):A100,000.00,[100.00,003.13,019.16]	20(0.5):A100,000.00,[100.00,012.50,018.44]	25(0.5):A100,000.00,[100.00,029.06,012.50]	30(0.5):C180,000.00,[100.00,018.81,128.40]	35(0.5):A100,000.00,[100.00,013.50,021.97]	40(0.5):A100,000.00,[100.00,038.43,012.50]	45(0.5):A100,000.00,[100.00,006.20,004.10]	
0(0.5):A100,000.00,[100.00,026.18,046.56]	5(0.5):A100,000.00,[100.00,033.75,020.94]	10(0.5):A100,000.00,[100.00,025.00,049.38]	15(0.5):A100,000.00,[100.00,003.13,019.16]	20(0.5):A100,000.00,[100.00,012.50,018.44]	25(0.5):A100,000.00,[100.00,029.06,012.50]	30(0.5):A100,000.00,[100.00,018.81,128.40]	35(0.5):A100,000.00,[100.00,013.50,021.97]	40(0.5):A100,000.00,[100.00,038.43,012.50]	45(0.5):A100,000.00,[100.00,006.20,004.10]	
0(0.5):A100,000.00,[100.00,026.18,046.56]	5(0.5):A100,000.00,[100.00,033.75,020.94]	10(0.5):A100,000.00,[100.00,025.00,049.38]	15(0.5):A100,000.00,[100.00,003.13,019.16]	20(0.5):A100,000.00,[100.00,012.50,018.44]	25(0.5):A100,000.00,[100.00,029.06,012.50]	30(0.5):C000,000.00,[100.00,018.81,064.20]	35(0.5):A100,000.00,[100.00,013.50,021.97]	40(0.5):A100,000.00,[100.00,038.43,012.50]	45(0.5):A100,000.00,[100.00,006.20,004.10]	
0(0.5):A100,000.00,[100.00,026.18,046.56]	5(0.5):A100,000.00,[100.00,033.75,020.94]	10(0.5):C000,000.00,[100.00,025.00,024.69]	15(0.5):A100,000.00,[100.00,003.13,019.16]	20(0.5):A100,000.00,[100.00,012.50,018.44]	25(0.5):A100,000.00,[100.00,029.06,012.50]	30(0.5):A100,000.00,[100.00,018.81,064.20]	35(0.5):A100,000.00,[100.00,013.50,021.97]	40(0.5):A100,000.00,[100.00,038.43,012.50]	45(0.5):A100,000.00,[100.00,006.20,004.10]	
0(0.5):A100,000.00,[100.00,026.18,046.56]	5(0.5):A100,000.00,[100.00,033.75,020.94]	10(0.5):A100,000.00,[100.00,025.00,024.69]	15(0.5):A100,000.00,[100.00,003.13,019.16]	20(0.5):A100,000.00,[100.00,012.50,018.44]	25(0.5):A100,000.00,[100.00,029.06,012.50]	30(0.5):A100,000.00,[100.00,018.81,064.20]	35(0.5):A100,000.00,[100.00,013.50,021.97]	40(0.5):A100,000.00,[100.00,038.43,012.50]	45(0.5):A100,000.00,[100.00,006.20,004.10]	
0(0.5):A100,000.00,[100.00,026.18,046.56]	5(0.5):A100,000.00,[100.00,033.75,020.94]	10(0.5):A100,000.00,[100.00,025.00,024.69]	15(0.5):A100,000.00,[100.00,003.13,019.16]	20(0.5):A100,000.00,[100.00,012.50,018.44]	25(0.5):A100,000.00,[100.00,029.06,012.50]	30(0.5):A100,000.00,[100.00,018.81,064.20]	35(0.5):A100,000.00,[100.00,013.50,021.97]	40(0.5):A100,000.00,[100.00,038.43,012.50]	45(0.5):A100,000.00,[100.00,006.20,004.10]	
0(0.5):A100,000.00,[100.00,026.18,046.56]	5(0.5):A100,000.00,[100.00,033.75,020.94]	10(0.5):A100,000.00,[100.00,025.00,024.69]	15(0.5):A100,000.00,[100.00,003.13,019.16]	20(0.5):A100,000.00,[100.00,012.50,018.44]	25(0.5):A100,000.00,[100.00,029.06,012.50]	30(0.5):A100,000.00,[100.00,018.81,064.20]	35(0.5):A100,000.00,[100.00,013.50,021.97]	40(0.5):A100,000.00,[100.00,038.43,012.50]	45(0.5):A100,000.00,[100.00,006.20,004.10]	
0(0.5):A100,000.00,[100.00,026.18,046.56]	5(0.5):A100,000.00,[100.00,033.75,020.94]	10(0.5):A100,000.00,[100.00,025.00,024.69]	15(0.5):A100,000.00,[100.00,003.13,019.16]	20(0.5):A100,000.00,[100.00,012.50,018.44]	25(0.5):A100,000.00,[100.00,029.06,012.50]	30(0.5):A100,000.00,[100.00,018.81,064.20]	35(0.5):A100,000.00,[100.00,013.50,021.97]	40(0.5):A100,000.00,[100.00,038.43,012.50]	45(0.5):A100,000.00,[100.00,006.20,004.10]	
0(0.5):A100,000.00,[100.00,026.18,046.56]	5(0.5):A100,000.00,[100.00,033.75,020.94]	10(0.5):A100,000.00,[100.00,025.00,024.69]	15(0.5):A100,000.00,[100.00,003.13,019.16]	20(0.5):A100,000.00,[100.00,012.50,018.44]	25(0.5):A100,000.00,[100.00,029.06,012.50]	30(0.5):A100,000.00,[100.00,018.81,064.20]	35(0.5):A100,000.00,[100.00,013.50,021.97]	40(0.5):A100,000.00,[100.00,038.43,012.50]	45(0.5):A100,000.00,[100.00,006.20,004.10]	
0(0.5):A100,000.00,[100.00,026.18,046.56]	5(0.5):A100,000.00,[100.00,033.75,020.94]	10(0.5):A100,000.00,[100.00,025.00,024.69]	15(0.5):A100,000.00,[100.00,003.13,019.16]	20(0.5):A100,000.00,[100.00,012.50,018.44]	25(0.5):A100,000.00,[100.00,029.06,012.50]	30(0.5):A100,000.00,[100.00,018.81,064.20]	35(0.5):A100,000.00,[100.00,013.50,021.97]	40(0.5):B000,000.00,[100.00,019.21,012.50]	45(0.5):A100,000.00,[100.00,006.20,004.10]	
0(0.5):A100,000.00,[100.00,026.18,046.56]	5(0.5):A100,000.00,[100.00,033.75,020.94]	10(0.5):A100,000.00,[100.00,025.00,024.69]	15(0.5):A100,000.00,[100.00,003.13,019.16]	20(0.5):A100,000.00,[100.00,012.50,018.44]	25(0.5):A100,000.00,[100.00,029.06,012.50]	30(0.5):A100,000.00,[100.00,018.81,064.20]	35(0.5):A100,000.00,[100.00,013.50,021.97]	40(0.5):A100,000.00,[100.00,019.21,012.50]	45(0.5):A100,000.00,[100.00,006.20,004.10]	
0(0.5):A100,000.00,[100.00,026.18,046.56]	5(0.5):A100,000.00,[100.00,033.75,020.94]	10(0.5):A100,000.00,[100.00,025.00,024.69]	15(0.5):A100,000.00,[100.00,003.13,019.16]	20(0.5):A100,000.00,[100.00,012.50,018.44]	25(0.5):A100,000.00,[100.00,029.06,012.50]	30(0.5):A100,000.00,[100.00,018.81,064.20]	35(0.5):A100,000.00,[100.00,013.50,021.97]	40(0.5):A100,000.00,[100.00,019.21,012.50]	45(0.5):A100,000.00,[100.00,006.20,004.10]	
0(0.5):A100,000.00,[100.00,026.18,046.56]	5(0.5):A100,000.00,[100.00,033.75,020.94]	10(0.5):A100,000.00,[100.00,025.00,024.69]	15(0.5):A100,000.00,[100.00,003.13,019.16]	20(0.5):A100,000.00,[100.00,012.50,018.44]	25(0.5):A100,000.00,[100.00,029.06,012.50]	30(0.5):C000,000.00,[100.00,018.81,032.10]	35(0.5):A100,000.00,[100.00,013.50,021.97]	40(0.5):A100,000.00,[100.00,019.21,012.50]	45(0.5):A100,000.00,[100.00,006.20,004.10]	
0(0.5):A100,000.00,[100.00,026.18,046.56]	5(0.5):A100,000.00,[100.00,033.75,020.94]	10(0.5):A100,000.00,[100.00,025.00,024.69]	15(0.5):A100,000.00,[100.00,003.13,019.16]	20(0.5):A100,000.00,[100.00,012.50,018.44]	25(0.5):A100,000.00,[100.00,029.06,012.50]	30(0.5):A100,000.00,[100.00,018.81,032.10]	35(0.5):A100,000.00,[100.00,013.50,021.97]	40(0.5):A100,000.00,[100.00,019.21,012.50]	45(0.5):A100,000.00,[100.00,006.20,004.10]	
0(0.5):A100,000.00,[100.00,026.18,046.56]	5(0.5):A100,000.00,[100.00,033.75,020.94]	10(0.5):A100,000.00,[100.00,025.00,024.69]	15(0.5):A100,000.00,[100.00,003.13,019.16]	20(0.5):A100,000.00,[100.00,012.50,018.44]	25(0.5):A100,000.00,[100.00,029.06,012.50]	30(0.5):A100,000.00,[100.00,018.81,032.10]	35(0.5):A100,000.00,[100.00,013.50,021.97]	40(0.5):A100,000.00,[100.00,019.21,012.50]	45(0.5):A100,000.00,[100.00,006.20,004.10]	
0(0.5):B000,000.00,[100.00,013.09,046.56]	5(0.5):A100,000.00,[100.00,033.75,020.94]	10(0.5):A100,000.00,[100.00,025.00,024.69]	15(0.5):A100,000.00,[100.00,003.13,019.16]	20(0.5):A100,000.00,[100.00,012.50,018.44]	25(0.5):A100,000.00,[100.00,029.06,012.50]	30(0.5):A100,000.00,[100.00,018.81,032.10]	35(0.5):A100,000.00,[100.00,013.50,021.97]	40(0.5):A100,000.00,[100.00,019.21,012.50]	45(0.5):A100,000.00,[100.00,006.20,004.10]	
0(0.5):A100,000.00,[100.00,013.09,046.56]	5(0.5):A100,000.00,[100.00,033.75,020.94]	10(0.5):A100,000.00,[100.00,025.00,024.69]	15(0.5):A100,000.00,[100.00,003.13,019.16]	20(0.5):A100,000.00,[100.00,012.50,018.44]	25(0.5):A100,000.00,[100.00,029.06,012.50]	30(0.5):A100,000.00,[100.00,018.81,032.10]	35(0.5):A100,000.00,[100.00,013.50,021.97]	40(0.5):A100,000.00,[100.00,019.21,012.50]	45(0.5):A100,000.00,[100.00,006.20,004.10]	
0(0.5):A100,000.00,[100.00,013.09,046.56]	5(0.5):A100,000.00,[100.00,033.75,020.94]	10(0.5):A100,000.00,[100.00,025.00,024.69]	15(0.5):A100,000.00,[100.00,003.13,019.16]	20(0.5):A100,000.00,[100.00,012.50,018.44]	25(0.5):A100,000.00,[100.00,029.06,012.50]	30(0.5):A100,000.00,[100.00,018.81,032.10]	35(0.5):A100,000.00,[100.00,013.50,021.97]	40(0.5):A100,000.00,[100.00,019.21,012.50]	45(0.5):A100,000.00,[100.00,006.20,004.10]	
0(0.5):A100,000.00,[100.00,013.09,046.56]	5(0.5):A100,000.00,[100.00,033.75,020.94]	10(0.5):A100,000.00,[100.00,025.00,024.69]	15(0.5):A100,000.00,[100.00,003.13,019.16]	20(0.5):A100,000.00,[100.00,012.50,018.44]	25(0.5):A100,000.00,[100.00,029.06,012.50]	30(0.5):A100,000.00,[100.00,018.81,032.10]	35(0.5):A100,000.00,[100.00,013.50,021.97]	40(0.5):A100,000.00,[100.00,019.21,012.50]	45(0.5):A100,000.00,[100.00,006.20,004.10]	
0(0.5):A100,000.00,[100.00,013.09,046.56]	5(0.5):A100,000.00,[100.00,033.75,020.94]	10(0.5):A100,000.00,[100.00,025.00,024.69]	15(0.5):A100,000.00,[100.00,003.13,019.16]	20(0.5):A100,000.00,[100.00,012.50,018.44]	25(0.5):A100,000.00,[100.00,029.06,012.50]	30(0.5):A100,000.00,[100.00,018.81,032.10]	35(0.5):A100,000.00,[100.00,013.50,021.97]	40(0.5):A100,000.00,[100.00,019.21,012.50]	45(0.5):A100,000.00,[100.00,006.20,004.10]	
0(0.5):A100,000.00,[100.00,013.09,046.56]	5(0.5):A100,000.00,[100.00,033.75,020.94]	10(0.5):A100,000.00,[100.00,025.00,024.69]	15(0.5):A100,000.00,[100.00,003.13,019.16]	20(0.5):A100,000.00,[100.00,012.50,018.44]	25(0.5):A100,000.00,[100.00,029.06,012.50]	30(0.5):A100,000.00,[100.00,018.81,032.10]	35(0.5):A100,000.00,[100.00,013.50,021.97]	40(0.5):A100,000.00,[100.00,019.21,012.50]	45(0.5):A100,000.00,[100.00,006.20,004.10]	
0(0.5):A100,000.00,[100.00,013.09,046.56]	5(0.5):A100,000.00,[100.00,033.75,020.94]	10(0.5):A100,000.00,[100.00,025.00,024.69]	15(0.5):A100,000.00,[100.00,003.13,019.16]	20(0.5):A100,000.00,[100.00,012.50,018.44]	25(0.5):A100,000.00,[100.00,029.06,012.50]	30(0.5):A100,000.00,[100.00,018.81,032.10]	35(0.5):A100,000.00,[100.00,013.50,021.97]	40(0.5):A100,000.00,[100.00,019.21,012.50]	45(0.5):A100,000.00,[100.00,006.20,004.10]	
0(0.5):A100,000.00,[100.00,013.09,046.56]	5(0.5):A100,000.00,[100.00,033.75,020.94]	10(0.5):A100,000.00,[100.00,025.00,024.69]	15(0.5):A100,000.00,[100.00,003.13,019.16]	20(0.5):A100,000.00,[100.00,012.50,018.44]	25(0.5):A100,000.00,[100.00,029.06,012.50]	30(0.5):A100,000.00,[100.00,018.81,032.10]	35(0.5):A100,000.00,[100.00,013.50,021.97]	40(0.5):A100,000.00,[100.00,019.21,012.50]	45(0.5):A100,000.00,[100.00,006.20,004.10]	
0(0.5):A100,000.00,[100.00,013.09,046.56]	5(0.5):A100,000.00,[100.00,033.75,020.94]	10(0.5):A100,000.00,[100.00,025.00,024.69]	15(0.5):A100,000.00,[100.00,003.13,019.16]	20(0.5):A100,000.00,[100.00,012.50,018.44]	25(0.5):A100,000.00,[100.00,029.06,012.50]	30(0.5):A100,000.00,[100.00,018.81,032.10]	35(0.5):A100,000.00,[100.00,013.50,021.97]	40(0.5):A100,000.00,[100.00,019.21,012.50]	45(0.5):A100,000.00,[100.00,006.20,004.10]	
0(0.5):A100,000.00,[100.00,013.09,046.56]	5(0.5):A100,000.00,[100.00,033.75,020.94]	10(0.5):A100,000.00,[100.00,025.00,024.69]	15(0.5):A100,000.00,[100.00,003.13,019.16]	20(0.5):A100,000.00,[100.00,012.50,018.44]	25(0.5):A100,000.00,[100.00,029.06,012.50]	30(0.5):A100,000.00,[100.00,018.81,032.10]	35(0.5):A100,000.00,[100.00,013.50,021.97]	40(0.5):A100,000.00,[100.00,019.21,012.50]	45(0.5):A100,000.00,[100.00,006.20,004.10]	
0(0.5):A100,000.00,[100.00,013.09,046.56]	5(0.5):A100,000.00,[100.00,033.75,020.94]	10(0.5):A100,000.00,[100.00,025.00,024.69]	15(0.5):C180,000.00,[100.00,003.13,099.58]	20(0.5):A100,000.00,[100.00,012.50,018.44]	25(0.5):A100,000.00,[100.00,029.06,012.50]	30(0.5):A100,000.00,[100.00,018.81,032.10]	35(0.5):A100,000.00,[100.00,013.50,021.97]	40(0.5):A100,000.00,[100.00,019.21,012.50]	45(0.5):A100,000.00,[100.00,006.20,004.10]	
0(0.5):B220,000.00,[100.00,116.54,046.56]	5(0.5):B000,000.00,[100.00,016.88,020.94]	10(0.5):A100,000.00,[100.00,025.00,024.69]	15(0.5):C000,000.00,[100.00,003.13,049.79]	20(0.5):A100,000.00,[100.00,012.50,018.44]	25(0.5):A100,000.00,[100.00,029.06,012.50]	30(0.5):A100,000.00,[100.00,018.81,032.10]	35(0.5):A100,000.00,[100.00,013.50,021.97]	40(0.5):A100,000.00,[100.00,019.21,012.50]	45(0.5):A100,000.00,[100.00,006.20,004.10]	
0(0.5):A100,000.00,[100.00,116.54,046.56]	5(0.5):A100,000.00,[100.00,016.88,020.94]	10(0.5):A100,000.00,[100.00,025.00,024.69]	15(0.5):A100,000.00,[100.00,003.13,049.79]	20(0.5):A100,000.00,[100.00,012.50,018.44]	25(0.5):A100,000.00,[100.00,029.06,012.50]	30(0.5):A100,000.00,[100.00,018.81,032.10]	35(0.5):A100,000.00,[100.00,013.50,021.97]	40(0.5):A100,000.00,[100.00,019.21,012.50]	45(0.5):A100,000.00,[100.00,006.20,004.10]	
0(0.5):A100,000.00,[100.00,116.54,046.56]	5(0.5):A100,000.00,[100.00,016.88,020.94]	10(0.5):A100,000.00,[100.00,025.00,024.69]	15(0.5):A100,000.00,[100.00,003.13,049.79]	20(0.5):A100,000.00,[100.00,012.50,018.44]	25(0.5):A100,000.00,[100.00,029.06,012.50]	30(0.5):A100,000.00,[100.00,018.81,032.10]	35(0.5):A100,000.00,[100.00,013.50,021.97]	40(0.5):A100,000.00,[100.00,019.21,012.50]	45(0.5):A100,000.00,[100.00,006.20,004.10]	
0(0.5):B000,000.00,[100.00,058.27,046.56]	5(0.5):A100,000.00,[100.00,016.88,020.94]	10(0.5):A100,000.00,[100.00,025.00,024.69]	15(0.5):A100,000.00,[100.00,003.13,049.79]	20(0.5):A100,000.00,[100.00,012.50,018.44]	25(0.5):A100,000.00,[100.00,029.06,012.50]	30(0.5):A100,000.00,[100.00,018.81,032.10]	35(0.5):A100,000.00,[100.00,013.50,021.97]	40(0.5):A100,000.00,[100.00,019.21,012.50]	45(0.5):A100,000.00,[100.00,006.20,004.10]	
0(0.5):A100,000.00,[100.00,058.27,046.56]	5(0.5):A100,000.00,[100.00,016.88,020.94]	10(0.5):A100,000.00,[100.00,025.00,024.69]	15(0.5):A100,000.00,[100.00,003.13,049.79]	20(0.5):B000,000.00,[100.00,006.25,018.44]	25(0.5):A100,000.00,[100.00,029.06,012.50]	30(0.5):A100,000.00,[100.00,018.81,032.10]	35(0.5):A100,000.00,[100.00,013.50,021.97]	40(0.5):A100,000.00,[100.00,019.21,012.50]	45(0.5):A100,000.00,[100.00,006.20,004.10]	
0(0.5):A100,000.00,[100.00,058.27,046.56]	5(0.5):A100,000.00,[100.00,016.88,020.94]	10(0.5):A100,000.00,[100.00,025.00,024.69]	15(0.5):A100,000.00,[100.00,003.13,049.79]	20(0.5):A100,000.00,[100.00,006.25,018.44]	25(0.5):A100,000.00,[100.00,029.06,012.50]	30(0.5):A100,000.00,[100.00,018.81,032.10]	35(0.5):A100,000.00,[100.00,013.50,021.97]	40(0.5):A100,000.00,[100.00,019.21,012.50]	45(0.5):A100,000.00,[100.00,006.20,004.10]	
0(0.5):A100,000.00,[100.00,058.27,046.56]	5(0.5):A100,000.00,[100.00,016.88,020.94]	10(0.5):A100,000.00,[100.00,025.00,024.69]	15(0.5):A100,000.00,[100.00,003.13,049.79]	20(0.5):A100,000.00,[100.00,006.25,018.44]	25(0.5):A100,000.00,[100.00,029.06,012.50]	30(0.5):A100,000.00,[100.00,018.81,032.10]	35(0.5):A100,000.00,[100.00,013.50,021.97]	40(0.5):A100,000.00,[100.00,019.21,012.50]	45(0.5):A100,000.00,[100.00,006.20,004.10]	
0(0.5):B220,000.00,[100.00,139.14,046.56]	5(0.5):C180,000.00,[100.00,016.88,100.47]	10(0.5):A100,000.00,[100.00,025.00,024.69]	15(0.5):B000,000.00,[100.00,001.56,049.79]	20(0.5):A100,000.00,[100.00,006.25,018.44]	25(0.5):A100,000.00,[100.00,029.06,012.50]	30(0.5):A100,000.00,[100.00,018.81,032.10]	35(0.5):A100,000.00,[100.00,013.50,021.97]	40(0.5):A100,000.00,[100.00,019.21,012.50]	45(0.5):A100,000.00,[100.00,006.20,004.10]	
0(0.5):B000,000.00,[100.00,069.57,046.56]	5(0.5):C180,000.00,[100.00,016.88,140.23]	10(0.5):A100,000.00,[100.00,025.00,024.69]	15(0.5):A100,000.00,[100.00,001.56,049.79]	20(0.5):A100,000.00,[100.00,006.25,018.44]	25(0.5):A100,000.00,[100.00,029.06,012.50]	30(0.5):A100,000.00,[100.00,018.81,032.10]	35(0.5):B220,000.00,[100.00,116.75,021.97]	40(0.5):A100,000.00,[100.00,019.21,012.50]	45(0.5):A100,000.00,[100.00,006.20,004.10]	
0(0.5):A100,000.00,[100.00,069.57,046.56]	5(0.5):C000,000.00,[100.00,016.88,070.12]	10(0.5):A100,000.00,[100.00,025.00,024.69]	15(0.5):A100,000.00,[100.00,001.56,049.79]	20(0.5):A100,000.00,[100.00,006.25,018.44]	25(0.5):A100,000.00,[100.00,029.06,012.50]	30(0.5):A100,000.00,[100.00,018.81,032.10]	35(0.5):A100,000.00,[100.00,116.75,021.97]	40(0.5):A100,000.00,[100.00,019.21,012.50]	45(0.5):A100,000.00,[100.00,006.20,004.10]	
0(0.5):B220,000.00,[100.00,144.78,046.56]	5(0.5):A100,000.00,[100.00,016.88,070.12]	10(0.5):A100,000.00,[100.00,025.00,024.69]	15(0.5):A100,000.00,[100.00,001.56,049.79]	20(0.5):A100,000.00,[100.00,006.25,018.44]	25(0.5):A100,000.00,[100.00,029.06,012.50]	30(0.5):A100,000.00,[100.00,018.81,032.10]	35(0.5):A100,000.00,[100.00,116.75,021.97]	40(0.5):A100,000.00,[100.00,019.21,012.50]	45(0.5):A100,000.00,[100.00,006.20,004.10]	
0(0.5):B220,000.00,[100.00,182.39,046.56]	5(0.5):C000,000.00,[100.00,016.88,035.06]	10(0.5):A100,000.00,[100.00,025.00,024.69]	15(0.5):A100,000.00,[100.00,001.56,049.79]	20(0.5):A100,000.00,[100.00,006.25,018.44]	25(0.5):A100,000.00,[100.00,029.06,012.50]	30(0.5):A100,000.00,[100.00,018.81,032.10]	35(0.5):B220,000.00,[100.00,168.37,021.97]	40(0.5):A100,000.00,[100.00,019.21,012.50]	45(0.5):A100,000.00,[100.00,006.20,004.10]	
0(0.5):B220,000.00,[100.00,201.20,046.56]	5(0.5):A100,000.00,[100.00,016.88,035.06]	10(0.5):A100,000.00,[100.00,025.00,024.69]	15(0.5):A100,000.00,[100.00,001.56,049.79]	20(0.5):A100,000.00,[100.00,006.25,018.44]	25(0.5):A100,000.00,[100.00,029.06,012.50]	30(0.5):A100,000.00,[100.00,018.81,032.10]	35(0.5):B220,000.00,[100.00,194.19,021.97]	40(0.5):A100,000.00,[100.00,019.21,012.50]	45(0.5):B000,000.00,[100.00,003.10,004.10]	
0(0.5):B220,000.00,[100.00,210.60,046.56]	5(0.5):A100,000.00,[100.00,016.88,035.06]	10(0.5):A100,000.00,[100.00,025.00,024.69]	15(0.5):A100,000.00,[100.00,001.56,049.79]	20(0.5):A100,000.00,[100.00,006.25,018.44]	25(0.5):A100,000.00,[100.00,029.06,012.50]	30(0.5):A100,000.00,[100.00,018.81,032.10]	35(0.5):B000,000.00,[100.00,097.09,021.97]	40(0.5):A100,000.00,[100.00,019.21,012.50]	45(0.5):A100,000.00,[100.00,003.10,004.10]	
0(0.5):B000,000.00,[100.00,105.30,046.56]	5(0.5):A100,000.00,[100.00,016.88,035.06]	10(0.5):A100,000.00,[100.00,025.00,024.69]	15(0.5):A100,000.00,[100.00,001.56,049.79]	20(0.5):A100,000.00,[100.00,006.25,018.44]	25(0.5):A100,000.00,[100.00,029.06,012.50]	30(0.5):A100,000.00,[100.00,018.81,032.10]	35(0.5):B000,000.00,[100.00,048.55,021.97]	40(0.5):A100,000.00,[100.00,019.21,012.50]	45(0.5):A100,000.00,[100.00,003.10,004.10]	
0(0.5):A100,000.00,[100.00,105.30,046.56]	5(0.5):A100,000.00,[100.00,016.88,035.06]	10(0.5):A100,000.00,[100.00,025.00,024.69]	15(0.5):A100,000.00,[100.00,001.56,049.79]	20(0.5):A100,000.00,[100.00,006.25,018.44]	25(0.5):A100,000.00,[100.00,029.06,012.50]	30(0.5):A100,000.00,[100.00,018.81,032.10]	35(0.5):A100,000.00,[100.00,048.55,021.97]	40(0.5):A100,000.00,[100.00,019.21,012.50]	45(0.5):A100,000.00,[100.00,003.10,004.10]	
0(0.5):B000,000.00,[100.00,052.65,046.56]	5(0.5):A100,000.00,[100.00,016.88,035.06]	10(0.5):A100,000.00,[100.00,025.00,024.69]	15(0.5):A100,000.00,[100.00,001.56,049.79]	20(0.5):A100,000.00,[100.00,006.25,018.44]	25(0.5):A100,000.00,[100.00,029.06,012.50]	30(0.5):A100,000.00,[100.00,018.81,032.10]	35(0.5):A100,000.00,[100.00,048.55,021.97]	40(0.5):C180,000.00,[100.00,019.21,096.25]	45(0.5):A100,000.00,[100.00,003.10,004.10]	
0(0.5):B000,000.00,[100.00,026.32,046.56]	5(0.5):A100,000.00,[100.00,016.88,035.06]	10(0.5):A100,000.00,[100.00,025.00,024.69]	15(0.5):C000,000.00,[100.00,001.56,024.89]	20(0.5):A100,000.00,[100.00,006.25,018.44]	25(0.5):A100,000.00,[100.00,029.06,012.50]	30(0.5):A100,000.00,[100.00,018.81,032.10]	35(0.5):A100,000.00,[100.00,048.55,021.97]	40(0.5):C000,000.00,[100.00,019.21,048.13]	45(0.5):A100,000.00,[100.00,003.10,004.10]	
0(0.5):A100,000.00,[100.00,026.32,046.56]	5(0.5):A100,000.00,[100.00,016.88,035.06]	10(0.5):A100,000.00,[100.00,025.00,024.69]	15(0.5):A100,000.00,[100.00,001.56,024.89]	20(0.5):A100,000.00,[100.00,006.25,018.44]	25(0.5):A100,000.00,[100.00,029.06,012.50]	30(0.5):A100,000.00,[100.00,018.81,032.10]	35(0.5):B000,000.00,[100.00,024.27,021.97]	40(0.5):A100,000.00,[100.00,019.21,048.13]	45(0.5):A100,000.00,[100.00,003.10,004.10]	
0(0.5):A100,000.00,[100.00,026.32,046.56]	5(0.5):A100,000.00,[100.00,016.88,035.06]	10(0.5):A100,000.00,[100.00,025.00,024.69]	15(0.5):A100,000.00,[100.00,001.56,024.89]	20(0.5):C000,000.00,[100.00,006.25,009.22]	25(0.5):A100,000.00,[100.00,029.06,012.50]	30(0.5):A100,000.00,[100.00,018.81,032.10]	35(0.5):A100,000.00,[100.00,024.27,021.97]	40(0.5):A100,000.00,[100.00,019.21,048.13]	45(0.5):A100,000.00,[100.00,003.10,004.10]	
0(0.5):A100,000.00,[100.00,026.32,046.56]	5(0.5):A100,000.00,[100.00,016.88,035.06]	10(0.5):A100,000.00,[100.00,025.00,024.69]	15(0.5):A100,000.00,[100.00,001.56,024.89]	20(0.5):A100,000.00,[100.00,006.25,009.22]	25(0.5):A100,000.00,[100.00,029.06,012.50]	30(0.5):A100,000.00,[100.00,018.81,032.10]	35(0.5):A100,000.00,[100.00,024.27,021.97]	40(0.5):A100,000.00,[100.00,019.21,048.13]	45(0.5):A100,000.00,[100.00,003.10,004.10]	
0(0.5):A100,000.00,[100.00,026.32,046.56]	5(0.5):A100,000.00,[100.00,016.88,035.06]	10(0.5):A100,000.00,[100.00,025.00,024.69]	15(0.5):A100,000.00,[100.00,001.56,024.89]	20(0.5):A100,000.00,[100.00,006.25,009.22]	25(0.5):A100,000.00,[100.00,029.06,012.50]	30(0.5):A100,000.00,[100.00,018.81,032.10]	35(0.5):A100,000.00,[100.00,024.27,021.97]	40(0.5):A100,000.00,[100.00,019.21,048.13]	45(0.5):A100,000.00,[100.00,003.10,004.10]	
0(0.5):A100,000.00,[100.00,026.32,046.56]	5(0.5):A100,000.00,[100.00,016.88,035.06]	10(0.5):A100,000.00,[100.00,025.00,024.69]	15(0.5):A100,000.00,[100.00,001.56,024.89]	20(0.5):A100,000.00,[100.00,006.25,009.22]	25(0.5):A100,000.00,[100.00,029.06,012.50]	30(0.5):A100,000.00,[100.00,018.81,032.10]	35(0.5):A100,000.00,[100.00,024.27,021.97]	40(0.5):A100,000.00,[100.00,019.21,048.13]	45(0.5):A100,000.00,[100.00,003.10,004.10]	
0(0.5):C180,000.00,[100.00,026.32,113.28]	5(0.5):A100,000.00,[100.00,016.88,035.06]	10(0.5):A100,000.00,[100.00,025.00,024.69]	15(0.5):A100,000.00,[100.00,001.56,024.89]	20(0.5):A100,000.00,[100.00,006.25,009.22]	25(0.5):A100,000.00,[100.00,029.06,012.50]	30(0.5):A100,000.00,[100.00,018.81,032.10]	35(0.5):A100,000.00,[100.00,024.27,021.97]	40(0.5):A100,000.00,[100.00,019.21,048.13]	45(0.5):A100,000.00,[100.00,003.10,004.10]	
0(0.5):C000,000.00,[100.00,026.32,056.64]	5(0.5):A100,000.00,[100.00,016.88,035.06]	10(0.5):A100,000.00,[100.00,025.00,024.69]	15(0.5):A100,000.00,[100.00,001.56,024.89]	20(0.5):A100,000.00,[100.00,006.25,009.22]	25(0.5):A100,000.00,[100.00,029.06,012.50]	30(0.5):A100,000.00,[100.00,018.81,032.10]	35(0.5):B220,000.00,[100.00,122.14,021.97]	40(0.5):C000,000.00,[100.00,019.21,024.06]	45(0.5):A100,000.00,[100.00,003.10,004.10]	
0(0.5):A100,000.00,[100.00,026.32,056.64]	5(0.5):A100,000.00,[100.00,016.88,035.06]	10(0.5):A100,000.00,[100.00,025.00,024.69]	15(0.5):A100,000.00,[100.00,001.56,024.89]	20(0.5):A100,000.00,[100.00,006.25,009.22]	25(0.5):A100,000.00,[100.00,029.06,012.50]	30(0.5):A100,000.00,[100.00,018.81,032.10]	35(0.5):A100,000.00,[100.00,122.14,021.97]	40(0.5):B000,000.00,[100.00,009.61,024.06]	45(0.5):A100,000.00,[100.00,003.10,004.10]	
0(0.5):B220,000.00,[100.00,123.16,056.64]	5(0.5):A100,000.00,[100.00,016.88,035.06]	10(0.5):A100,000.00,[100.00,025.00,024.69]	15(0.5):A100,000.00,[100.00,001.56,024.89]	20(0.5):A100,000.00,[100.00,006.25,009.22]	25(0.5):A100,000.00,[100.00,029.06,012.50]	30(0.5):A100,000.00,[100.00,018.81,032.10]	35(0.5):B220,000.00,[100.00,171.07,021.97]	40(0.5):A100,000.00,[100.00,009.61,024.06]	45(0.5):A100,000.00,[100.00,003.10,004.10]	
0(0.5):B220,000.00,[100.00,171.58,056.64]	5(0.5):A100,000.00,[100.00,016.88,035.06]	10(0.5):A100,000.00,[100.00,025.00,024.69]	15(0.5):A100,000.00,[100.00,001.56,024.89]	20(0.5):A100,000.00,[100.00,006.25,009.22]	25(0.5):A100,000.00,[100.00,029.06,012.50]	30(0.5):A100,000.00,[100.00,018.81,032.10]	35(0.5):B220,000.00,[100.00,195.53,021.97]	40(0.5):A100,000.00,[100.00,009.61,024.06]	45(0.5):A100,000.00,[100.00,003.10,004.10]	
0(0.5):B000,000.00,[100.00,085.79,056.64]	5(0.5):A100,000.00,[100.00,016.88,035.06]	10(0.5):A100,000.00,[100.00,025.00,024.69]	15(0.5):A100,000.00,[100.00,001.56,024.89]	20(0.5):A100,000.00,[100.00,006.25,009.22]	25(0.5):B220,000.00,[100.00,124.53,012.50]	30(0.5):A100,000.00,[100.00,018.81,032.10]	35(0.5):B000,000.00,[100.00,097.77,021.97]	40(0.5):A100,000.00,[100.00,009.61,024.06]	45(0.5):A100,000.00,[100.00,003.10,004.10]	
0(0.5):A100,000.00,[100.00,085.79,056.64]	5(0.5):A100,000.00,[100.00,016.88,035.06]	10(0.5):A100,000.00,[100.00,025.00,024.69]	15(0.5):A100,000.00,[100.00,001.56,024.89]	20(0.5):A100,000.00,[100.00,006.25,009.22]	25(0.5):B220,000.00,[100.00,172.27,012.50]	30(0.5):A100,000.00,[100.00,018.81,032.10]	35(0.5):B220,000.00,[100.00,158.88,021.97]	40(0.5):A100,000.00,[100.00,009.61,024.06]	45(0.5):A100,000.00,[100.00,003.10,004.10]	
0(0.5):A100,002.00,[100.00,085.79,056.64]	5(0.5):A100,002.00,[100.00,016.88,035.06]	10(0.5):A100,002.00,[100.00,025.00,024.69]	15(0.5):A100,002.00,[100.00,001.56,024.89]	20(0.5):A100,002.00,[100.00,006.25,009.22]	25(0.5):B000,000.00,[100.00,086.13,012.50]	30(0.5):A100,002.00,[100.00,018.81,032.10]	35(0.5):B220,004.40,[100.00,189.44,021.97]	40(0.5):C000,000.00,[100.00,009.61,012.03]	45(0.5):A100,002.00,[100.00,003.10,004.10]	
0(0.5):A100,004.00,[100.00,085.79,056.64]	5(0.5):A100,004.00,[100.00,016.88,035.06]	10(0.5):A100,004.00,[100.00,025.00,024.69]	15(0.5):A100,004.00,[100.00,001.56,024.89]	20(0.5):A100,004.00,[100.00,006.25,009.22]	25(0.5):A100,002.00,[100.00,086.13,012.50]	30(0.5):A100,004.00,[100.00,018.81,032.10]	35(0.5):B220,008.80,[100.00,204.72,021.97]	40(0.5):A100,002.00,[100.00,009.61,012.03]	45(0.5):A100,004.00,[100.00,003.10,004.10]	
0(0.5):B220,008.40,[100.00,152.90,056.64]	5(0.5):A100,006.00,[100.00,016.88,035.06]	10(0.5):A100,006.00,[100.00,025.00,024.69]	15(0.5):A100,006.00,[100.00,001.56,024.89]	20(0.5):A100,006.00,[100.00,006.25,009.22]	25(0.5):A100,004.00,[100.00,086.13,012.50]	30(0.5):A100,006.00,[100.00,018.81,032.10]	35(0.5):B220,013.20,[100.00,212.36,021.97]	40(0.5):A100,004.00,[100.00,009.61,012.03]	45(0.5):A100,006.00,[100.00,003.10,004.10]	
0(0.5):B000,008.40,[100.00,076.45,056.64]	5(0.5):A100,008.00,[100.00,016.88,035.06]	10(0.5):A100,008.00,[100.00,025.00,024.69]	15(0.5):A100,008.00,[100.00,001.56,024.89]	20(0.5):A100,008.00,[100.00,006.25,009.22]	25(0.5):A100,006.00,[100.00,086.13,012.50]	30(0.5):A100,008.00,[100.00,018.81,032.10]	35(0.5):B000,013.20,[100.00,106.18,021.97]	40(0.5):A100,006.00,[100.00,009.61,012.03]	45(0.5):A100,008.00,[100.00,003.10,004.10]	
0(0.5):A100,010.40,[100.00,076.45,056.64]	5(0.5):A100,010.00,[100.00,016.88,035.06]	10(0.5):A100,010.00,[100.00,025.00,024.69]	15(0.5):A100,010.00,[100.00,001.56,024.89]	20(0.5):A100,010.00,[100.00,006.25,009.22]	25(0.5):A100,008.00,[100.00,086.13,012.50]	30(0.5):A100,010.00,[100.00,018.81,032.10]	35(0.5):A100,015.20,[100.00,106.18,021.97]	40(0.5):A100,008.00,[100.00,009.61,012.03]	45(0.5):A100,010.00,[100.00,003.10,004.10]	
0(0.5):A100,012.40,[100.00,076.45,056.64]	5(0.5):B000,010.00,[100.00,008.44,035.06]	10(0.5):A100,012.00,[100.00,025.00,024.69]	15(0.5):A100,012.00,[100.00,001.56,024.89]	20(0.5):A100,012.00,[100.00,006.25,009.22]	25(0.5):A100,010.00,[100.00,086.13,012.50]	30(0.5):A100,012.00,[100.00,018.81,032.10]	35(0.5):B000,015.20,[100.00,053.09,021.97]	40(0.5):A100,010.00,[100.00,009.61,012.03]	45(0.5):A100,012.00,[100.00,003.10,004.10]	
0(0.5):A100,014.40,[100.00,076.45,056.64]	5(0.5):A100,012.00,[100.00,008.44,035.06]	10(0.5):A100,014.00,[100.00,025.00,024.69]	15(0.5):A100,014.00,[100.00,001.56,024.89]	20(0.5):A100,014.00,[100.00,006.25,009.22]	25(0.5):A100,012.00,[100.00,086.13,012.50]	30(0.5):A100,014.00,[100.00,018.81,032.10]	35(0.5):A100,017.20,[100.00,053.09,021.97]	40(0.5):A100,012.00,[100.00,009.61,012.03]	45(0.5):A100,014.00,[100.00,003.10,004.10]	
0(0.5):B000,014.40,[100.00,038.22,056.64]	5(0.5):A100,014.00,[100.00,008.44,035.06]	10(0.5):A100,016.00,[100.00,025.00,024.69]	15(0.5):A100,016.00,[100.00,001.56,024.89]	20(0.5):A100,016.00,[100.00,006.25,009.22]	25(0.5):A100,014.00,[100.00,086.13,012.50]	30(0.5):A100,016.00,[100.00,018.81,032.10]	35(0.5):A100,019.20,[100.00,053.09,021.97]	40(0.5):A100,014.00,[100.00,009.61,012.03]	45(0.5):A100,016.00,[100.00,003.10,004.10]	
0(0.5):A100,016.40,[100.00,038.22,056.64]	5(0.5):A100,016.00,[100.00,008.44,035.06]	10(0.5):A100,018.00,[100.00,025.00,024.69]	15(0.5):A100,018.00,[100.00,001.56,024.89]	20(0.5):A100,018.00,[100.00,006.25,009.22]	25(0.5):A100,016.00,[100.00,086.13,012.50]	30(0.5):A100,018.00,[100.00,018.81,032.10]	35(0.5):A100,021.20,[100.00,053.09,021.97]	40(0.5):A100,016.00,[100.00,009.61,012.03]	45(0.5):A100,018.00,[100.00,003.10,004.10]	
0(0.5):A100,018.40,[100.00,038.22,056.64]	5(0.5):A100,018.00,[100.00,008.44,035.06]	10(0.5):A100,020.00,[100.00,025.00,024.69]	15(0.5):A100,020.00,[100.00,001.56,024.89]	20(0.5):A100,020.00,[100.00,006.25,009.22]	25(0.5):A100,018.00,[100.00,086.13,012.50]	30(0.5):A100,020.00,[100.00,018.81,032.10]	35(0.5):A100,023.20,[100.00,053.09,021.97]	40(0.5):A100,018.00,[100.00,009.61,012.03]	45(0.5):A100,020.00,[100.00,003.10,004.10]	
0(0.5):A100,020.40,[100.00,038.22,056.64]	5(0.5):A100,020.00,[100.00,008.44,035.06]	10(0.5):A100,022.00,[100.00,025.00,024.69]	15(0.5):A100,022.00,[100.00,001.56,024.89]	20(0.5):A100,022.00,[100.00,006.25,009.22]	25(0.5):A100,020.00,[100.00,086.13,012.50]	30(0.5):A100,022.00,[100.00,018.81,032.10]	35(0.5):A100,025.20,[100.00,053.09,021.97]	40(0.5):A100,020.00,[100.00,009.61,012.03]	45(0.5):A100,022.00,[100.00,003.10,004.10]	
0(0.5):A100,022.40,[100.00,038.22,056.64]	5(0.5):A100,022.00,[100.00,008.44,035.06]	10(0.5):A100,024.00,[100.00,025.00,024.69]	15(0.5):A100,024.00,[100.00,001.56,024.89]	20(0.5):A100,024.00,[100.00,006.25,009.22]	25(0.5):A100,022.00,[100.00,086.13,012.50]	30(0.5):A100,024.00,[100.00,018.81,032.10]	35(0.5):A100,027.20,[100.00,053.09,021.97]	40(0.5):A100,022.00,[100.00,009.61,012.03]	45(0.5):A100,024.00,[100.00,003.10,004.10]	
0(0.5):C000,022.40,[100.00,038.22,028.32]	5(0.5):A100,024.00,[100.00,008.44,035.06]	10(0.5):A100,026.00,[100.00,025.00,024.69]	15(0.5):A100,026.00,[100.00,001.56,024.89]	20(0.5):A100,026.00,[100.00,006.25,009.22]	25(0.5):B220,026.40,[100.00,153.07,012.50]	30(0.5):A100,026.00,[100.00,018.81,032.10]	35(0.5):A100,029.20,[100.00,053.09,021.97]	40(0.5):A100,024.00,[100.00,009.61,012.03]	45(0.5):A100,026.00,[100.00,003.10,004.10]	
0(0.5):A100,024.40,[100.00,038.22,028.32]	5(0.5):A100,026.00,[100.00,008.44,035.06]	10(0.5):A100,028.00,[100.00,025.00,024.69]	15(0.5):A100,028.00,[100.00,001.56,024.89]	20(0.5):A100,028.00,[100.00,006.25,009.22]	25(0.5):B220,030.80,[100.00,186.53,012.50]	30(0.5):A100,028.00,[100.00,018.81,032.10]	35(0.5):A100,031.20,[100.00,053.09,021.97]	40(0.5):A100,026.00,[100.00,009.61,012.03]	45(0.5):A100,028.00,[100.00,003.10,004.10]	
0(0.5):A100,026.40,[100.00,038.22,028.32]	5(0.5):A100,028.00,[100.00,008.44,035.06]	10(0.5):A100,030.00,[100.00,025.00,024.69]	15(0.5):A100,030.00,[100.00,001.56,024.89]	20(0.5):A100,030.00,[100.00,006.25,009.22]	25(0.5):B220,035.20,[100.00,203.27,012.50]	30(0.5):A100,030.00,[100.00,018.81,032.10]	35(0.5):A100,033.20,[100.00,053.09,021.97]	40(0.5):A100,028.00,[100.00,009.61,012.03]	45(0.5):A100,030.00,[100.00,003.10,004.10]	
0(0.5):A100,028.40,[100.00,038.22,028.32]	5(0.5):A100,030.00,[100.00,008.44,035.06]	10(0.5):A100,032.00,[100.00,025.00,024.69]	15(0.5):A100,032.00,[100.00,001.56,024.89]	20(0.5):A100,032.00,[100.00,006.25,009.22]	25(0.5):B220,039.60,[100.00,211.63,012.50]	30(0.5):A100,032.00,[100.00,018.81,032.10]	35(0.5):A100,035.20,[100.00,053.09,021.97]	40(0.5):A100,030.00,[100.00,009.61,012.03]	45(0.5):A100,032.00,[100.00,003.10,004.10]	
0(0.5):A100,030.40,[100.00,038.22,028.32]	5(0.5):A100,032.00,[100.00,008.44,035.06]	10(0.5):A100,034.00,[100.00,025.00,024.69]	15(0.5):A100,034.00,[100.00,001.56,024.89]	20(0.5):A100,034.00,[100.00,006.25,009.22]	25(0.5):B220,044.00,[100.00,215.82,012.50]	30(0.5):A100,034.00,[100.00,018.81,032.10]	35(0.5):A100,037.20,[100.00,053.09,021.97]	40(0.5):A100,032.00,[100.00,009.61,012.03]	45(0.5):A100,034.00,[100.00,003.10,004.10]	
0(0.5):C180,034.00,[100.00,038.22,104.16]	5(0.5):B000,032.00,[100.00,004.22,035.06]	10(0.5):A100,036.00,[100.00,025.00,024.69]	15(0.5):A100,036.00,[100.00,001.56,024.89]	20(0.5):A100,036.00,[100.00,006.25,009.22]	25(0.5):B000,044.00,[100.00,107.91,012.50]	30(0.5):A100,036.00,[100.00,018.81,032.10]	35(0.5):A100,039.20,[100.00,053.09,021.97]	40(0.5):A100,034.00,[100.00,009.61,012.03]	45(0.5):A100,036.00,[100.00,003.10,004.10]	
0(0.5):C180,037.60,[100.00,038.22,142.08]	5(0.5):A100,034.00,[100.00,004.22,035.06]	10(0.5):A100,038.00,[100.00,025.00,024.69]	15(0.5):A100,038.00,[100.00,001.56,024.89]	20(0.5):A100,038.00,[100.00,006.25,009.22]	25(0.5):A100,046.00,[100.00,107.91,012.50]	30(0.5):A100,038.00,[100.00,018.81,032.10]	35(0.5):A100,041.20,[100.00,053.09,021.97]	40(0.5):A100,036.00,[100.00,009.61,012.03]	45(0.5):A100,038.00,[100.00,003.10,004.10]	
0(0.5):C000,037.60,[100.00,038.22,071.04]	5(0.5):A100,036.00,[100.00,004.22,035.06]	10(0.5):A100,040.00,[100.00,025.00,024.69]	15(0.5):A100,040.00,[100.00,001.56,024.89]	20(0.5):A100,040.00,[100.00,006.25,009.22]	25(0.5):A100,048.00,[100.00,107.91,012.50]	30(0.5):A100,040.00,[100.00,018.81,032.10]	35(0.5):A100,043.20,[100.00,053.09,021.97]	40(0.5):A100,038.00,[100.00,009.61,012.03]	45(0.5):A100,040.00,[100.00,003.10,004.10]	
0(0.5):A100,039.60,[100.00,038.22,071.04]	5(0.5):A100,038.00,[100.00,004.22,035.06]	10(0.5):A100,042.00,[100.00,025.00,024.69]	15(0.5):A100,042.00,[100.00,001.56,024.89]	20(0.5):A100,042.00,[100.00,006.25,009.22]	25(0.5):B220,052.40,[100.00,163.95,012.50]	30(0.5):A100,042.00,[100.00,018.81,032.10]	35(0.5):A100,045.20,[100.00,053.09,021.97]	40(0.5):A100,040