each row consists of groups of data for each agent, in form:	agentNum:choice,fitness,[expA,expB,expC]where choice has letter of choice and number for reward received
each column consists of every trial for the same agent.
this entire file is from Generation 250

0:C180,00.90,[100.00,100.00,167.48]	5:B000,00.00,[100.00,29.51,100.00]	10:A100,00.50,[100.00,100.00,100.00]	15:A100,00.50,[100.00,100.00,100.00]	20:B220,01.10,[100.00,172.17,100.00]	25:A100,00.50,[100.00,100.00,100.00]	30:C000,00.00,[100.00,100.00,39.91]	35:A100,00.50,[100.00,100.00,100.00]	40:A100,00.50,[100.00,100.00,100.00]	45:B000,00.00,[100.00,30.33,100.00]	
0:C000,00.90,[100.00,100.00,26.20]	5:C180,00.90,[100.00,29.51,156.39]	10:B000,00.50,[100.00,04.20,100.00]	15:C000,00.50,[100.00,100.00,29.40]	20:B220,02.20,[100.00,200.93,100.00]	25:A100,01.00,[100.00,100.00,100.00]	30:B000,00.00,[100.00,39.91,39.91]	35:C180,01.40,[100.00,100.00,154.04]	40:A100,01.00,[100.00,100.00,100.00]	45:A100,00.50,[100.00,30.33,100.00]	
0:A100,01.40,[100.00,100.00,26.20]	5:A100,01.40,[100.00,29.51,156.39]	10:C180,01.40,[100.00,04.20,176.64]	15:B000,00.50,[100.00,29.40,29.40]	20:B000,02.20,[100.00,80.09,100.00]	25:B220,02.10,[100.00,196.16,100.00]	30:B220,01.10,[100.00,148.12,39.91]	35:A100,01.90,[100.00,100.00,154.04]	40:A100,01.50,[100.00,100.00,100.00]	45:C000,00.50,[100.00,30.33,30.33]	
0:B000,01.40,[100.00,15.64,26.20]	5:C180,02.30,[100.00,29.51,173.03]	10:C000,01.40,[100.00,04.20,07.42]	15:A100,01.00,[100.00,29.40,29.40]	20:C000,02.20,[100.00,80.09,39.86]	25:B220,03.20,[100.00,215.26,100.00]	30:B220,02.20,[100.00,191.31,39.91]	35:C000,01.90,[100.00,100.00,49.99]	40:A100,02.00,[100.00,100.00,100.00]	45:A100,01.00,[100.00,30.33,30.33]	
0:A100,01.90,[100.00,15.64,26.20]	5:C180,03.20,[100.00,29.51,177.94]	10:A100,01.90,[100.00,04.20,07.42]	15:A100,01.50,[100.00,29.40,29.40]	20:C180,03.10,[100.00,80.09,124.14]	25:B000,03.20,[100.00,42.76,100.00]	30:B000,02.20,[100.00,76.36,39.91]	35:B220,03.00,[100.00,181.06,49.99]	40:C180,02.90,[100.00,100.00,165.09]	45:A100,01.50,[100.00,30.33,30.33]	
0:A100,02.40,[100.00,15.64,26.20]	5:C000,03.20,[100.00,29.51,52.51]	10:A100,02.40,[100.00,04.20,07.42]	15:A100,02.00,[100.00,29.40,29.40]	20:B220,04.20,[100.00,164.23,124.14]	25:C000,03.20,[100.00,42.76,19.87]	30:A100,02.70,[100.00,76.36,39.91]	35:B220,04.10,[100.00,207.36,49.99]	40:C000,02.90,[100.00,100.00,30.78]	45:A100,02.00,[100.00,30.33,30.33]	
0:A100,02.90,[100.00,15.64,26.20]	5:A100,03.70,[100.00,29.51,52.51]	10:A100,02.90,[100.00,04.20,07.42]	15:A100,02.50,[100.00,29.40,29.40]	20:B220,05.30,[100.00,197.77,124.14]	25:A100,03.70,[100.00,42.76,19.87]	30:A100,03.20,[100.00,76.36,39.91]	35:B000,04.10,[100.00,67.30,49.99]	40:B220,04.00,[100.00,197.63,30.78]	45:A100,02.50,[100.00,30.33,30.33]	
0:A100,03.40,[100.00,15.64,26.20]	5:B000,03.70,[100.00,08.71,52.51]	10:A100,03.40,[100.00,04.20,07.42]	15:A100,03.00,[100.00,29.40,29.40]	20:B220,06.40,[100.00,211.14,124.14]	25:A100,04.20,[100.00,42.76,19.87]	30:A100,03.70,[100.00,76.36,39.91]	35:A100,04.60,[100.00,67.30,49.99]	40:B220,05.10,[100.00,215.83,30.78]	45:A100,03.00,[100.00,30.33,30.33]	
0:A100,03.90,[100.00,15.64,26.20]	5:A100,04.20,[100.00,08.71,52.51]	10:A100,03.90,[100.00,04.20,07.42]	15:A100,03.50,[100.00,29.40,29.40]	20:B000,06.40,[100.00,84.16,124.14]	25:A100,04.70,[100.00,42.76,19.87]	30:A100,04.20,[100.00,76.36,39.91]	35:A100,05.10,[100.00,67.30,49.99]	40:B220,06.20,[100.00,219.22,30.78]	45:A100,03.50,[100.00,30.33,30.33]	
0:A100,04.40,[100.00,15.64,26.20]	5:A100,04.70,[100.00,08.71,52.51]	10:A100,04.40,[100.00,04.20,07.42]	15:A100,04.00,[100.00,29.40,29.40]	20:C180,07.30,[100.00,84.16,157.73]	25:B000,04.70,[100.00,08.49,19.87]	30:A100,04.70,[100.00,76.36,39.91]	35:A100,05.60,[100.00,67.30,49.99]	40:B000,06.20,[100.00,40.87,30.78]	45:A100,04.00,[100.00,30.33,30.33]	
0:A100,04.90,[100.00,15.64,26.20]	5:A100,05.20,[100.00,08.71,52.51]	10:A100,04.90,[100.00,04.20,07.42]	15:A100,04.50,[100.00,29.40,29.40]	20:C180,08.20,[100.00,84.16,171.12]	25:A100,05.20,[100.00,08.49,19.87]	30:A100,05.20,[100.00,76.36,39.91]	35:A100,06.10,[100.00,67.30,49.99]	40:A100,06.70,[100.00,40.87,30.78]	45:A100,04.50,[100.00,30.33,30.33]	
0:A100,05.40,[100.00,15.64,26.20]	5:A100,05.70,[100.00,08.71,52.51]	10:A100,05.40,[100.00,04.20,07.42]	15:A100,05.00,[100.00,29.40,29.40]	20:C180,09.10,[100.00,84.16,176.46]	25:A100,05.70,[100.00,08.49,19.87]	30:A100,05.70,[100.00,76.36,39.91]	35:C180,07.00,[100.00,67.30,137.81]	40:A100,07.20,[100.00,40.87,30.78]	45:A100,05.00,[100.00,30.33,30.33]	
0:A100,05.90,[100.00,15.64,26.20]	5:A100,06.20,[100.00,08.71,52.51]	10:A100,05.90,[100.00,04.20,07.42]	15:A100,05.50,[100.00,29.40,29.40]	20:C000,09.10,[100.00,84.16,70.34]	25:A100,06.20,[100.00,08.49,19.87]	30:A100,06.20,[100.00,76.36,39.91]	35:C000,07.00,[100.00,67.30,44.72]	40:A100,07.70,[100.00,40.87,30.78]	45:A100,05.50,[100.00,30.33,30.33]	
0:A100,06.40,[100.00,15.64,26.20]	5:A100,06.70,[100.00,08.71,52.51]	10:A100,06.40,[100.00,04.20,07.42]	15:A100,06.00,[100.00,29.40,29.40]	20:A100,09.60,[100.00,84.16,70.34]	25:B220,07.30,[100.00,177.98,19.87]	30:A100,06.70,[100.00,76.36,39.91]	35:A100,07.50,[100.00,67.30,44.72]	40:A100,08.20,[100.00,40.87,30.78]	45:A100,06.00,[100.00,30.33,30.33]	
0:A100,06.90,[100.00,15.64,26.20]	5:A100,07.20,[100.00,08.71,52.51]	10:A100,06.90,[100.00,04.20,07.42]	15:A100,06.50,[100.00,29.40,29.40]	20:A100,10.10,[100.00,84.16,70.34]	25:B220,08.40,[100.00,211.65,19.87]	30:A100,07.20,[100.00,76.36,39.91]	35:A100,08.00,[100.00,67.30,44.72]	40:A100,08.70,[100.00,40.87,30.78]	45:A100,06.50,[100.00,30.33,30.33]	
0:B000,06.90,[100.00,02.45,26.20]	5:A100,07.70,[100.00,08.71,52.51]	10:A100,07.40,[100.00,04.20,07.42]	15:A100,07.00,[100.00,29.40,29.40]	20:A100,10.60,[100.00,84.16,70.34]	25:B220,09.50,[100.00,218.34,19.87]	30:B220,08.30,[100.00,162.67,39.91]	35:B000,08.00,[100.00,21.84,44.72]	40:A100,09.20,[100.00,40.87,30.78]	45:A100,07.00,[100.00,30.33,30.33]	
0:A100,07.40,[100.00,02.45,26.20]	5:A100,08.20,[100.00,08.71,52.51]	10:A100,07.90,[100.00,04.20,07.42]	15:A100,07.50,[100.00,29.40,29.40]	20:A100,11.10,[100.00,84.16,70.34]	25:B000,09.50,[100.00,43.37,19.87]	30:B220,09.40,[100.00,197.12,39.91]	35:A100,08.50,[100.00,21.84,44.72]	40:B220,10.30,[100.00,186.61,30.78]	45:A100,07.50,[100.00,30.33,30.33]	
0:A100,07.90,[100.00,02.45,26.20]	5:A100,08.70,[100.00,08.71,52.51]	10:A100,08.40,[100.00,04.20,07.42]	15:A100,08.00,[100.00,29.40,29.40]	20:A100,11.60,[100.00,84.16,70.34]	25:A100,10.00,[100.00,43.37,19.87]	30:B000,09.40,[100.00,78.67,39.91]	35:A100,09.00,[100.00,21.84,44.72]	40:B220,11.40,[100.00,213.77,30.78]	45:A100,08.00,[100.00,30.33,30.33]	
0:C000,07.90,[100.00,02.45,04.10]	5:A100,09.20,[100.00,08.71,52.51]	10:A100,08.90,[100.00,04.20,07.42]	15:A100,08.50,[100.00,29.40,29.40]	20:A100,12.10,[100.00,84.16,70.34]	25:A100,10.50,[100.00,43.37,19.87]	30:C180,10.30,[100.00,78.67,124.09]	35:A100,09.50,[100.00,21.84,44.72]	40:B000,11.40,[100.00,39.85,30.78]	45:A100,08.50,[100.00,30.33,30.33]	
0:A100,08.40,[100.00,02.45,04.10]	5:A100,09.70,[100.00,08.71,52.51]	10:A100,09.40,[100.00,04.20,07.42]	15:A100,09.00,[100.00,29.40,29.40]	20:B000,12.10,[100.00,33.55,70.34]	25:A100,11.00,[100.00,43.37,19.87]	30:C000,10.30,[100.00,78.67,49.53]	35:A100,10.00,[100.00,21.84,44.72]	40:A100,11.90,[100.00,39.85,30.78]	45:A100,09.00,[100.00,30.33,30.33]	
0:A100,08.90,[100.00,02.45,04.10]	5:A100,10.20,[100.00,08.71,52.51]	10:A100,09.90,[100.00,04.20,07.42]	15:A100,09.50,[100.00,29.40,29.40]	20:C000,12.10,[100.00,33.55,28.04]	25:B220,12.10,[100.00,184.91,19.87]	30:A100,10.80,[100.00,78.67,49.53]	35:A100,10.50,[100.00,21.84,44.72]	40:A100,12.40,[100.00,39.85,30.78]	45:A100,09.50,[100.00,30.33,30.33]	
0:A100,09.40,[100.00,02.45,04.10]	5:A100,10.70,[100.00,08.71,52.51]	10:A100,10.40,[100.00,04.20,07.42]	15:A100,10.00,[100.00,29.40,29.40]	20:A100,12.60,[100.00,33.55,28.04]	25:B000,12.10,[100.00,36.73,19.87]	30:C000,10.80,[100.00,78.67,19.77]	35:A100,11.00,[100.00,21.84,44.72]	40:A100,12.90,[100.00,39.85,30.78]	45:A100,10.00,[100.00,30.33,30.33]	
0:A100,09.90,[100.00,02.45,04.10]	5:A100,11.20,[100.00,08.71,52.51]	10:A100,10.90,[100.00,04.20,07.42]	15:A100,10.50,[100.00,29.40,29.40]	20:A100,13.10,[100.00,33.55,28.04]	25:A100,12.60,[100.00,36.73,19.87]	30:A100,11.30,[100.00,78.67,19.77]	35:A100,11.50,[100.00,21.84,44.72]	40:A100,13.40,[100.00,39.85,30.78]	45:A100,10.50,[100.00,30.33,30.33]	
0:A100,10.40,[100.00,02.45,04.10]	5:A100,11.70,[100.00,08.71,52.51]	10:A100,11.40,[100.00,04.20,07.42]	15:B220,11.60,[100.00,163.96,29.40]	20:A100,13.60,[100.00,33.55,28.04]	25:A100,13.10,[100.00,36.73,19.87]	30:B000,11.30,[100.00,31.40,19.77]	35:A100,12.00,[100.00,21.84,44.72]	40:B220,14.50,[100.00,186.42,30.78]	45:A100,11.00,[100.00,30.33,30.33]	
0:A100,10.90,[100.00,02.45,04.10]	5:A100,12.20,[100.00,08.71,52.51]	10:A100,11.90,[100.00,04.20,07.42]	15:B000,11.60,[100.00,48.21,29.40]	20:A100,14.10,[100.00,33.55,28.04]	25:A100,13.60,[100.00,36.73,19.87]	30:A100,11.80,[100.00,31.40,19.77]	35:A100,12.50,[100.00,21.84,44.72]	40:B000,14.50,[100.00,34.75,30.78]	45:A100,11.50,[100.00,30.33,30.33]	
0:A100,11.40,[100.00,02.45,04.10]	5:A100,12.70,[100.00,08.71,52.51]	10:A100,12.40,[100.00,04.20,07.42]	15:A100,12.10,[100.00,48.21,29.40]	20:A100,14.60,[100.00,33.55,28.04]	25:A100,14.10,[100.00,36.73,19.87]	30:A100,12.30,[100.00,31.40,19.77]	35:A100,13.00,[100.00,21.84,44.72]	40:A100,15.00,[100.00,34.75,30.78]	45:A100,12.00,[100.00,30.33,30.33]	
0:A100,11.90,[100.00,02.45,04.10]	5:A100,13.20,[100.00,08.71,52.51]	10:A100,12.90,[100.00,04.20,07.42]	15:A100,12.60,[100.00,48.21,29.40]	20:A100,15.10,[100.00,33.55,28.04]	25:A100,14.60,[100.00,36.73,19.87]	30:A100,12.80,[100.00,31.40,19.77]	35:A100,13.50,[100.00,21.84,44.72]	40:A100,15.50,[100.00,34.75,30.78]	45:A100,12.50,[100.00,30.33,30.33]	
0:A100,12.40,[100.00,02.45,04.10]	5:A100,13.70,[100.00,08.71,52.51]	10:A100,13.40,[100.00,04.20,07.42]	15:A100,13.10,[100.00,48.21,29.40]	20:A100,15.60,[100.00,33.55,28.04]	25:A100,15.10,[100.00,36.73,19.87]	30:A100,13.30,[100.00,31.40,19.77]	35:A100,14.00,[100.00,21.84,44.72]	40:A100,16.00,[100.00,34.75,30.78]	45:A100,13.00,[100.00,30.33,30.33]	
0:A100,12.90,[100.00,02.45,04.10]	5:A100,14.20,[100.00,08.71,52.51]	10:A100,13.90,[100.00,04.20,07.42]	15:A100,13.60,[100.00,48.21,29.40]	20:A100,16.10,[100.00,33.55,28.04]	25:A100,15.60,[100.00,36.73,19.87]	30:A100,13.80,[100.00,31.40,19.77]	35:C180,14.90,[100.00,21.84,136.10]	40:A100,16.50,[100.00,34.75,30.78]	45:A100,13.50,[100.00,30.33,30.33]	
0:A100,13.40,[100.00,02.45,04.10]	5:C000,14.20,[100.00,08.71,15.49]	10:A100,14.40,[100.00,04.20,07.42]	15:A100,14.10,[100.00,48.21,29.40]	20:A100,16.60,[100.00,33.55,28.04]	25:A100,16.10,[100.00,36.73,19.87]	30:A100,14.30,[100.00,31.40,19.77]	35:A100,15.40,[100.00,21.84,136.10]	40:A100,17.00,[100.00,34.75,30.78]	45:A100,14.00,[100.00,30.33,30.33]	
0:A100,13.90,[100.00,02.45,04.10]	5:A100,14.70,[100.00,08.71,15.49]	10:A100,14.90,[100.00,04.20,07.42]	15:C180,15.00,[100.00,48.21,135.72]	20:A100,17.10,[100.00,33.55,28.04]	25:A100,16.60,[100.00,36.73,19.87]	30:A100,14.80,[100.00,31.40,19.77]	35:C180,16.30,[100.00,21.84,165.75]	40:A100,17.50,[100.00,34.75,30.78]	45:A100,14.50,[100.00,30.33,30.33]	
0:A100,14.40,[100.00,02.45,04.10]	5:A100,15.20,[100.00,08.71,15.49]	10:A100,15.40,[100.00,04.20,07.42]	15:C180,15.90,[100.00,48.21,166.98]	20:A100,17.60,[100.00,33.55,28.04]	25:A100,17.10,[100.00,36.73,19.87]	30:A100,15.30,[100.00,31.40,19.77]	35:C180,17.20,[100.00,21.84,175.38]	40:A100,18.00,[100.00,34.75,30.78]	45:A100,15.00,[100.00,30.33,30.33]	
0:A100,14.90,[100.00,02.45,04.10]	5:A100,15.70,[100.00,08.71,15.49]	10:A100,15.90,[100.00,04.20,07.42]	15:C000,15.90,[100.00,48.21,49.09]	20:A100,18.10,[100.00,33.55,28.04]	25:A100,17.60,[100.00,36.73,19.87]	30:A100,15.80,[100.00,31.40,19.77]	35:C180,18.10,[100.00,21.84,178.50]	40:A100,18.50,[100.00,34.75,30.78]	45:A100,15.50,[100.00,30.33,30.33]	
0:A100,15.40,[100.00,02.45,04.10]	5:A100,16.20,[100.00,08.71,15.49]	10:A100,16.40,[100.00,04.20,07.42]	15:A100,16.40,[100.00,48.21,49.09]	20:A100,18.60,[100.00,33.55,28.04]	25:B220,18.70,[100.00,183.59,19.87]	30:A100,16.30,[100.00,31.40,19.77]	35:C000,18.10,[100.00,21.84,57.93]	40:A100,19.00,[100.00,34.75,30.78]	45:A100,16.00,[100.00,30.33,30.33]	
0:A100,15.90,[100.00,02.45,04.10]	5:A100,16.70,[100.00,08.71,15.49]	10:A100,16.90,[100.00,04.20,07.42]	15:A100,16.90,[100.00,48.21,49.09]	20:A100,19.10,[100.00,33.55,28.04]	25:B000,18.70,[100.00,36.47,19.87]	30:A100,16.80,[100.00,31.40,19.77]	35:B000,18.10,[100.00,07.09,57.93]	40:C180,19.90,[100.00,34.75,152.18]	45:A100,16.50,[100.00,30.33,30.33]	
0:A100,16.40,[100.00,02.45,04.10]	5:A100,17.20,[100.00,08.71,15.49]	10:A100,17.40,[100.00,04.20,07.42]	15:A100,17.40,[100.00,48.21,49.09]	20:A100,19.60,[100.00,33.55,28.04]	25:A100,19.20,[100.00,36.47,19.87]	30:A100,17.30,[100.00,31.40,19.77]	35:A100,18.60,[100.00,07.09,57.93]	40:C180,20.80,[100.00,34.75,174.81]	45:A100,17.00,[100.00,30.33,30.33]	
0:A100,16.90,[100.00,02.45,04.10]	5:A100,17.70,[100.00,08.71,15.49]	10:A100,17.90,[100.00,04.20,07.42]	15:A100,17.90,[100.00,48.21,49.09]	20:A100,20.10,[100.00,33.55,28.04]	25:A100,19.70,[100.00,36.47,19.87]	30:A100,17.80,[100.00,31.40,19.77]	35:A100,19.10,[100.00,07.09,57.93]	40:C000,20.80,[100.00,34.75,32.59]	45:A100,17.50,[100.00,30.33,30.33]	
0:A100,17.40,[100.00,02.45,04.10]	5:A100,18.20,[100.00,08.71,15.49]	10:A100,18.40,[100.00,04.20,07.42]	15:B000,17.90,[100.00,14.17,49.09]	20:A100,20.60,[100.00,33.55,28.04]	25:B000,19.70,[100.00,07.24,19.87]	30:A100,18.30,[100.00,31.40,19.77]	35:A100,19.60,[100.00,07.09,57.93]	40:A100,21.30,[100.00,34.75,32.59]	45:A100,18.00,[100.00,30.33,30.33]	
0:A100,17.90,[100.00,02.45,04.10]	5:A100,18.70,[100.00,08.71,15.49]	10:A100,18.90,[100.00,04.20,07.42]	15:A100,18.40,[100.00,14.17,49.09]	20:A100,21.10,[100.00,33.55,28.04]	25:A100,20.20,[100.00,07.24,19.87]	30:A100,18.80,[100.00,31.40,19.77]	35:A100,20.10,[100.00,07.09,57.93]	40:A100,21.80,[100.00,34.75,32.59]	45:A100,18.50,[100.00,30.33,30.33]	
0:A100,18.40,[100.00,02.45,04.10]	5:A100,19.20,[100.00,08.71,15.49]	10:A100,19.40,[100.00,04.20,07.42]	15:A100,18.90,[100.00,14.17,49.09]	20:C000,21.10,[100.00,33.55,11.18]	25:A100,20.70,[100.00,07.24,19.87]	30:A100,19.30,[100.00,31.40,19.77]	35:A100,20.60,[100.00,07.09,57.93]	40:A100,22.30,[100.00,34.75,32.59]	45:A100,19.00,[100.00,30.33,30.33]	
0:A100,18.90,[100.00,02.45,04.10]	5:A100,19.70,[100.00,08.71,15.49]	10:A100,19.90,[100.00,04.20,07.42]	15:A100,19.40,[100.00,14.17,49.09]	20:A100,21.60,[100.00,33.55,11.18]	25:A100,21.20,[100.00,07.24,19.87]	30:A100,19.80,[100.00,31.40,19.77]	35:A100,21.10,[100.00,07.09,57.93]	40:A100,22.80,[100.00,34.75,32.59]	45:A100,19.50,[100.00,30.33,30.33]	
0:A100,19.40,[100.00,02.45,04.10]	5:A100,20.20,[100.00,08.71,15.49]	10:A100,20.40,[100.00,04.20,07.42]	15:A100,19.90,[100.00,14.17,49.09]	20:A100,22.10,[100.00,33.55,11.18]	25:A100,21.70,[100.00,07.24,19.87]	30:B220,20.90,[100.00,144.73,19.77]	35:A100,21.60,[100.00,07.09,57.93]	40:B220,23.90,[100.00,185.47,32.59]	45:A100,20.00,[100.00,30.33,30.33]	
0:A100,19.90,[100.00,02.45,04.10]	5:A100,20.70,[100.00,08.71,15.49]	10:A100,20.90,[100.00,04.20,07.42]	15:A100,20.40,[100.00,14.17,49.09]	20:A100,22.60,[100.00,33.55,11.18]	25:A100,22.20,[100.00,07.24,19.87]	30:B220,22.00,[100.00,189.96,19.77]	35:A100,22.10,[100.00,07.09,57.93]	40:B220,25.00,[100.00,213.56,32.59]	45:A100,20.50,[100.00,30.33,30.33]	
0:C180,20.80,[100.00,02.45,152.48]	5:A100,21.20,[100.00,08.71,15.49]	10:A100,21.40,[100.00,04.20,07.42]	15:A100,20.90,[100.00,14.17,49.09]	20:A100,23.10,[100.00,33.55,11.18]	25:A100,22.70,[100.00,07.24,19.87]	30:B000,22.00,[100.00,75.82,19.77]	35:A100,22.60,[100.00,07.09,57.93]	40:B000,25.00,[100.00,39.81,32.59]	45:A100,21.00,[100.00,30.33,30.33]	
0:C180,21.70,[100.00,02.45,175.69]	5:A100,21.70,[100.00,08.71,15.49]	10:A100,21.90,[100.00,04.20,07.42]	15:A100,21.40,[100.00,14.17,49.09]	20:A100,23.60,[100.00,33.55,11.18]	25:A100,23.20,[100.00,07.24,19.87]	30:C180,22.90,[100.00,75.82,116.05]	35:A100,23.10,[100.00,07.09,57.93]	40:A100,25.50,[100.00,39.81,32.59]	45:A100,21.50,[100.00,30.33,30.33]	
0:C000,21.70,[100.00,02.45,27.49]	5:A100,22.20,[100.00,08.71,15.49]	10:A100,22.40,[100.00,04.20,07.42]	15:A100,21.90,[100.00,14.17,49.09]	20:A100,24.10,[100.00,33.55,11.18]	25:A100,23.70,[100.00,07.24,19.87]	30:A100,23.40,[100.00,75.82,116.05]	35:A100,23.60,[100.00,07.09,57.93]	40:A100,26.00,[100.00,39.81,32.59]	45:A100,22.00,[100.00,30.33,30.33]	
0:C000,21.70,[100.00,02.45,04.30]	5:A100,22.70,[100.00,08.71,15.49]	10:A100,22.90,[100.00,04.20,07.42]	15:A100,22.40,[100.00,14.17,49.09]	20:A100,24.60,[100.00,33.55,11.18]	25:A100,24.20,[100.00,07.24,19.87]	30:A100,23.90,[100.00,75.82,116.05]	35:A100,24.10,[100.00,07.09,57.93]	40:A100,26.50,[100.00,39.81,32.59]	45:A100,22.50,[100.00,30.33,30.33]	
0:A100,22.20,[100.00,02.45,04.30]	5:A100,23.20,[100.00,08.71,15.49]	10:A100,23.40,[100.00,04.20,07.42]	15:A100,22.90,[100.00,14.17,49.09]	20:B000,24.60,[100.00,13.37,11.18]	25:A100,24.70,[100.00,07.24,19.87]	30:A100,24.40,[100.00,75.82,116.05]	35:A100,24.60,[100.00,07.09,57.93]	40:A100,27.00,[100.00,39.81,32.59]	45:A100,23.00,[100.00,30.33,30.33]	
0:A100,22.70,[100.00,02.45,04.30]	5:A100,23.70,[100.00,08.71,15.49]	10:B220,24.50,[100.00,210.94,07.42]	15:A100,23.40,[100.00,14.17,49.09]	20:A100,25.10,[100.00,13.37,11.18]	25:A100,25.20,[100.00,07.24,19.87]	30:C180,25.30,[100.00,75.82,154.47]	35:A100,25.10,[100.00,07.09,57.93]	40:A100,27.50,[100.00,39.81,32.59]	45:A100,23.50,[100.00,30.33,30.33]	
0:A100,23.20,[100.00,02.45,04.30]	5:A100,24.20,[100.00,08.71,15.49]	10:B000,24.50,[100.00,08.86,07.42]	15:A100,23.90,[100.00,14.17,49.09]	20:A100,25.60,[100.00,13.37,11.18]	25:A100,25.70,[100.00,07.24,19.87]	30:C180,26.20,[100.00,75.82,169.81]	35:A100,25.60,[100.00,07.09,57.93]	40:A100,28.00,[100.00,39.81,32.59]	45:A100,24.00,[100.00,30.33,30.33]	
0:A100,23.70,[100.00,02.45,04.30]	5:A100,24.70,[100.00,08.71,15.49]	10:A100,25.00,[100.00,08.86,07.42]	15:A100,24.40,[100.00,14.17,49.09]	20:A100,26.10,[100.00,13.37,11.18]	25:A100,26.20,[100.00,07.24,19.87]	30:C180,27.10,[100.00,75.82,175.93]	35:A100,26.10,[100.00,07.09,57.93]	40:A100,28.50,[100.00,39.81,32.59]	45:A100,24.50,[100.00,30.33,30.33]	
0:A100,24.20,[100.00,02.45,04.30]	5:A100,25.20,[100.00,08.71,15.49]	10:A100,25.50,[100.00,08.86,07.42]	15:A100,24.90,[100.00,14.17,49.09]	20:A100,26.60,[100.00,13.37,11.18]	25:A100,26.70,[100.00,07.24,19.87]	30:C180,28.00,[100.00,75.82,178.38]	35:A100,26.60,[100.00,07.09,57.93]	40:A100,29.00,[100.00,39.81,32.59]	45:A100,25.00,[100.00,30.33,30.33]	
0:A100,24.70,[100.00,02.45,04.30]	5:A100,25.70,[100.00,08.71,15.49]	10:A100,26.00,[100.00,08.86,07.42]	15:A100,25.40,[100.00,14.17,49.09]	20:A100,27.10,[100.00,13.37,11.18]	25:A100,27.20,[100.00,07.24,19.87]	30:C180,28.90,[100.00,75.82,179.35]	35:A100,27.10,[100.00,07.09,57.93]	40:A100,29.50,[100.00,39.81,32.59]	45:A100,25.50,[100.00,30.33,30.33]	
0:A100,25.20,[100.00,02.45,04.30]	5:A100,26.20,[100.00,08.71,15.49]	10:A100,26.50,[100.00,08.86,07.42]	15:A100,25.90,[100.00,14.17,49.09]	20:A100,27.60,[100.00,13.37,11.18]	25:A100,27.70,[100.00,07.24,19.87]	30:C180,29.80,[100.00,75.82,179.74]	35:A100,27.60,[100.00,07.09,57.93]	40:A100,30.00,[100.00,39.81,32.59]	45:A100,26.00,[100.00,30.33,30.33]	
0:A100,25.70,[100.00,02.45,04.30]	5:C180,27.10,[100.00,08.71,131.46]	10:A100,27.00,[100.00,08.86,07.42]	15:A100,26.40,[100.00,14.17,49.09]	20:A100,28.10,[100.00,13.37,11.18]	25:A100,28.20,[100.00,07.24,19.87]	30:A100,30.30,[100.00,75.82,179.74]	35:C000,27.60,[100.00,07.09,18.80]	40:A100,30.50,[100.00,39.81,32.59]	45:A100,26.50,[100.00,30.33,30.33]	
0:A100,26.20,[100.00,02.45,04.30]	5:C180,28.00,[100.00,08.71,165.68]	10:A100,27.50,[100.00,08.86,07.42]	15:A100,26.90,[100.00,14.17,49.09]	20:A100,28.60,[100.00,13.37,11.18]	25:A100,28.70,[100.00,07.24,19.87]	30:C180,31.20,[100.00,75.82,179.90]	35:A100,28.10,[100.00,07.09,18.80]	40:A100,31.00,[100.00,39.81,32.59]	45:A100,27.00,[100.00,30.33,30.33]	
0:A100,26.70,[100.00,02.45,04.30]	5:C180,28.90,[100.00,08.71,175.77]	10:A100,28.00,[100.00,08.86,07.42]	15:C000,26.90,[100.00,14.17,14.43]	20:A100,29.10,[100.00,13.37,11.18]	25:C180,29.60,[100.00,07.24,148.19]	30:C180,32.10,[100.00,75.82,179.96]	35:A100,28.60,[100.00,07.09,18.80]	40:A100,31.50,[100.00,39.81,32.59]	45:A100,27.50,[100.00,30.33,30.33]	
0:A100,27.20,[100.00,02.45,04.30]	5:C180,29.80,[100.00,08.71,178.75]	10:A100,28.50,[100.00,08.86,07.42]	15:A100,27.40,[100.00,14.17,14.43]	20:A100,29.60,[100.00,13.37,11.18]	25:C180,30.50,[100.00,07.24,173.68]	30:C000,32.10,[100.00,75.82,71.83]	35:A100,29.10,[100.00,07.09,18.80]	40:A100,32.00,[100.00,39.81,32.59]	45:A100,28.00,[100.00,30.33,30.33]	
0:A100,27.70,[100.00,02.45,04.30]	5:C000,29.80,[100.00,08.71,52.75]	10:A100,29.00,[100.00,08.86,07.42]	15:A100,27.90,[100.00,14.17,14.43]	20:A100,30.10,[100.00,13.37,11.18]	25:C180,31.40,[100.00,07.24,178.74]	30:A100,32.60,[100.00,75.82,71.83]	35:A100,29.60,[100.00,07.09,18.80]	40:A100,32.50,[100.00,39.81,32.59]	45:A100,28.50,[100.00,30.33,30.33]	
0:A100,28.20,[100.00,02.45,04.30]	5:C000,29.80,[100.00,08.71,15.56]	10:A100,29.50,[100.00,08.86,07.42]	15:A100,28.40,[100.00,14.17,14.43]	20:A100,30.60,[100.00,13.37,11.18]	25:C180,32.30,[100.00,07.24,179.75]	30:A100,33.10,[100.00,75.82,71.83]	35:A100,30.10,[100.00,07.09,18.80]	40:A100,33.00,[100.00,39.81,32.59]	45:A100,29.00,[100.00,30.33,30.33]	
0:A100,28.70,[100.00,02.45,04.30]	5:A100,30.30,[100.00,08.71,15.56]	10:A100,30.00,[100.00,08.86,07.42]	15:A100,28.90,[100.00,14.17,14.43]	20:A100,31.10,[100.00,13.37,11.18]	25:C000,32.30,[100.00,07.24,35.71]	30:A100,33.60,[100.00,75.82,71.83]	35:A100,30.60,[100.00,07.09,18.80]	40:A100,33.50,[100.00,39.81,32.59]	45:A100,29.50,[100.00,30.33,30.33]	
0:A100,29.20,[100.00,02.45,04.30]	5:B000,30.30,[100.00,02.57,15.56]	10:A100,30.50,[100.00,08.86,07.42]	15:A100,29.40,[100.00,14.17,14.43]	20:A100,31.60,[100.00,13.37,11.18]	25:A100,32.80,[100.00,07.24,35.71]	30:B220,34.70,[100.00,162.45,71.83]	35:A100,31.10,[100.00,07.09,18.80]	40:A100,34.00,[100.00,39.81,32.59]	45:A100,30.00,[100.00,30.33,30.33]	
0:A100,29.70,[100.00,02.45,04.30]	5:A100,30.80,[100.00,02.57,15.56]	10:A100,31.00,[100.00,08.86,07.42]	15:A100,29.90,[100.00,14.17,14.43]	20:A100,32.10,[100.00,13.37,11.18]	25:A100,33.30,[100.00,07.24,35.71]	30:B220,35.80,[100.00,197.03,71.83]	35:A100,31.60,[100.00,07.09,18.80]	40:A100,34.50,[100.00,39.81,32.59]	45:A100,30.50,[100.00,30.33,30.33]	
0:A100,30.20,[100.00,02.45,04.30]	5:A100,31.30,[100.00,02.57,15.56]	10:A100,31.50,[100.00,08.86,07.42]	15:A100,30.40,[100.00,14.17,14.43]	20:A100,32.60,[100.00,13.37,11.18]	25:A100,33.80,[100.00,07.24,35.71]	30:B220,36.90,[100.00,210.83,71.83]	35:A100,32.10,[100.00,07.09,18.80]	40:A100,35.00,[100.00,39.81,32.59]	45:A100,31.00,[100.00,30.33,30.33]	
0:A100,30.70,[100.00,02.45,04.30]	5:A100,31.80,[100.00,02.57,15.56]	10:A100,32.00,[100.00,08.86,07.42]	15:A100,30.90,[100.00,14.17,14.43]	20:A100,33.10,[100.00,13.37,11.18]	25:A100,34.30,[100.00,07.24,35.71]	30:B220,38.00,[100.00,216.34,71.83]	35:A100,32.60,[100.00,07.09,18.80]	40:A100,35.50,[100.00,39.81,32.59]	45:A100,31.50,[100.00,30.33,30.33]	
0:A100,31.20,[100.00,02.45,04.30]	5:A100,32.30,[100.00,02.57,15.56]	10:A100,32.50,[100.00,08.86,07.42]	15:A100,31.40,[100.00,14.17,14.43]	20:A100,33.60,[100.00,13.37,11.18]	25:A100,34.80,[100.00,07.24,35.71]	30:B000,38.00,[100.00,86.35,71.83]	35:A100,33.10,[100.00,07.09,18.80]	40:A100,36.00,[100.00,39.81,32.59]	45:A100,32.00,[100.00,30.33,30.33]	
0:A100,31.70,[100.00,02.45,04.30]	5:A100,32.80,[100.00,02.57,15.56]	10:B000,32.50,[100.00,00.37,07.42]	15:A100,31.90,[100.00,14.17,14.43]	20:A100,34.10,[100.00,13.37,11.18]	25:A100,35.30,[100.00,07.24,35.71]	30:C000,38.00,[100.00,86.35,28.67]	35:A100,33.60,[100.00,07.09,18.80]	40:A100,36.50,[100.00,39.81,32.59]	45:A100,32.50,[100.00,30.33,30.33]	
0:A100,32.20,[100.00,02.45,04.30]	5:A100,33.30,[100.00,02.57,15.56]	10:A100,33.00,[100.00,00.37,07.42]	15:A100,32.40,[100.00,14.17,14.43]	20:A100,34.60,[100.00,13.37,11.18]	25:A100,35.80,[100.00,07.24,35.71]	30:A100,38.50,[100.00,86.35,28.67]	35:A100,34.10,[100.00,07.09,18.80]	40:C000,36.50,[100.00,39.81,06.08]	45:A100,33.00,[100.00,30.33,30.33]	
0:A100,32.70,[100.00,02.45,04.30]	5:A100,33.80,[100.00,02.57,15.56]	10:A100,33.50,[100.00,00.37,07.42]	15:A100,32.90,[100.00,14.17,14.43]	20:A100,35.10,[100.00,13.37,11.18]	25:A100,36.30,[100.00,07.24,35.71]	30:B000,38.50,[100.00,34.46,28.67]	35:A100,34.60,[100.00,07.09,18.80]	40:A100,37.00,[100.00,39.81,06.08]	45:A100,33.50,[100.00,30.33,30.33]	
0:A100,33.20,[100.00,02.45,04.30]	5:A100,34.30,[100.00,02.57,15.56]	10:A100,34.00,[100.00,00.37,07.42]	15:A100,33.40,[100.00,14.17,14.43]	20:A100,35.60,[100.00,13.37,11.18]	25:A100,36.80,[100.00,07.24,35.71]	30:A100,39.00,[100.00,34.46,28.67]	35:A100,35.10,[100.00,07.09,18.80]	40:A100,37.50,[100.00,39.81,06.08]	45:A100,34.00,[100.00,30.33,30.33]	
0:A100,33.70,[100.00,02.45,04.30]	5:A100,34.80,[100.00,02.57,15.56]	10:A100,34.50,[100.00,00.37,07.42]	15:A100,33.90,[100.00,14.17,14.43]	20:A100,36.10,[100.00,13.37,11.18]	25:A100,37.30,[100.00,07.24,35.71]	30:A100,39.50,[100.00,34.46,28.67]	35:A100,35.60,[100.00,07.09,18.80]	40:B220,38.60,[100.00,186.41,06.08]	45:A100,34.50,[100.00,30.33,30.33]	
0:A100,34.20,[100.00,02.45,04.30]	5:A100,35.30,[100.00,02.57,15.56]	10:A100,35.00,[100.00,00.37,07.42]	15:A100,34.40,[100.00,14.17,14.43]	20:A100,36.60,[100.00,13.37,11.18]	25:A100,37.80,[100.00,07.24,35.71]	30:A100,40.00,[100.00,34.46,28.67]	35:A100,36.10,[100.00,07.09,18.80]	40:B220,39.70,[100.00,213.74,06.08]	45:B000,34.50,[100.00,09.20,30.33]	
0:A100,34.70,[100.00,02.45,04.30]	5:A100,35.80,[100.00,02.57,15.56]	10:A100,35.50,[100.00,00.37,07.42]	15:A100,34.90,[100.00,14.17,14.43]	20:A100,37.10,[100.00,13.37,11.18]	25:A100,38.30,[100.00,07.24,35.71]	30:A100,40.50,[100.00,34.46,28.67]	35:A100,36.60,[100.00,07.09,18.80]	40:B000,39.70,[100.00,39.84,06.08]	45:A100,35.00,[100.00,09.20,30.33]	
0:A100,35.20,[100.00,02.45,04.30]	5:A100,36.30,[100.00,02.57,15.56]	10:A100,36.00,[100.00,00.37,07.42]	15:A100,35.40,[100.00,14.17,14.43]	20:A100,37.60,[100.00,13.37,11.18]	25:A100,38.80,[100.00,07.24,35.71]	30:A100,41.00,[100.00,34.46,28.67]	35:A100,37.10,[100.00,07.09,18.80]	40:A100,40.20,[100.00,39.84,06.08]	45:A100,35.50,[100.00,09.20,30.33]	
0:A100,35.70,[100.00,02.45,04.30]	5:A100,36.80,[100.00,02.57,15.56]	10:A100,36.50,[100.00,00.37,07.42]	15:A100,35.90,[100.00,14.17,14.43]	20:A100,38.10,[100.00,13.37,11.18]	25:A100,39.30,[100.00,07.24,35.71]	30:A100,41.50,[100.00,34.46,28.67]	35:A100,37.60,[100.00,07.09,18.80]	40:A100,40.70,[100.00,39.84,06.08]	45:A100,36.00,[100.00,09.20,30.33]	
0:A100,36.20,[100.00,02.45,04.30]	5:A100,37.30,[100.00,02.57,15.56]	10:A100,37.00,[100.00,00.37,07.42]	15:A100,36.40,[100.00,14.17,14.43]	20:A100,38.60,[100.00,13.37,11.18]	25:A100,39.80,[100.00,07.24,35.71]	30:A100,42.00,[100.00,34.46,28.67]	35:A100,38.10,[100.00,07.09,18.80]	40:A100,41.20,[100.00,39.84,06.08]	45:A100,36.50,[100.00,09.20,30.33]	
0:A100,36.70,[100.00,02.45,04.30]	5:A100,37.80,[100.00,02.57,15.56]	10:A100,37.50,[100.00,00.37,07.42]	15:A100,36.90,[100.00,14.17,14.43]	20:A100,39.10,[100.00,13.37,11.18]	25:A100,40.30,[100.00,07.24,35.71]	30:A100,42.50,[100.00,34.46,28.67]	35:A100,38.60,[100.00,07.09,18.80]	40:A100,41.70,[100.00,39.84,06.08]	45:A100,37.00,[100.00,09.20,30.33]	
0:A100,37.20,[100.00,02.45,04.30]	5:A100,38.30,[100.00,02.57,15.56]	10:A100,38.00,[100.00,00.37,07.42]	15:A100,37.40,[100.00,14.17,14.43]	20:A100,39.60,[100.00,13.37,11.18]	25:A100,40.80,[100.00,07.24,35.71]	30:A100,43.00,[100.00,34.46,28.67]	35:A100,39.10,[100.00,07.09,18.80]	40:A100,42.20,[100.00,39.84,06.08]	45:A100,37.50,[100.00,09.20,30.33]	
0:A100,37.70,[100.00,02.45,04.30]	5:A100,38.80,[100.00,02.57,15.56]	10:A100,38.50,[100.00,00.37,07.42]	15:A100,37.90,[100.00,14.17,14.43]	20:A100,40.10,[100.00,13.37,11.18]	25:A100,41.30,[100.00,07.24,35.71]	30:A100,43.50,[100.00,34.46,28.67]	35:A100,39.60,[100.00,07.09,18.80]	40:A100,42.70,[100.00,39.84,06.08]	45:A100,38.00,[100.00,09.20,30.33]	
0:A100,38.20,[100.00,02.45,04.30]	5:A100,39.30,[100.00,02.57,15.56]	10:A100,39.00,[100.00,00.37,07.42]	15:A100,38.40,[100.00,14.17,14.43]	20:A100,40.60,[100.00,13.37,11.18]	25:A100,41.80,[100.00,07.24,35.71]	30:A100,44.00,[100.00,34.46,28.67]	35:A100,40.10,[100.00,07.09,18.80]	40:A100,43.20,[100.00,39.84,06.08]	45:A100,38.50,[100.00,09.20,30.33]	
0:A100,38.70,[100.00,02.45,04.30]	5:A100,39.80,[100.00,02.57,15.56]	10:A100,39.50,[100.00,00.37,07.42]	15:A100,38.90,[100.00,14.17,14.43]	20:A100,41.10,[100.00,13.37,11.18]	25:A100,42.30,[100.00,07.24,35.71]	30:A100,44.50,[100.00,34.46,28.67]	35:A100,40.60,[100.00,07.09,18.80]	40:B000,43.20,[100.00,07.43,06.08]	45:C180,39.40,[100.00,09.20,134.60]	
0:A100,39.20,[100.00,02.45,04.30]	5:A100,40.30,[100.00,02.57,15.56]	10:A100,40.00,[100.00,00.37,07.42]	15:A100,39.40,[100.00,14.17,14.43]	20:A100,41.60,[100.00,13.37,11.18]	25:A100,42.80,[100.00,07.24,35.71]	30:B220,45.60,[100.00,145.95,28.67]	35:A100,41.10,[100.00,07.09,18.80]	40:A100,43.70,[100.00,07.43,06.08]	45:A100,39.90,[100.00,09.20,134.60]	
0:A100,39.70,[100.00,02.45,04.30]	5:A100,40.80,[100.00,02.57,15.56]	10:A100,40.50,[100.00,00.37,07.42]	15:A100,39.90,[100.00,14.17,14.43]	20:A100,42.10,[100.00,13.37,11.18]	25:A100,43.30,[100.00,07.24,35.71]	30:B220,46.70,[100.00,190.44,28.67]	35:A100,41.60,[100.00,07.09,18.80]	40:A100,44.20,[100.00,07.43,06.08]	45:C000,39.90,[100.00,09.20,40.83]	
0:A100,40.20,[100.00,02.45,04.30]	5:A100,41.30,[100.00,02.57,15.56]	10:A100,41.00,[100.00,00.37,07.42]	15:A100,40.40,[100.00,14.17,14.43]	20:A100,42.60,[100.00,13.37,11.18]	25:A100,43.80,[100.00,07.24,35.71]	30:B000,46.70,[100.00,76.01,28.67]	35:A100,42.10,[100.00,07.09,18.80]	40:A100,44.70,[100.00,07.43,06.08]	45:A100,40.40,[100.00,09.20,40.83]	
0:A100,40.70,[100.00,02.45,04.30]	5:A100,41.80,[100.00,02.57,15.56]	10:A100,41.50,[100.00,00.37,07.42]	15:A100,40.90,[100.00,14.17,14.43]	20:A100,43.10,[100.00,13.37,11.18]	25:A100,44.30,[100.00,07.24,35.71]	30:A100,47.20,[100.00,76.01,28.67]	35:A100,42.60,[100.00,07.09,18.80]	40:A100,45.20,[100.00,07.43,06.08]	45:A100,40.90,[100.00,09.20,40.83]	
0:A100,41.20,[100.00,02.45,04.30]	5:A100,42.30,[100.00,02.57,15.56]	10:A100,42.00,[100.00,00.37,07.42]	15:A100,41.40,[100.00,14.17,14.43]	20:A100,43.60,[100.00,13.37,11.18]	25:A100,44.80,[100.00,07.24,35.71]	30:A100,47.70,[100.00,76.01,28.67]	35:A100,43.10,[100.00,07.09,18.80]	40:A100,45.70,[100.00,07.43,06.08]	45:A100,41.40,[100.00,09.20,40.83]	
0:A100,41.70,[100.00,02.45,04.30]	5:A100,42.80,[100.00,02.57,15.56]	10:A100,42.50,[100.00,00.37,07.42]	15:A100,41.90,[100.00,14.17,14.43]	20:A100,44.10,[100.00,13.37,11.18]	25:A100,45.30,[100.00,07.24,35.71]	30:A100,48.20,[100.00,76.01,28.67]	35:A100,43.60,[100.00,07.09,18.80]	40:A100,46.20,[100.00,07.43,06.08]	45:A100,41.90,[100.00,09.20,40.83]	
0:A100,42.20,[100.00,02.45,04.30]	5:A100,43.30,[100.00,02.57,15.56]	10:A100,43.00,[100.00,00.37,07.42]	15:A100,42.40,[100.00,14.17,14.43]	20:A100,44.60,[100.00,13.37,11.18]	25:A100,45.80,[100.00,07.24,35.71]	30:A100,48.70,[100.00,76.01,28.67]	35:A100,44.10,[100.00,07.09,18.80]	40:A100,46.70,[100.00,07.43,06.08]	45:A100,42.40,[100.00,09.20,40.83]	
0:A100,42.70,[100.00,02.45,04.30]	5:A100,43.80,[100.00,02.57,15.56]	10:A100,43.50,[100.00,00.37,07.42]	15:A100,42.90,[100.00,14.17,14.43]	20:A100,45.10,[100.00,13.37,11.18]	25:C180,46.70,[100.00,07.24,151.34]	30:A100,49.20,[100.00,76.01,28.67]	35:A100,44.60,[100.00,07.09,18.80]	40:A100,47.20,[100.00,07.43,06.08]	45:A100,42.90,[100.00,09.20,40.83]	
0:A100,43.20,[100.00,02.45,04.30]	5:A100,44.30,[100.00,02.57,15.56]	10:A100,44.00,[100.00,00.37,07.42]	15:A100,43.40,[100.00,14.17,14.43]	20:A100,45.60,[100.00,13.37,11.18]	25:C000,46.70,[100.00,07.24,30.06]	30:A100,49.70,[100.00,76.01,28.67]	35:A100,45.10,[100.00,07.09,18.80]	40:A100,47.70,[100.00,07.43,06.08]	45:A100,43.40,[100.00,09.20,40.83]	
0:A100,43.70,[100.00,02.45,04.30]	5:A100,44.80,[100.00,02.57,15.56]	10:A100,44.50,[100.00,00.37,07.42]	15:A100,43.90,[100.00,14.17,14.43]	20:A100,46.10,[100.00,13.37,11.18]	25:A100,47.20,[100.00,07.24,30.06]	30:B000,49.70,[100.00,30.34,28.67]	35:A100,45.60,[100.00,07.09,18.80]	40:A100,48.20,[100.00,07.43,06.08]	45:A100,43.90,[100.00,09.20,40.83]	
0:A100,44.20,[100.00,02.45,04.30]	5:A100,45.30,[100.00,02.57,15.56]	10:A100,45.00,[100.00,00.37,07.42]	15:A100,44.40,[100.00,14.17,14.43]	20:A100,46.60,[100.00,13.37,11.18]	25:A100,47.70,[100.00,07.24,30.06]	30:A100,50.20,[100.00,30.34,28.67]	35:A100,46.10,[100.00,07.09,18.80]	40:A100,48.70,[100.00,07.43,06.08]	45:A100,44.40,[100.00,09.20,40.83]	
0:A100,44.70,[100.00,02.45,04.30]	5:A100,45.80,[100.00,02.57,15.56]	10:A100,45.50,[100.00,00.37,07.42]	15:A100,44.90,[100.00,14.17,14.43]	20:A100,47.10,[100.00,13.37,11.18]	25:A100,48.20,[100.00,07.24,30.06]	30:A100,50.70,[100.00,30.34,28.67]	35:A100,46.60,[100.00,07.09,18.80]	40:A100,49.20,[100.00,07.43,06.08]	45:A100,44.90,[100.00,09.20,40.83]	
0:A100,45.20,[100.00,02.45,04.30]	5:A100,46.30,[100.00,02.57,15.56]	10:A100,46.00,[100.00,00.37,07.42]	15:A100,45.40,[100.00,14.17,14.43]	20:A100,47.60,[100.00,13.37,11.18]	25:A100,48.70,[100.00,07.24,30.06]	30:A100,51.20,[100.00,30.34,28.67]	35:A100,47.10,[100.00,07.09,18.80]	40:A100,49.70,[100.00,07.43,06.08]	45:A100,45.40,[100.00,09.20,40.83]	
0:A100,45.70,[100.00,02.45,04.30]	5:A100,46.80,[100.00,02.57,15.56]	10:A100,46.50,[100.00,00.37,07.42]	15:A100,45.90,[100.00,14.17,14.43]	20:A100,48.10,[100.00,13.37,11.18]	25:A100,49.20,[100.00,07.24,30.06]	30:A100,51.70,[100.00,30.34,28.67]	35:A100,47.60,[100.00,07.09,18.80]	40:A100,50.20,[100.00,07.43,06.08]	45:A100,45.90,[100.00,09.20,40.83]	
0:A100,46.20,[100.00,02.45,04.30]	5:A100,47.30,[100.00,02.57,15.56]	10:A100,47.00,[100.00,00.37,07.42]	15:A100,46.40,[100.00,14.17,14.43]	20:A100,48.60,[100.00,13.37,11.18]	25:A100,49.70,[100.00,07.24,30.06]	30:A100,52.20,[100.00,30.34,28.67]	35:A100,48.10,[100.00,07.09,18.80]	40:A100,50.70,[100.00,07.43,06.08]	45:A100,46.40,[100.00,09.20,40.83]	
0:A100,46.70,[100.00,02.45,04.30]	5:A100,47.80,[100.00,02.57,15.56]	10:A100,47.50,[100.00,00.37,07.42]	15:A100,46.90,[100.00,14.17,14.43]	20:A100,49.10,[100.00,13.37,11.18]	25:A100,50.20,[100.00,07.24,30.06]	30:A100,52.70,[100.00,30.34,28.67]	35:A100,48.60,[100.00,07.09,18.80]	40:A100,51.20,[100.00,07.43,06.08]	45:A100,46.90,[100.00,09.20,40.83]	
0:A100,47.20,[100.00,02.45,04.30]	5:A100,48.30,[100.00,02.57,15.56]	10:A100,48.00,[100.00,00.37,07.42]	15:A100,47.40,[100.00,14.17,14.43]	20:A100,49.60,[100.00,13.37,11.18]	25:A100,50.70,[100.00,07.24,30.06]	30:A100,53.20,[100.00,30.34,28.67]	35:A100,49.10,[100.00,07.09,18.80]	40:A100,51.70,[100.00,07.43,06.08]	45:A100,47.40,[100.00,09.20,40.83]	
0:A100,47.70,[100.00,02.45,04.30]	5:A100,48.80,[100.00,02.57,15.56]	10:A100,48.50,[100.00,00.37,07.42]	15:A100,47.90,[100.00,14.17,14.43]	20:A100,50.10,[100.00,13.37,11.18]	25:A100,51.20,[100.00,07.24,30.06]	30:A100,53.70,[100.00,30.34,28.67]	35:A100,49.60,[100.00,07.09,18.80]	40:A100,52.20,[100.00,07.43,06.08]	45:A100,47.90,[100.00,09.20,40.83]	
0:A100,48.20,[100.00,02.45,04.30]	5:A100,49.30,[100.00,02.57,15.56]	10:A100,49.00,[100.00,00.37,07.42]	15:A100,48.40,[100.00,14.17,14.43]	20:A100,50.60,[100.00,13.37,11.18]	25:A100,51.70,[100.00,07.24,30.06]	30:A100,54.20,[100.00,30.34,28.67]	35:A100,50.10,[100.00,07.09,18.80]	40:A100,52.70,[100.00,07.43,06.08]	45:A100,48.40,[100.00,09.20,40.83]	
0:A100,48.70,[100.00,02.45,04.30]	5:A100,49.80,[100.00,02.57,15.56]	10:A100,49.50,[100.00,00.37,07.42]	15:A100,48.90,[100.00,14.17,14.43]	20:A100,51.10,[100.00,13.37,11.18]	25:A100,52.20,[100.00,07.24,30.06]	30:A100,54.70,[100.00,30.34,28.67]	35:A100,50.60,[100.00,07.09,18.80]	40:A100,53.20,[100.00,07.43,06.08]	45:A100,48.90,[100.00,09.20,40.83]	
0:A100,49.20,[100.00,02.45,04.30]	5:A100,50.30,[100.00,02.57,15.56]	10:A100,50.00,[100.00,00.37,07.42]	15:A100,49.40,[100.00,14.17,14.43]	20:A100,51.60,[100.00,13.37,11.18]	25:A100,52.70,[100.00,07.24,30.06]	30:A100,55.20,[100.00,30.34,28.67]	35:A100,51.10,[100.00,07.09,18.80]	40:A100,53.70,[100.00,07.43,06.08]	45:A100,49.40,[100.00,09.20,40.83]	
0:A100,49.70,[100.00,02.45,04.30]	5:A100,50.80,[100.00,02.57,15.56]	10:A100,50.50,[100.00,00.37,07.42]	15:A100,49.90,[100.00,14.17,14.43]	20:A100,52.10,[100.00,13.37,11.18]	25:B220,53.80,[100.00,177.74,30.06]	30:A100,55.70,[100.00,30.34,28.67]	35:A100,51.60,[100.00,07.09,18.80]	40:A100,54.20,[100.00,07.43,06.08]	45:A100,49.90,[100.00,09.20,40.83]	
0:A100,50.20,[100.00,02.45,04.30]	5:A100,51.30,[100.00,02.57,15.56]	10:A100,51.00,[100.00,00.37,07.42]	15:A100,50.40,[100.00,14.17,14.43]	20:A100,52.60,[100.00,13.37,11.18]	25:B220,54.90,[100.00,211.60,30.06]	30:A100,56.20,[100.00,30.34,28.67]	35:A100,52.10,[100.00,07.09,18.80]	40:A100,54.70,[100.00,07.43,06.08]	45:A100,50.40,[100.00,09.20,40.83]	
0:A100,50.70,[100.00,02.45,04.30]	5:A100,51.80,[100.00,02.57,15.56]	10:A100,51.50,[100.00,00.37,07.42]	15:A100,50.90,[100.00,14.17,14.43]	20:B000,52.60,[100.00,05.33,11.18]	25:B220,56.00,[100.00,218.33,30.06]	30:B000,56.20,[100.00,12.11,28.67]	35:A100,52.60,[100.00,07.09,18.80]	40:A100,55.20,[100.00,07.43,06.08]	45:A100,50.90,[100.00,09.20,40.83]	
0:A100,51.20,[100.00,02.45,04.30]	5:A100,52.30,[100.00,02.57,15.56]	10:A100,52.00,[100.00,00.37,07.42]	15:A100,51.40,[100.00,14.17,14.43]	20:A100,53.10,[100.00,05.33,11.18]	25:B000,56.00,[100.00,43.37,30.06]	30:A100,56.70,[100.00,12.11,28.67]	35:A100,53.10,[100.00,07.09,18.80]	40:A100,55.70,[100.00,07.43,06.08]	45:A100,51.40,[100.00,09.20,40.83]	
0:A100,51.70,[100.00,02.45,04.30]	5:A100,52.80,[100.00,02.57,15.56]	10:A100,52.50,[100.00,00.37,07.42]	15:A100,51.90,[100.00,14.17,14.43]	20:A100,53.60,[100.00,05.33,11.18]	25:A100,56.50,[100.00,43.37,30.06]	30:A100,57.20,[100.00,12.11,28.67]	35:A100,53.60,[100.00,07.09,18.80]	40:A100,56.20,[100.00,07.43,06.08]	45:A100,51.90,[100.00,09.20,40.83]	
0:A100,52.20,[100.00,02.45,04.30]	5:A100,53.30,[100.00,02.57,15.56]	10:A100,53.00,[100.00,00.37,07.42]	15:A100,52.40,[100.00,14.17,14.43]	20:A100,54.10,[100.00,05.33,11.18]	25:A100,57.00,[100.00,43.37,30.06]	30:A100,57.70,[100.00,12.11,28.67]	35:A100,54.10,[100.00,07.09,18.80]	40:B000,56.20,[100.00,01.38,06.08]	45:A100,52.40,[100.00,09.20,40.83]	
0:A100,52.70,[100.00,02.45,04.30]	5:A100,53.80,[100.00,02.57,15.56]	10:A100,53.50,[100.00,00.37,07.42]	15:A100,52.90,[100.00,14.17,14.43]	20:A100,54.60,[100.00,05.33,11.18]	25:A100,57.50,[100.00,43.37,30.06]	30:A100,58.20,[100.00,12.11,28.67]	35:A100,54.60,[100.00,07.09,18.80]	40:A100,56.70,[100.00,01.38,06.08]	45:A100,52.90,[100.00,09.20,40.83]	
0:A100,53.20,[100.00,02.45,04.30]	5:A100,54.30,[100.00,02.57,15.56]	10:A100,54.00,[100.00,00.37,07.42]	15:A100,53.40,[100.00,14.17,14.43]	20:A100,55.10,[100.00,05.33,11.18]	25:A100,58.00,[100.00,43.37,30.06]	30:A100,58.70,[100.00,12.11,28.67]	35:A100,55.10,[100.00,07.09,18.80]	40:A100,57.20,[100.00,01.38,06.08]	45:A100,53.40,[100.00,09.20,40.83]	
0:A100,53.70,[100.00,02.45,04.30]	5:A100,54.80,[100.00,02.57,15.56]	10:A100,54.50,[100.00,00.37,07.42]	15:A100,53.90,[100.00,14.17,14.43]	20:A100,55.60,[100.00,05.33,11.18]	25:A100,58.50,[100.00,43.37,30.06]	30:A100,59.20,[100.00,12.11,28.67]	35:A100,55.60,[100.00,07.09,18.80]	40:A100,57.70,[100.00,01.38,06.08]	45:A100,53.90,[100.00,09.20,40.83]	
0:A100,54.20,[100.00,02.45,04.30]	5:A100,55.30,[100.00,02.57,15.56]	10:A100,55.00,[100.00,00.37,07.42]	15:A100,54.40,[100.00,14.17,14.43]	20:A100,56.10,[100.00,05.33,11.18]	25:A100,59.00,[100.00,43.37,30.06]	30:A100,59.70,[100.00,12.11,28.67]	35:A100,56.10,[100.00,07.09,18.80]	40:A100,58.20,[100.00,01.38,06.08]	45:A100,54.40,[100.00,09.20,40.83]	
0:A100,54.70,[100.00,02.45,04.30]	5:A100,55.80,[100.00,02.57,15.56]	10:A100,55.50,[100.00,00.37,07.42]	15:A100,54.90,[100.00,14.17,14.43]	20:A100,56.60,[100.00,05.33,11.18]	25:A100,59.50,[100.00,43.37,30.06]	30:B000,59.70,[100.00,04.83,28.67]	35:A100,56.60,[100.00,07.09,18.80]	40:A100,58.70,[100.00,01.38,06.08]	45:A100,54.90,[100.00,09.20,40.83]	
0:A100,55.20,[100.00,02.45,04.30]	5:A100,56.30,[100.00,02.57,15.56]	10:A100,56.00,[100.00,00.37,07.42]	15:A100,55.40,[100.00,14.17,14.43]	20:A100,57.10,[100.00,05.33,11.18]	25:A100,60.00,[100.00,43.37,30.06]	30:A100,60.20,[100.00,04.83,28.67]	35:A100,57.10,[100.00,07.09,18.80]	40:A100,59.20,[100.00,01.38,06.08]	45:A100,55.40,[100.00,09.20,40.83]	
0:A100,55.70,[100.00,02.45,04.30]	5:A100,56.80,[100.00,02.57,15.56]	10:A100,56.50,[100.00,00.37,07.42]	15:A100,55.90,[100.00,14.17,14.43]	20:A100,57.60,[100.00,05.33,11.18]	25:B000,60.00,[100.00,08.62,30.06]	30:A100,60.70,[100.00,04.83,28.67]	35:A100,57.60,[100.00,07.09,18.80]	40:A100,59.70,[100.00,01.38,06.08]	45:A100,55.90,[100.00,09.20,40.83]	
0:A100,56.20,[100.00,02.45,04.30]	5:A100,57.30,[100.00,02.57,15.56]	10:A100,57.00,[100.00,00.37,07.42]	15:B220,57.00,[100.00,159.49,14.43]	20:A100,58.10,[100.00,05.33,11.18]	25:C000,60.00,[100.00,08.62,05.97]	30:A100,61.20,[100.00,04.83,28.67]	35:A100,58.10,[100.00,07.09,18.80]	40:A100,60.20,[100.00,01.38,06.08]	45:A100,56.40,[100.00,09.20,40.83]	
0:A100,56.70,[100.00,02.45,04.30]	5:A100,57.80,[100.00,02.57,15.56]	10:A100,57.50,[100.00,00.37,07.42]	15:B220,58.10,[100.00,202.21,14.43]	20:A100,58.60,[100.00,05.33,11.18]	25:A100,60.50,[100.00,08.62,05.97]	30:A100,61.70,[100.00,04.83,28.67]	35:A100,58.60,[100.00,07.09,18.80]	40:A100,60.70,[100.00,01.38,06.08]	45:A100,56.90,[100.00,09.20,40.83]	
0:A100,57.20,[100.00,02.45,04.30]	5:A100,58.30,[100.00,02.57,15.56]	10:A100,58.00,[100.00,00.37,07.42]	15:B000,58.10,[100.00,59.45,14.43]	20:A100,59.10,[100.00,05.33,11.18]	25:A100,61.00,[100.00,08.62,05.97]	30:A100,62.20,[100.00,04.83,28.67]	35:A100,59.10,[100.00,07.09,18.80]	40:A100,61.20,[100.00,01.38,06.08]	45:A100,57.40,[100.00,09.20,40.83]	
0:A100,57.70,[100.00,02.45,04.30]	5:A100,58.80,[100.00,02.57,15.56]	10:A100,58.50,[100.00,00.37,07.42]	15:A100,58.60,[100.00,59.45,14.43]	20:A100,59.60,[100.00,05.33,11.18]	25:A100,61.50,[100.00,08.62,05.97]	30:A100,62.70,[100.00,04.83,28.67]	35:A100,59.60,[100.00,07.09,18.80]	40:A100,61.70,[100.00,01.38,06.08]	45:A100,57.90,[100.00,09.20,40.83]	
0:A100,58.20,[100.00,02.45,04.30]	5:A100,59.30,[100.00,02.57,15.56]	10:A100,59.00,[100.00,00.37,07.42]	15:A100,59.10,[100.00,59.45,14.43]	20:A100,60.10,[100.00,05.33,11.18]	25:A100,62.00,[100.00,08.62,05.97]	30:A100,63.20,[100.00,04.83,28.67]	35:A100,60.10,[100.00,07.09,18.80]	40:A100,62.20,[100.00,01.38,06.08]	45:A100,58.40,[100.00,09.20,40.83]	
0:A100,58.70,[100.00,02.45,04.30]	5:A100,59.80,[100.00,02.57,15.56]	10:A100,59.50,[100.00,00.37,07.42]	15:A100,59.60,[100.00,59.45,14.43]	20:A100,60.60,[100.00,05.33,11.18]	25:A100,62.50,[100.00,08.62,05.97]	30:A100,63.70,[100.00,04.83,28.67]	35:A100,60.60,[100.00,07.09,18.80]	40:A100,62.70,[100.00,01.38,06.08]	45:A100,58.90,[100.00,09.20,40.83]	
0:A100,59.20,[100.00,02.45,04.30]	5:A100,60.30,[100.00,02.57,15.56]	10:A100,60.00,[100.00,00.37,07.42]	15:A100,60.10,[100.00,59.45,14.43]	20:A100,61.10,[100.00,05.33,11.18]	25:A100,63.00,[100.00,08.62,05.97]	30:A100,64.20,[100.00,04.83,28.67]	35:A100,61.10,[100.00,07.09,18.80]	40:A100,63.20,[100.00,01.38,06.08]	45:A100,59.40,[100.00,09.20,40.83]	
0:A100,59.70,[100.00,02.45,04.30]	5:A100,60.80,[100.00,02.57,15.56]	10:A100,60.50,[100.00,00.37,07.42]	15:A100,60.60,[100.00,59.45,14.43]	20:A100,61.60,[100.00,05.33,11.18]	25:A100,63.50,[100.00,08.62,05.97]	30:A100,64.70,[100.00,04.83,28.67]	35:A100,61.60,[100.00,07.09,18.80]	40:A100,63.70,[100.00,01.38,06.08]	45:A100,59.90,[100.00,09.20,40.83]	
0:A100,60.20,[100.00,02.45,04.30]	5:A100,61.30,[100.00,02.57,15.56]	10:A100,61.00,[100.00,00.37,07.42]	15:A100,61.10,[100.00,59.45,14.43]	20:A100,62.10,[100.00,05.33,11.18]	25:A100,64.00,[100.00,08.62,05.97]	30:A100,65.20,[100.00,04.83,28.67]	35:A100,62.10,[100.00,07.09,18.80]	40:A100,64.20,[100.00,01.38,06.08]	45:A100,60.40,[100.00,09.20,40.83]	
0:C000,60.20,[100.00,02.45,00.67]	5:A100,61.80,[100.00,02.57,15.56]	10:A100,61.50,[100.00,00.37,07.42]	15:A100,61.60,[100.00,59.45,14.43]	20:A100,62.60,[100.00,05.33,11.18]	25:A100,64.50,[100.00,08.62,05.97]	30:A100,65.70,[100.00,04.83,28.67]	35:A100,62.60,[100.00,07.09,18.80]	40:A100,64.70,[100.00,01.38,06.08]	45:A100,60.90,[100.00,09.20,40.83]	
0:A100,60.70,[100.00,02.45,00.67]	5:A100,62.30,[100.00,02.57,15.56]	10:A100,62.00,[100.00,00.37,07.42]	15:A100,62.10,[100.00,59.45,14.43]	20:A100,63.10,[100.00,05.33,11.18]	25:A100,65.00,[100.00,08.62,05.97]	30:A100,66.20,[100.00,04.83,28.67]	35:A100,63.10,[100.00,07.09,18.80]	40:A100,65.20,[100.00,01.38,06.08]	45:A100,61.40,[100.00,09.20,40.83]	
0:A100,61.20,[100.00,02.45,00.67]	5:A100,62.80,[100.00,02.57,15.56]	10:A100,62.50,[100.00,00.37,07.42]	15:A100,62.60,[100.00,59.45,14.43]	20:A100,63.60,[100.00,05.33,11.18]	25:A100,65.50,[100.00,08.62,05.97]	30:A100,66.70,[100.00,04.83,28.67]	35:A100,63.60,[100.00,07.09,18.80]	40:A100,65.70,[100.00,01.38,06.08]	45:A100,61.90,[100.00,09.20,40.83]	
0:A100,61.70,[100.00,02.45,00.67]	5:A100,63.30,[100.00,02.57,15.56]	10:A100,63.00,[100.00,00.37,07.42]	15:A100,63.10,[100.00,59.45,14.43]	20:A100,64.10,[100.00,05.33,11.18]	25:A100,66.00,[100.00,08.62,05.97]	30:A100,67.20,[100.00,04.83,28.67]	35:A100,64.10,[100.00,07.09,18.80]	40:A100,66.20,[100.00,01.38,06.08]	45:A100,62.40,[100.00,09.20,40.83]	
0:A100,62.20,[100.00,02.45,00.67]	5:A100,63.80,[100.00,02.57,15.56]	10:A100,63.50,[100.00,00.37,07.42]	15:B000,63.10,[100.00,17.48,14.43]	20:A100,64.60,[100.00,05.33,11.18]	25:A100,66.50,[100.00,08.62,05.97]	30:A100,67.70,[100.00,04.83,28.67]	35:A100,64.60,[100.00,07.09,18.80]	40:A100,66.70,[100.00,01.38,06.08]	45:A100,62.90,[100.00,09.20,40.83]	
0:A100,62.70,[100.00,02.45,00.67]	5:A100,64.30,[100.00,02.57,15.56]	10:A100,64.00,[100.00,00.37,07.42]	15:C180,64.00,[100.00,17.48,131.32]	20:A100,65.10,[100.00,05.33,11.18]	25:A100,67.00,[100.00,08.62,05.97]	30:A100,68.20,[100.00,04.83,28.67]	35:A100,65.10,[100.00,07.09,18.80]	40:A100,67.20,[100.00,01.38,06.08]	45:A100,63.40,[100.00,09.20,40.83]	
0:A100,63.20,[100.00,02.45,00.67]	5:A100,64.80,[100.00,02.57,15.56]	10:A100,64.50,[100.00,00.37,07.42]	15:A100,64.50,[100.00,17.48,131.32]	20:A100,65.60,[100.00,05.33,11.18]	25:A100,67.50,[100.00,08.62,05.97]	30:A100,68.70,[100.00,04.83,28.67]	35:A100,65.60,[100.00,07.09,18.80]	40:B000,67.20,[100.00,00.26,06.08]	45:A100,63.90,[100.00,09.20,40.83]	
0:A100,63.70,[100.00,02.45,00.67]	5:A100,65.30,[100.00,02.57,15.56]	10:A100,65.00,[100.00,00.37,07.42]	15:C180,65.40,[100.00,17.48,165.69]	20:A100,66.10,[100.00,05.33,11.18]	25:A100,68.00,[100.00,08.62,05.97]	30:A100,69.20,[100.00,04.83,28.67]	35:A100,66.10,[100.00,07.09,18.80]	40:A100,67.70,[100.00,00.26,06.08]	45:A100,64.40,[100.00,09.20,40.83]	
0:A100,64.20,[100.00,02.45,00.67]	5:A100,65.80,[100.00,02.57,15.56]	10:A100,65.50,[100.00,00.37,07.42]	15:C180,66.30,[100.00,17.48,175.79]	20:B000,66.10,[100.00,02.12,11.18]	25:A100,68.50,[100.00,08.62,05.97]	30:A100,69.70,[100.00,04.83,28.67]	35:A100,66.60,[100.00,07.09,18.80]	40:A100,68.20,[100.00,00.26,06.08]	45:A100,64.90,[100.00,09.20,40.83]	
0:A100,64.70,[100.00,02.45,00.67]	5:A100,66.30,[100.00,02.57,15.56]	10:A100,66.00,[100.00,00.37,07.42]	15:C180,67.20,[100.00,17.48,178.76]	20:A100,66.60,[100.00,02.12,11.18]	25:A100,69.00,[100.00,08.62,05.97]	30:C000,69.70,[100.00,04.83,11.44]	35:A100,67.10,[100.00,07.09,18.80]	40:A100,68.70,[100.00,00.26,06.08]	45:A100,65.40,[100.00,09.20,40.83]	
0:A100,65.20,[100.00,02.45,00.67]	5:A100,66.80,[100.00,02.57,15.56]	10:A100,66.50,[100.00,00.37,07.42]	15:C000,67.20,[100.00,17.48,52.56]	20:A100,67.10,[100.00,02.12,11.18]	25:A100,69.50,[100.00,08.62,05.97]	30:A100,70.20,[100.00,04.83,11.44]	35:A100,67.60,[100.00,07.09,18.80]	40:A100,69.20,[100.00,00.26,06.08]	45:A100,65.90,[100.00,09.20,40.83]	
0:A100,65.70,[100.00,02.45,00.67]	5:A100,67.30,[100.00,02.57,15.56]	10:A100,67.00,[100.00,00.37,07.42]	15:A100,67.70,[100.00,17.48,52.56]	20:A100,67.60,[100.00,02.12,11.18]	25:A100,70.00,[100.00,08.62,05.97]	30:A100,70.70,[100.00,04.83,11.44]	35:A100,68.10,[100.00,07.09,18.80]	40:A100,69.70,[100.00,00.26,06.08]	45:A100,66.40,[100.00,09.20,40.83]	
0:A100,66.20,[100.00,02.45,00.67]	5:A100,67.80,[100.00,02.57,15.56]	10:A100,67.50,[100.00,00.37,07.42]	15:A100,68.20,[100.00,17.48,52.56]	20:A100,68.10,[100.00,02.12,11.18]	25:A100,70.50,[100.00,08.62,05.97]	30:A100,71.20,[100.00,04.83,11.44]	35:A100,68.60,[100.00,07.09,18.80]	40:A100,70.20,[100.00,00.26,06.08]	45:A100,66.90,[100.00,09.20,40.83]	
0:A100,66.70,[100.00,02.45,00.67]	5:C000,67.80,[100.00,02.57,04.59]	10:A100,68.00,[100.00,00.37,07.42]	15:A100,68.70,[100.00,17.48,52.56]	20:A100,68.60,[100.00,02.12,11.18]	25:A100,71.00,[100.00,08.62,05.97]	30:B220,72.30,[100.00,134.12,11.44]	35:A100,69.10,[100.00,07.09,18.80]	40:A100,70.70,[100.00,00.26,06.08]	45:A100,67.40,[100.00,09.20,40.83]	
0:A100,67.20,[100.00,02.45,00.67]	5:A100,68.30,[100.00,02.57,04.59]	10:A100,68.50,[100.00,00.37,07.42]	15:A100,69.20,[100.00,17.48,52.56]	20:A100,69.10,[100.00,02.12,11.18]	25:A100,71.50,[100.00,08.62,05.97]	30:A100,72.80,[100.00,134.12,11.44]	35:A100,69.60,[100.00,07.09,18.80]	40:A100,71.20,[100.00,00.26,06.08]	45:A100,67.90,[100.00,09.20,40.83]	
0:A100,67.70,[100.00,02.45,00.67]	5:A100,68.80,[100.00,02.57,04.59]	10:A100,69.00,[100.00,00.37,07.42]	15:A100,69.70,[100.00,17.48,52.56]	20:A100,69.60,[100.00,02.12,11.18]	25:A100,72.00,[100.00,08.62,05.97]	30:B220,73.90,[100.00,185.72,11.44]	35:A100,70.10,[100.00,07.09,18.80]	40:A100,71.70,[100.00,00.26,06.08]	45:C000,67.90,[100.00,09.20,12.38]	
0:A100,68.20,[100.00,02.45,00.67]	5:A100,69.30,[100.00,02.57,04.59]	10:A100,69.50,[100.00,00.37,07.42]	15:A100,70.20,[100.00,17.48,52.56]	20:A100,70.10,[100.00,02.12,11.18]	25:A100,72.50,[100.00,08.62,05.97]	30:B220,75.00,[100.00,206.32,11.44]	35:A100,70.60,[100.00,07.09,18.80]	40:A100,72.20,[100.00,00.26,06.08]	45:A100,68.40,[100.00,09.20,12.38]	
0:A100,68.70,[100.00,02.45,00.67]	5:A100,69.80,[100.00,02.57,04.59]	10:A100,70.00,[100.00,00.37,07.42]	15:A100,70.70,[100.00,17.48,52.56]	20:A100,70.60,[100.00,02.12,11.18]	25:A100,73.00,[100.00,08.62,05.97]	30:B220,76.10,[100.00,214.54,11.44]	35:A100,71.10,[100.00,07.09,18.80]	40:A100,72.70,[100.00,00.26,06.08]	45:A100,68.90,[100.00,09.20,12.38]	
0:A100,69.20,[100.00,02.45,00.67]	5:A100,70.30,[100.00,02.57,04.59]	10:A100,70.50,[100.00,00.37,07.42]	15:A100,71.20,[100.00,17.48,52.56]	20:A100,71.10,[100.00,02.12,11.18]	25:A100,73.50,[100.00,08.62,05.97]	30:B000,76.10,[100.00,85.63,11.44]	35:A100,71.60,[100.00,07.09,18.80]	40:A100,73.20,[100.00,00.26,06.08]	45:A100,69.40,[100.00,09.20,12.38]	
0:A100,69.70,[100.00,02.45,00.67]	5:A100,70.80,[100.00,02.57,04.59]	10:A100,71.00,[100.00,00.37,07.42]	15:A100,71.70,[100.00,17.48,52.56]	20:A100,71.60,[100.00,02.12,11.18]	25:A100,74.00,[100.00,08.62,05.97]	30:A100,76.60,[100.00,85.63,11.44]	35:A100,72.10,[100.00,07.09,18.80]	40:A100,73.70,[100.00,00.26,06.08]	45:A100,69.90,[100.00,09.20,12.38]	
0:A100,70.20,[100.00,02.45,00.67]	5:A100,71.30,[100.00,02.57,04.59]	10:A100,71.50,[100.00,00.37,07.42]	15:A100,72.20,[100.00,17.48,52.56]	20:A100,72.10,[100.00,02.12,11.18]	25:A100,74.50,[100.00,08.62,05.97]	30:A100,77.10,[100.00,85.63,11.44]	35:A100,72.60,[100.00,07.09,18.80]	40:A100,74.20,[100.00,00.26,06.08]	45:A100,70.40,[100.00,09.20,12.38]	
0:A100,70.70,[100.00,02.45,00.67]	5:A100,71.80,[100.00,02.57,04.59]	10:A100,72.00,[100.00,00.37,07.42]	15:A100,72.70,[100.00,17.48,52.56]	20:A100,72.60,[100.00,02.12,11.18]	25:A100,75.00,[100.00,08.62,05.97]	30:A100,77.60,[100.00,85.63,11.44]	35:A100,73.10,[100.00,07.09,18.80]	40:A100,74.70,[100.00,00.26,06.08]	45:A100,70.90,[100.00,09.20,12.38]	
0:A100,71.20,[100.00,02.45,00.67]	5:A100,72.30,[100.00,02.57,04.59]	10:A100,72.50,[100.00,00.37,07.42]	15:C000,72.70,[100.00,17.48,15.45]	20:A100,73.10,[100.00,02.12,11.18]	25:A100,75.50,[100.00,08.62,05.97]	30:A100,78.10,[100.00,85.63,11.44]	35:A100,73.60,[100.00,07.09,18.80]	40:A100,75.20,[100.00,00.26,06.08]	45:A100,71.40,[100.00,09.20,12.38]	
0:A100,71.70,[100.00,02.45,00.67]	5:A100,72.80,[100.00,02.57,04.59]	10:A100,73.00,[100.00,00.37,07.42]	15:A100,73.20,[100.00,17.48,15.45]	20:A100,73.60,[100.00,02.12,11.18]	25:C000,75.50,[100.00,08.62,01.19]	30:A100,78.60,[100.00,85.63,11.44]	35:A100,74.10,[100.00,07.09,18.80]	40:A100,75.70,[100.00,00.26,06.08]	45:A100,71.90,[100.00,09.20,12.38]	
0:A100,72.20,[100.00,02.45,00.67]	5:B000,72.80,[100.00,00.76,04.59]	10:A100,73.50,[100.00,00.37,07.42]	15:A100,73.70,[100.00,17.48,15.45]	20:A100,74.10,[100.00,02.12,11.18]	25:A100,76.00,[100.00,08.62,01.19]	30:A100,79.10,[100.00,85.63,11.44]	35:A100,74.60,[100.00,07.09,18.80]	40:A100,76.20,[100.00,00.26,06.08]	45:A100,72.40,[100.00,09.20,12.38]	
0:A100,72.70,[100.00,02.45,00.67]	5:A100,73.30,[100.00,00.76,04.59]	10:A100,74.00,[100.00,00.37,07.42]	15:A100,74.20,[100.00,17.48,15.45]	20:A100,74.60,[100.00,02.12,11.18]	25:A100,76.50,[100.00,08.62,01.19]	30:A100,79.60,[100.00,85.63,11.44]	35:A100,75.10,[100.00,07.09,18.80]	40:A100,76.70,[100.00,00.26,06.08]	45:A100,72.90,[100.00,09.20,12.38]	
0:A100,73.20,[100.00,02.45,00.67]	5:A100,73.80,[100.00,00.76,04.59]	10:A100,74.50,[100.00,00.37,07.42]	15:A100,74.70,[100.00,17.48,15.45]	20:A100,75.10,[100.00,02.12,11.18]	25:A100,77.00,[100.00,08.62,01.19]	30:A100,80.10,[100.00,85.63,11.44]	35:A100,75.60,[100.00,07.09,18.80]	40:A100,77.20,[100.00,00.26,06.08]	45:A100,73.40,[100.00,09.20,12.38]	
0:A100,73.70,[100.00,02.45,00.67]	5:A100,74.30,[100.00,00.76,04.59]	10:A100,75.00,[100.00,00.37,07.42]	15:A100,75.20,[100.00,17.48,15.45]	20:A100,75.60,[100.00,02.12,11.18]	25:A100,77.50,[100.00,08.62,01.19]	30:A100,80.60,[100.00,85.63,11.44]	35:C000,75.60,[100.00,07.09,06.10]	40:A100,77.70,[100.00,00.26,06.08]	45:A100,73.90,[100.00,09.20,12.38]	
0:A100,74.20,[100.00,02.45,00.67]	5:A100,74.80,[100.00,00.76,04.59]	10:A100,75.50,[100.00,00.37,07.42]	15:A100,75.70,[100.00,17.48,15.45]	20:A100,76.10,[100.00,02.12,11.18]	25:A100,78.00,[100.00,08.62,01.19]	30:B220,81.70,[100.00,166.37,11.44]	35:A100,76.10,[100.00,07.09,06.10]	40:A100,78.20,[100.00,00.26,06.08]	45:A100,74.40,[100.00,09.20,12.38]	
0:A100,74.70,[100.00,02.45,00.67]	5:A100,75.30,[100.00,00.76,04.59]	10:A100,76.00,[100.00,00.37,07.42]	15:A100,76.20,[100.00,17.48,15.45]	20:A100,76.60,[100.00,02.12,11.18]	25:A100,78.50,[100.00,08.62,01.19]	30:B220,82.80,[100.00,198.59,11.44]	35:A100,76.60,[100.00,07.09,06.10]	40:A100,78.70,[100.00,00.26,06.08]	45:A100,74.90,[100.00,09.20,12.38]	
0:A100,75.20,[100.00,02.45,00.67]	5:A100,75.80,[100.00,00.76,04.59]	10:A100,76.50,[100.00,00.37,07.42]	15:A100,76.70,[100.00,17.48,15.45]	20:A100,77.10,[100.00,02.12,11.18]	25:A100,79.00,[100.00,08.62,01.19]	30:B220,83.90,[100.00,211.46,11.44]	35:A100,77.10,[100.00,07.09,06.10]	40:A100,79.20,[100.00,00.26,06.08]	45:A100,75.40,[100.00,09.20,12.38]	
0:A100,75.70,[100.00,02.45,00.67]	5:A100,76.30,[100.00,00.76,04.59]	10:A100,77.00,[100.00,00.37,07.42]	15:A100,77.20,[100.00,17.48,15.45]	20:A100,77.60,[100.00,02.12,11.18]	25:A100,79.50,[100.00,08.62,01.19]	30:B220,85.00,[100.00,216.59,11.44]	35:A100,77.60,[100.00,07.09,06.10]	40:A100,79.70,[100.00,00.26,06.08]	45:A100,75.90,[100.00,09.20,12.38]	
0:A100,76.20,[100.00,02.45,00.67]	5:A100,76.80,[100.00,00.76,04.59]	10:A100,77.50,[100.00,00.37,07.42]	15:A100,77.70,[100.00,17.48,15.45]	20:A100,78.10,[100.00,02.12,11.18]	25:A100,80.00,[100.00,08.62,01.19]	30:A100,85.50,[100.00,216.59,11.44]	35:A100,78.10,[100.00,07.09,06.10]	40:A100,80.20,[100.00,00.26,06.08]	45:A100,76.40,[100.00,09.20,12.38]	
0:A100,76.70,[100.00,02.45,00.67]	5:A100,77.30,[100.00,00.76,04.59]	10:A100,78.00,[100.00,00.37,07.42]	15:A100,78.20,[100.00,17.48,15.45]	20:A100,78.60,[100.00,02.12,11.18]	25:A100,80.50,[100.00,08.62,01.19]	30:B220,86.60,[100.00,218.64,11.44]	35:A100,78.60,[100.00,07.09,06.10]	40:A100,80.70,[100.00,00.26,06.08]	45:A100,76.90,[100.00,09.20,12.38]	
0:A100,77.20,[100.00,02.45,00.67]	5:A100,77.80,[100.00,00.76,04.59]	10:A100,78.50,[100.00,00.37,07.42]	15:A100,78.70,[100.00,17.48,15.45]	20:C180,79.50,[100.00,02.12,112.71]	25:A100,81.00,[100.00,08.62,01.19]	30:B000,86.60,[100.00,87.26,11.44]	35:A100,79.10,[100.00,07.09,06.10]	40:A100,81.20,[100.00,00.26,06.08]	45:A100,77.40,[100.00,09.20,12.38]	
0:A100,77.70,[100.00,02.45,00.67]	5:A100,78.30,[100.00,00.76,04.59]	10:A100,79.00,[100.00,00.37,07.42]	15:A100,79.20,[100.00,17.48,15.45]	20:C000,79.50,[100.00,02.12,44.93]	25:A100,81.50,[100.00,08.62,01.19]	30:A100,87.10,[100.00,87.26,11.44]	35:A100,79.60,[100.00,07.09,06.10]	40:A100,81.70,[100.00,00.26,06.08]	45:A100,77.90,[100.00,09.20,12.38]	
0:A100,78.20,[100.00,02.45,00.67]	5:A100,78.80,[100.00,00.76,04.59]	10:A100,79.50,[100.00,00.37,07.42]	15:A100,79.70,[100.00,17.48,15.45]	20:C000,79.50,[100.00,02.12,17.91]	25:A100,82.00,[100.00,08.62,01.19]	30:A100,87.60,[100.00,87.26,11.44]	35:A100,80.10,[100.00,07.09,06.10]	40:A100,82.20,[100.00,00.26,06.08]	45:A100,78.40,[100.00,09.20,12.38]	
0:A100,78.70,[100.00,02.45,00.67]	5:A100,79.30,[100.00,00.76,04.59]	10:A100,80.00,[100.00,00.37,07.42]	15:A100,80.20,[100.00,17.48,15.45]	20:A100,80.00,[100.00,02.12,17.91]	25:A100,82.50,[100.00,08.62,01.19]	30:A100,88.10,[100.00,87.26,11.44]	35:A100,80.60,[100.00,07.09,06.10]	40:A100,82.70,[100.00,00.26,06.08]	45:A100,78.90,[100.00,09.20,12.38]	
0:A100,79.20,[100.00,02.45,00.67]	5:A100,79.80,[100.00,00.76,04.59]	10:A100,80.50,[100.00,00.37,07.42]	15:C000,80.20,[100.00,17.48,04.54]	20:A100,80.50,[100.00,02.12,17.91]	25:A100,83.00,[100.00,08.62,01.19]	30:A100,88.60,[10