each row consists of groups of data for each agent, in form:	agentNum:choice,fitness,[expA,expB,expC]where choice has letter of choice and number for reward received
each column consists of every trial for the same agent.
this entire file is from Generation 150

0:B220,01.10,[100.00,219.38,100.00]	5:B000,00.00,[100.00,07.95,100.00]	10:A100,00.50,[100.00,100.00,100.00]	15:A100,00.50,[100.00,100.00,100.00]	20:A100,00.50,[100.00,100.00,100.00]	25:C000,00.00,[100.00,100.00,15.63]	30:C000,00.00,[100.00,100.00,10.86]	35:A100,00.50,[100.00,100.00,100.00]	40:A100,00.50,[100.00,100.00,100.00]	45:C180,00.90,[100.00,100.00,176.67]	
0:B000,01.10,[100.00,01.14,100.00]	5:A100,00.50,[100.00,07.95,100.00]	10:B000,00.50,[100.00,10.47,100.00]	15:B220,01.60,[100.00,219.63,100.00]	20:B220,01.60,[100.00,202.63,100.00]	25:A100,00.50,[100.00,100.00,15.63]	30:B220,01.10,[100.00,206.97,10.86]	35:B220,01.60,[100.00,209.93,100.00]	40:A100,01.00,[100.00,100.00,100.00]	45:C000,00.90,[100.00,100.00,07.36]	
0:C180,02.00,[100.00,01.14,179.59]	5:A100,01.00,[100.00,07.95,100.00]	10:A100,01.00,[100.00,10.47,100.00]	15:B000,01.60,[100.00,00.68,100.00]	20:B220,02.70,[100.00,217.48,100.00]	25:A100,01.00,[100.00,100.00,15.63]	30:B000,01.10,[100.00,22.48,10.86]	35:B220,02.70,[100.00,219.16,100.00]	40:C180,01.90,[100.00,100.00,177.70]	45:A100,01.40,[100.00,100.00,07.36]	
0:C180,02.90,[100.00,01.14,180.00]	5:C180,01.90,[100.00,07.95,173.64]	10:A100,01.50,[100.00,10.47,100.00]	15:C000,01.60,[100.00,00.68,00.31]	20:B220,03.80,[100.00,219.64,100.00]	25:B000,01.00,[100.00,15.63,15.63]	30:A100,01.60,[100.00,22.48,10.86]	35:B220,03.80,[100.00,219.93,100.00]	40:C000,01.90,[100.00,100.00,05.10]	45:B000,01.40,[100.00,04.17,07.36]	
0:A100,03.40,[100.00,01.14,180.00]	5:C180,02.80,[100.00,07.95,179.49]	10:C180,02.40,[100.00,10.47,171.62]	15:A100,02.10,[100.00,00.68,00.31]	20:B220,04.90,[100.00,219.95,100.00]	25:A100,01.50,[100.00,15.63,15.63]	30:A100,02.10,[100.00,22.48,10.86]	35:B220,04.90,[100.00,219.99,100.00]	40:C180,02.80,[100.00,100.00,174.98]	45:A100,01.90,[100.00,04.17,07.36]	
0:C180,04.30,[100.00,01.14,180.00]	5:C000,02.80,[100.00,07.95,14.28]	10:C000,02.40,[100.00,10.47,17.97]	15:A100,02.60,[100.00,00.68,00.31]	20:B000,04.90,[100.00,31.85,100.00]	25:A100,02.00,[100.00,15.63,15.63]	30:A100,02.60,[100.00,22.48,10.86]	35:B000,04.90,[100.00,18.46,100.00]	40:C000,02.80,[100.00,100.00,05.03]	45:A100,02.40,[100.00,04.17,07.36]	
0:C000,04.30,[100.00,01.14,00.93]	5:A100,03.30,[100.00,07.95,14.28]	10:A100,02.90,[100.00,10.47,17.97]	15:A100,03.10,[100.00,00.68,00.31]	20:C180,05.80,[100.00,31.85,168.42]	25:A100,02.50,[100.00,15.63,15.63]	30:A100,03.10,[100.00,22.48,10.86]	35:C000,04.90,[100.00,18.46,08.39]	40:A100,03.30,[100.00,100.00,05.03]	45:A100,02.90,[100.00,04.17,07.36]	
0:A100,04.80,[100.00,01.14,00.93]	5:A100,03.80,[100.00,07.95,14.28]	10:A100,03.40,[100.00,10.47,17.97]	15:A100,03.60,[100.00,00.68,00.31]	20:C180,06.70,[100.00,31.85,178.32]	25:A100,03.00,[100.00,15.63,15.63]	30:A100,03.60,[100.00,22.48,10.86]	35:A100,05.40,[100.00,18.46,08.39]	40:A100,03.80,[100.00,100.00,05.03]	45:A100,03.40,[100.00,04.17,07.36]	
0:A100,05.30,[100.00,01.14,00.93]	5:A100,04.30,[100.00,07.95,14.28]	10:A100,03.90,[100.00,10.47,17.97]	15:A100,04.10,[100.00,00.68,00.31]	20:C000,06.70,[100.00,31.85,25.82]	25:A100,03.50,[100.00,15.63,15.63]	30:A100,04.10,[100.00,22.48,10.86]	35:A100,05.90,[100.00,18.46,08.39]	40:A100,04.30,[100.00,100.00,05.03]	45:A100,03.90,[100.00,04.17,07.36]	
0:A100,05.80,[100.00,01.14,00.93]	5:A100,04.80,[100.00,07.95,14.28]	10:A100,04.40,[100.00,10.47,17.97]	15:A100,04.60,[100.00,00.68,00.31]	20:B220,07.80,[100.00,192.76,25.82]	25:A100,04.00,[100.00,15.63,15.63]	30:A100,04.60,[100.00,22.48,10.86]	35:A100,06.40,[100.00,18.46,08.39]	40:A100,04.80,[100.00,100.00,05.03]	45:A100,04.40,[100.00,04.17,07.36]	
0:A100,06.30,[100.00,01.14,00.93]	5:A100,05.30,[100.00,07.95,14.28]	10:A100,04.90,[100.00,10.47,17.97]	15:A100,05.10,[100.00,00.68,00.31]	20:B220,08.90,[100.00,216.06,25.82]	25:A100,04.50,[100.00,15.63,15.63]	30:A100,05.10,[100.00,22.48,10.86]	35:A100,06.90,[100.00,18.46,08.39]	40:A100,05.30,[100.00,100.00,05.03]	45:A100,04.90,[100.00,04.17,07.36]	
0:A100,06.80,[100.00,01.14,00.93]	5:A100,05.80,[100.00,07.95,14.28]	10:A100,05.40,[100.00,10.47,17.97]	15:A100,05.60,[100.00,00.68,00.31]	20:B000,08.90,[100.00,31.28,25.82]	25:A100,05.00,[100.00,15.63,15.63]	30:A100,05.60,[100.00,22.48,10.86]	35:A100,07.40,[100.00,18.46,08.39]	40:A100,05.80,[100.00,100.00,05.03]	45:A100,05.40,[100.00,04.17,07.36]	
0:A100,07.30,[100.00,01.14,00.93]	5:A100,06.30,[100.00,07.95,14.28]	10:A100,05.90,[100.00,10.47,17.97]	15:A100,06.10,[100.00,00.68,00.31]	20:A100,09.40,[100.00,31.28,25.82]	25:C180,05.90,[100.00,15.63,154.31]	30:A100,06.10,[100.00,22.48,10.86]	35:A100,07.90,[100.00,18.46,08.39]	40:B000,05.80,[100.00,02.87,05.03]	45:A100,05.90,[100.00,04.17,07.36]	
0:A100,07.80,[100.00,01.14,00.93]	5:A100,06.80,[100.00,07.95,14.28]	10:A100,06.40,[100.00,10.47,17.97]	15:B220,07.20,[100.00,219.32,00.31]	20:A100,09.90,[100.00,31.28,25.82]	25:C000,05.90,[100.00,15.63,24.11]	30:A100,06.60,[100.00,22.48,10.86]	35:A100,08.40,[100.00,18.46,08.39]	40:A100,06.30,[100.00,02.87,05.03]	45:A100,06.40,[100.00,04.17,07.36]	
0:A100,08.30,[100.00,01.14,00.93]	5:A100,07.30,[100.00,07.95,14.28]	10:A100,06.90,[100.00,10.47,17.97]	15:B000,07.20,[100.00,00.68,00.31]	20:A100,10.40,[100.00,31.28,25.82]	25:A100,06.40,[100.00,15.63,24.11]	30:C000,06.60,[100.00,22.48,01.18]	35:A100,08.90,[100.00,18.46,08.39]	40:A100,06.80,[100.00,02.87,05.03]	45:A100,06.90,[100.00,04.17,07.36]	
0:A100,08.80,[100.00,01.14,00.93]	5:A100,07.80,[100.00,07.95,14.28]	10:A100,07.40,[100.00,10.47,17.97]	15:A100,07.70,[100.00,00.68,00.31]	20:A100,10.90,[100.00,31.28,25.82]	25:A100,06.90,[100.00,15.63,24.11]	30:A100,07.10,[100.00,22.48,01.18]	35:A100,09.40,[100.00,18.46,08.39]	40:A100,07.30,[100.00,02.87,05.03]	45:A100,07.40,[100.00,04.17,07.36]	
0:A100,09.30,[100.00,01.14,00.93]	5:A100,08.30,[100.00,07.95,14.28]	10:A100,07.90,[100.00,10.47,17.97]	15:A100,08.20,[100.00,00.68,00.31]	20:A100,11.40,[100.00,31.28,25.82]	25:A100,07.40,[100.00,15.63,24.11]	30:A100,07.60,[100.00,22.48,01.18]	35:A100,09.90,[100.00,18.46,08.39]	40:A100,07.80,[100.00,02.87,05.03]	45:A100,07.90,[100.00,04.17,07.36]	
0:A100,09.80,[100.00,01.14,00.93]	5:A100,08.80,[100.00,07.95,14.28]	10:A100,08.40,[100.00,10.47,17.97]	15:A100,08.70,[100.00,00.68,00.31]	20:B000,11.40,[100.00,04.53,25.82]	25:A100,07.90,[100.00,15.63,24.11]	30:A100,08.10,[100.00,22.48,01.18]	35:A100,10.40,[100.00,18.46,08.39]	40:B220,08.90,[100.00,213.76,05.03]	45:A100,08.40,[100.00,04.17,07.36]	
0:A100,10.30,[100.00,01.14,00.93]	5:A100,09.30,[100.00,07.95,14.28]	10:A100,08.90,[100.00,10.47,17.97]	15:A100,09.20,[100.00,00.68,00.31]	20:A100,11.90,[100.00,04.53,25.82]	25:A100,08.40,[100.00,15.63,24.11]	30:A100,08.60,[100.00,22.48,01.18]	35:A100,10.90,[100.00,18.46,08.39]	40:B000,08.90,[100.00,06.14,05.03]	45:A100,08.90,[100.00,04.17,07.36]	
0:A100,10.80,[100.00,01.14,00.93]	5:A100,09.80,[100.00,07.95,14.28]	10:A100,09.40,[100.00,10.47,17.97]	15:A100,09.70,[100.00,00.68,00.31]	20:A100,12.40,[100.00,04.53,25.82]	25:A100,08.90,[100.00,15.63,24.11]	30:A100,09.10,[100.00,22.48,01.18]	35:A100,11.40,[100.00,18.46,08.39]	40:A100,09.40,[100.00,06.14,05.03]	45:C000,08.90,[100.00,04.17,00.31]	
0:A100,11.30,[100.00,01.14,00.93]	5:A100,10.30,[100.00,07.95,14.28]	10:A100,09.90,[100.00,10.47,17.97]	15:A100,10.20,[100.00,00.68,00.31]	20:A100,12.90,[100.00,04.53,25.82]	25:A100,09.40,[100.00,15.63,24.11]	30:A100,09.60,[100.00,22.48,01.18]	35:A100,11.90,[100.00,18.46,08.39]	40:A100,09.90,[100.00,06.14,05.03]	45:A100,09.40,[100.00,04.17,00.31]	
0:A100,11.80,[100.00,01.14,00.93]	5:A100,10.80,[100.00,07.95,14.28]	10:A100,10.40,[100.00,10.47,17.97]	15:A100,10.70,[100.00,00.68,00.31]	20:A100,13.40,[100.00,04.53,25.82]	25:A100,09.90,[100.00,15.63,24.11]	30:A100,10.10,[100.00,22.48,01.18]	35:A100,12.40,[100.00,18.46,08.39]	40:A100,10.40,[100.00,06.14,05.03]	45:A100,09.90,[100.00,04.17,00.31]	
0:A100,12.30,[100.00,01.14,00.93]	5:A100,11.30,[100.00,07.95,14.28]	10:A100,10.90,[100.00,10.47,17.97]	15:A100,11.20,[100.00,00.68,00.31]	20:A100,13.90,[100.00,04.53,25.82]	25:A100,10.40,[100.00,15.63,24.11]	30:A100,10.60,[100.00,22.48,01.18]	35:A100,12.90,[100.00,18.46,08.39]	40:A100,10.90,[100.00,06.14,05.03]	45:A100,10.40,[100.00,04.17,00.31]	
0:A100,12.80,[100.00,01.14,00.93]	5:A100,11.80,[100.00,07.95,14.28]	10:A100,11.40,[100.00,10.47,17.97]	15:A100,11.70,[100.00,00.68,00.31]	20:A100,14.40,[100.00,04.53,25.82]	25:A100,10.90,[100.00,15.63,24.11]	30:A100,11.10,[100.00,22.48,01.18]	35:A100,13.40,[100.00,18.46,08.39]	40:A100,11.40,[100.00,06.14,05.03]	45:A100,10.90,[100.00,04.17,00.31]	
0:A100,13.30,[100.00,01.14,00.93]	5:A100,12.30,[100.00,07.95,14.28]	10:A100,11.90,[100.00,10.47,17.97]	15:A100,12.20,[100.00,00.68,00.31]	20:A100,14.90,[100.00,04.53,25.82]	25:A100,11.40,[100.00,15.63,24.11]	30:A100,11.60,[100.00,22.48,01.18]	35:A100,13.90,[100.00,18.46,08.39]	40:A100,11.90,[100.00,06.14,05.03]	45:A100,11.40,[100.00,04.17,00.31]	
0:A100,13.80,[100.00,01.14,00.93]	5:A100,12.80,[100.00,07.95,14.28]	10:A100,12.40,[100.00,10.47,17.97]	15:A100,12.70,[100.00,00.68,00.31]	20:A100,15.40,[100.00,04.53,25.82]	25:A100,11.90,[100.00,15.63,24.11]	30:A100,12.10,[100.00,22.48,01.18]	35:A100,14.40,[100.00,18.46,08.39]	40:A100,12.40,[100.00,06.14,05.03]	45:A100,11.90,[100.00,04.17,00.31]	
0:A100,14.30,[100.00,01.14,00.93]	5:A100,13.30,[100.00,07.95,14.28]	10:A100,12.90,[100.00,10.47,17.97]	15:A100,13.20,[100.00,00.68,00.31]	20:A100,15.90,[100.00,04.53,25.82]	25:A100,12.40,[100.00,15.63,24.11]	30:A100,12.60,[100.00,22.48,01.18]	35:A100,14.90,[100.00,18.46,08.39]	40:A100,12.90,[100.00,06.14,05.03]	45:A100,12.40,[100.00,04.17,00.31]	
0:A100,14.80,[100.00,01.14,00.93]	5:A100,13.80,[100.00,07.95,14.28]	10:A100,13.40,[100.00,10.47,17.97]	15:A100,13.70,[100.00,00.68,00.31]	20:A100,16.40,[100.00,04.53,25.82]	25:A100,12.90,[100.00,15.63,24.11]	30:A100,13.10,[100.00,22.48,01.18]	35:A100,15.40,[100.00,18.46,08.39]	40:A100,13.40,[100.00,06.14,05.03]	45:A100,12.90,[100.00,04.17,00.31]	
0:A100,15.30,[100.00,01.14,00.93]	5:A100,14.30,[100.00,07.95,14.28]	10:A100,13.90,[100.00,10.47,17.97]	15:A100,14.20,[100.00,00.68,00.31]	20:A100,16.90,[100.00,04.53,25.82]	25:C180,13.80,[100.00,15.63,155.64]	30:A100,13.60,[100.00,22.48,01.18]	35:A100,15.90,[100.00,18.46,08.39]	40:A100,13.90,[100.00,06.14,05.03]	45:A100,13.40,[100.00,04.17,00.31]	
0:A100,15.80,[100.00,01.14,00.93]	5:A100,14.80,[100.00,07.95,14.28]	10:A100,14.40,[100.00,10.47,17.97]	15:A100,14.70,[100.00,00.68,00.31]	20:A100,17.40,[100.00,04.53,25.82]	25:C180,14.70,[100.00,15.63,176.19]	30:A100,14.10,[100.00,22.48,01.18]	35:A100,16.40,[100.00,18.46,08.39]	40:A100,14.40,[100.00,06.14,05.03]	45:A100,13.90,[100.00,04.17,00.31]	
0:A100,16.30,[100.00,01.14,00.93]	5:A100,15.30,[100.00,07.95,14.28]	10:A100,14.90,[100.00,10.47,17.97]	15:A100,15.20,[100.00,00.68,00.31]	20:A100,17.90,[100.00,04.53,25.82]	25:C180,15.60,[100.00,15.63,179.41]	30:A100,14.60,[100.00,22.48,01.18]	35:A100,16.90,[100.00,18.46,08.39]	40:A100,14.90,[100.00,06.14,05.03]	45:A100,14.40,[100.00,04.17,00.31]	
0:A100,16.80,[100.00,01.14,00.93]	5:A100,15.80,[100.00,07.95,14.28]	10:A100,15.40,[100.00,10.47,17.97]	15:A100,15.70,[100.00,00.68,00.31]	20:A100,18.40,[100.00,04.53,25.82]	25:C180,16.50,[100.00,15.63,179.91]	30:A100,15.10,[100.00,22.48,01.18]	35:A100,17.40,[100.00,18.46,08.39]	40:A100,15.40,[100.00,06.14,05.03]	45:A100,14.90,[100.00,04.17,00.31]	
0:A100,17.30,[100.00,01.14,00.93]	5:A100,16.30,[100.00,07.95,14.28]	10:A100,15.90,[100.00,10.47,17.97]	15:A100,16.20,[100.00,00.68,00.31]	20:A100,18.90,[100.00,04.53,25.82]	25:C000,16.50,[100.00,15.63,28.11]	30:A100,15.60,[100.00,22.48,01.18]	35:A100,17.90,[100.00,18.46,08.39]	40:A100,15.90,[100.00,06.14,05.03]	45:A100,15.40,[100.00,04.17,00.31]	
0:A100,17.80,[100.00,01.14,00.93]	5:A100,16.80,[100.00,07.95,14.28]	10:A100,16.40,[100.00,10.47,17.97]	15:A100,16.70,[100.00,00.68,00.31]	20:A100,19.40,[100.00,04.53,25.82]	25:A100,17.00,[100.00,15.63,28.11]	30:A100,16.10,[100.00,22.48,01.18]	35:A100,18.40,[100.00,18.46,08.39]	40:A100,16.40,[100.00,06.14,05.03]	45:A100,15.90,[100.00,04.17,00.31]	
0:A100,18.30,[100.00,01.14,00.93]	5:A100,17.30,[100.00,07.95,14.28]	10:A100,16.90,[100.00,10.47,17.97]	15:A100,17.20,[100.00,00.68,00.31]	20:A100,19.90,[100.00,04.53,25.82]	25:A100,17.50,[100.00,15.63,28.11]	30:A100,16.60,[100.00,22.48,01.18]	35:A100,18.90,[100.00,18.46,08.39]	40:A100,16.90,[100.00,06.14,05.03]	45:A100,16.40,[100.00,04.17,00.31]	
0:A100,18.80,[100.00,01.14,00.93]	5:A100,17.80,[100.00,07.95,14.28]	10:A100,17.40,[100.00,10.47,17.97]	15:A100,17.70,[100.00,00.68,00.31]	20:A100,20.40,[100.00,04.53,25.82]	25:C000,17.50,[100.00,15.63,04.39]	30:A100,17.10,[100.00,22.48,01.18]	35:A100,19.40,[100.00,18.46,08.39]	40:A100,17.40,[100.00,06.14,05.03]	45:A100,16.90,[100.00,04.17,00.31]	
0:A100,19.30,[100.00,01.14,00.93]	5:A100,18.30,[100.00,07.95,14.28]	10:A100,17.90,[100.00,10.47,17.97]	15:A100,18.20,[100.00,00.68,00.31]	20:A100,20.90,[100.00,04.53,25.82]	25:A100,18.00,[100.00,15.63,04.39]	30:A100,17.60,[100.00,22.48,01.18]	35:A100,19.90,[100.00,18.46,08.39]	40:A100,17.90,[100.00,06.14,05.03]	45:A100,17.40,[100.00,04.17,00.31]	
0:A100,19.80,[100.00,01.14,00.93]	5:A100,18.80,[100.00,07.95,14.28]	10:A100,18.40,[100.00,10.47,17.97]	15:A100,18.70,[100.00,00.68,00.31]	20:C180,21.80,[100.00,04.53,157.68]	25:A100,18.50,[100.00,15.63,04.39]	30:A100,18.10,[100.00,22.48,01.18]	35:A100,20.40,[100.00,18.46,08.39]	40:A100,18.40,[100.00,06.14,05.03]	45:A100,17.90,[100.00,04.17,00.31]	
0:A100,20.30,[100.00,01.14,00.93]	5:A100,19.30,[100.00,07.95,14.28]	10:A100,18.90,[100.00,10.47,17.97]	15:A100,19.20,[100.00,00.68,00.31]	20:C000,21.80,[100.00,04.53,22.83]	25:A100,19.00,[100.00,15.63,04.39]	30:A100,18.60,[100.00,22.48,01.18]	35:A100,20.90,[100.00,18.46,08.39]	40:A100,18.90,[100.00,06.14,05.03]	45:A100,18.40,[100.00,04.17,00.31]	
0:A100,20.80,[100.00,01.14,00.93]	5:A100,19.80,[100.00,07.95,14.28]	10:A100,19.40,[100.00,10.47,17.97]	15:A100,19.70,[100.00,00.68,00.31]	20:A100,22.30,[100.00,04.53,22.83]	25:A100,19.50,[100.00,15.63,04.39]	30:A100,19.10,[100.00,22.48,01.18]	35:A100,21.40,[100.00,18.46,08.39]	40:A100,19.40,[100.00,06.14,05.03]	45:A100,18.90,[100.00,04.17,00.31]	
0:A100,21.30,[100.00,01.14,00.93]	5:A100,20.30,[100.00,07.95,14.28]	10:A100,19.90,[100.00,10.47,17.97]	15:A100,20.20,[100.00,00.68,00.31]	20:A100,22.80,[100.00,04.53,22.83]	25:A100,20.00,[100.00,15.63,04.39]	30:A100,19.60,[100.00,22.48,01.18]	35:A100,21.90,[100.00,18.46,08.39]	40:A100,19.90,[100.00,06.14,05.03]	45:A100,19.40,[100.00,04.17,00.31]	
0:A100,21.80,[100.00,01.14,00.93]	5:A100,20.80,[100.00,07.95,14.28]	10:A100,20.40,[100.00,10.47,17.97]	15:A100,20.70,[100.00,00.68,00.31]	20:A100,23.30,[100.00,04.53,22.83]	25:A100,20.50,[100.00,15.63,04.39]	30:B000,19.60,[100.00,02.44,01.18]	35:B220,23.00,[100.00,203.09,08.39]	40:A100,20.40,[100.00,06.14,05.03]	45:A100,19.90,[100.00,04.17,00.31]	
0:A100,22.30,[100.00,01.14,00.93]	5:A100,21.30,[100.00,07.95,14.28]	10:A100,20.90,[100.00,10.47,17.97]	15:A100,21.20,[100.00,00.68,00.31]	20:A100,23.80,[100.00,04.53,22.83]	25:A100,21.00,[100.00,15.63,04.39]	30:A100,20.10,[100.00,02.44,01.18]	35:B220,24.10,[100.00,218.58,08.39]	40:A100,20.90,[100.00,06.14,05.03]	45:A100,20.40,[100.00,04.17,00.31]	
0:A100,22.80,[100.00,01.14,00.93]	5:A100,21.80,[100.00,07.95,14.28]	10:A100,21.40,[100.00,10.47,17.97]	15:A100,21.70,[100.00,00.68,00.31]	20:A100,24.30,[100.00,04.53,22.83]	25:A100,21.50,[100.00,15.63,04.39]	30:A100,20.60,[100.00,02.44,01.18]	35:B000,24.10,[100.00,18.34,08.39]	40:A100,21.40,[100.00,06.14,05.03]	45:A100,20.90,[100.00,04.17,00.31]	
0:A100,23.30,[100.00,01.14,00.93]	5:A100,22.30,[100.00,07.95,14.28]	10:A100,21.90,[100.00,10.47,17.97]	15:A100,22.20,[100.00,00.68,00.31]	20:A100,24.80,[100.00,04.53,22.83]	25:A100,22.00,[100.00,15.63,04.39]	30:A100,21.10,[100.00,02.44,01.18]	35:A100,24.60,[100.00,18.34,08.39]	40:A100,21.90,[100.00,06.14,05.03]	45:A100,21.40,[100.00,04.17,00.31]	
0:A100,23.80,[100.00,01.14,00.93]	5:A100,22.80,[100.00,07.95,14.28]	10:A100,22.40,[100.00,10.47,17.97]	15:A100,22.70,[100.00,00.68,00.31]	20:A100,25.30,[100.00,04.53,22.83]	25:A100,22.50,[100.00,15.63,04.39]	30:A100,21.60,[100.00,02.44,01.18]	35:A100,25.10,[100.00,18.34,08.39]	40:A100,22.40,[100.00,06.14,05.03]	45:A100,21.90,[100.00,04.17,00.31]	
0:A100,24.30,[100.00,01.14,00.93]	5:A100,23.30,[100.00,07.95,14.28]	10:A100,22.90,[100.00,10.47,17.97]	15:A100,23.20,[100.00,00.68,00.31]	20:A100,25.80,[100.00,04.53,22.83]	25:A100,23.00,[100.00,15.63,04.39]	30:A100,22.10,[100.00,02.44,01.18]	35:A100,25.60,[100.00,18.34,08.39]	40:A100,22.90,[100.00,06.14,05.03]	45:A100,22.40,[100.00,04.17,00.31]	
0:A100,24.80,[100.00,01.14,00.93]	5:A100,23.80,[100.00,07.95,14.28]	10:A100,23.40,[100.00,10.47,17.97]	15:A100,23.70,[100.00,00.68,00.31]	20:A100,26.30,[100.00,04.53,22.83]	25:A100,23.50,[100.00,15.63,04.39]	30:A100,22.60,[100.00,02.44,01.18]	35:A100,26.10,[100.00,18.34,08.39]	40:A100,23.40,[100.00,06.14,05.03]	45:A100,22.90,[100.00,04.17,00.31]	
0:A100,25.30,[100.00,01.14,00.93]	5:A100,24.30,[100.00,07.95,14.28]	10:A100,23.90,[100.00,10.47,17.97]	15:B000,23.70,[100.00,00.00,00.31]	20:A100,26.80,[100.00,04.53,22.83]	25:A100,24.00,[100.00,15.63,04.39]	30:A100,23.10,[100.00,02.44,01.18]	35:A100,26.60,[100.00,18.34,08.39]	40:A100,23.90,[100.00,06.14,05.03]	45:A100,23.40,[100.00,04.17,00.31]	
0:A100,25.80,[100.00,01.14,00.93]	5:A100,24.80,[100.00,07.95,14.28]	10:A100,24.40,[100.00,10.47,17.97]	15:A100,24.20,[100.00,00.00,00.31]	20:A100,27.30,[100.00,04.53,22.83]	25:A100,24.50,[100.00,15.63,04.39]	30:A100,23.60,[100.00,02.44,01.18]	35:A100,27.10,[100.00,18.34,08.39]	40:A100,24.40,[100.00,06.14,05.03]	45:A100,23.90,[100.00,04.17,00.31]	
0:A100,26.30,[100.00,01.14,00.93]	5:A100,25.30,[100.00,07.95,14.28]	10:C180,25.30,[100.00,10.47,163.04]	15:A100,24.70,[100.00,00.00,00.31]	20:A100,27.80,[100.00,04.53,22.83]	25:A100,25.00,[100.00,15.63,04.39]	30:A100,24.10,[100.00,02.44,01.18]	35:A100,27.60,[100.00,18.34,08.39]	40:A100,24.90,[100.00,06.14,05.03]	45:A100,24.40,[100.00,04.17,00.31]	
0:A100,26.80,[100.00,01.14,00.93]	5:A100,25.80,[100.00,07.95,14.28]	10:C180,26.20,[100.00,10.47,178.22]	15:A100,25.20,[100.00,00.00,00.31]	20:A100,28.30,[100.00,04.53,22.83]	25:A100,25.50,[100.00,15.63,04.39]	30:A100,24.60,[100.00,02.44,01.18]	35:A100,28.10,[100.00,18.34,08.39]	40:A100,25.40,[100.00,06.14,05.03]	45:A100,24.90,[100.00,04.17,00.31]	
0:A100,27.30,[100.00,01.14,00.93]	5:A100,26.30,[100.00,07.95,14.28]	10:C000,26.20,[100.00,10.47,18.66]	15:A100,25.70,[100.00,00.00,00.31]	20:A100,28.80,[100.00,04.53,22.83]	25:A100,26.00,[100.00,15.63,04.39]	30:A100,25.10,[100.00,02.44,01.18]	35:A100,28.60,[100.00,18.34,08.39]	40:A100,25.90,[100.00,06.14,05.03]	45:A100,25.40,[100.00,04.17,00.31]	
0:A100,27.80,[100.00,01.14,00.93]	5:A100,26.80,[100.00,07.95,14.28]	10:A100,26.70,[100.00,10.47,18.66]	15:A100,26.20,[100.00,00.00,00.31]	20:A100,29.30,[100.00,04.53,22.83]	25:A100,26.50,[100.00,15.63,04.39]	30:A100,25.60,[100.00,02.44,01.18]	35:A100,29.10,[100.00,18.34,08.39]	40:A100,26.40,[100.00,06.14,05.03]	45:A100,25.90,[100.00,04.17,00.31]	
0:A100,28.30,[100.00,01.14,00.93]	5:A100,27.30,[100.00,07.95,14.28]	10:A100,27.20,[100.00,10.47,18.66]	15:A100,26.70,[100.00,00.00,00.31]	20:A100,29.80,[100.00,04.53,22.83]	25:A100,27.00,[100.00,15.63,04.39]	30:A100,26.10,[100.00,02.44,01.18]	35:A100,29.60,[100.00,18.34,08.39]	40:A100,26.90,[100.00,06.14,05.03]	45:A100,26.40,[100.00,04.17,00.31]	
0:A100,28.80,[100.00,01.14,00.93]	5:A100,27.80,[100.00,07.95,14.28]	10:A100,27.70,[100.00,10.47,18.66]	15:A100,27.20,[100.00,00.00,00.31]	20:A100,30.30,[100.00,04.53,22.83]	25:A100,27.50,[100.00,15.63,04.39]	30:A100,26.60,[100.00,02.44,01.18]	35:A100,30.10,[100.00,18.34,08.39]	40:A100,27.40,[100.00,06.14,05.03]	45:A100,26.90,[100.00,04.17,00.31]	
0:A100,29.30,[100.00,01.14,00.93]	5:A100,28.30,[100.00,07.95,14.28]	10:A100,28.20,[100.00,10.47,18.66]	15:A100,27.70,[100.00,00.00,00.31]	20:A100,30.80,[100.00,04.53,22.83]	25:A100,28.00,[100.00,15.63,04.39]	30:A100,27.10,[100.00,02.44,01.18]	35:A100,30.60,[100.00,18.34,08.39]	40:A100,27.90,[100.00,06.14,05.03]	45:A100,27.40,[100.00,04.17,00.31]	
0:A100,29.80,[100.00,01.14,00.93]	5:A100,28.80,[100.00,07.95,14.28]	10:A100,28.70,[100.00,10.47,18.66]	15:A100,28.20,[100.00,00.00,00.31]	20:A100,31.30,[100.00,04.53,22.83]	25:A100,28.50,[100.00,15.63,04.39]	30:A100,27.60,[100.00,02.44,01.18]	35:A100,31.10,[100.00,18.34,08.39]	40:A100,28.40,[100.00,06.14,05.03]	45:A100,27.90,[100.00,04.17,00.31]	
0:A100,30.30,[100.00,01.14,00.93]	5:A100,29.30,[100.00,07.95,14.28]	10:A100,29.20,[100.00,10.47,18.66]	15:A100,28.70,[100.00,00.00,00.31]	20:A100,31.80,[100.00,04.53,22.83]	25:A100,29.00,[100.00,15.63,04.39]	30:A100,28.10,[100.00,02.44,01.18]	35:A100,31.60,[100.00,18.34,08.39]	40:A100,28.90,[100.00,06.14,05.03]	45:A100,28.40,[100.00,04.17,00.31]	
0:A100,30.80,[100.00,01.14,00.93]	5:A100,29.80,[100.00,07.95,14.28]	10:A100,29.70,[100.00,10.47,18.66]	15:A100,29.20,[100.00,00.00,00.31]	20:A100,32.30,[100.00,04.53,22.83]	25:A100,29.50,[100.00,15.63,04.39]	30:A100,28.60,[100.00,02.44,01.18]	35:A100,32.10,[100.00,18.34,08.39]	40:A100,29.40,[100.00,06.14,05.03]	45:A100,28.90,[100.00,04.17,00.31]	
0:A100,31.30,[100.00,01.14,00.93]	5:A100,30.30,[100.00,07.95,14.28]	10:A100,30.20,[100.00,10.47,18.66]	15:A100,29.70,[100.00,00.00,00.31]	20:A100,32.80,[100.00,04.53,22.83]	25:A100,30.00,[100.00,15.63,04.39]	30:A100,29.10,[100.00,02.44,01.18]	35:A100,32.60,[100.00,18.34,08.39]	40:A100,29.90,[100.00,06.14,05.03]	45:A100,29.40,[100.00,04.17,00.31]	
0:A100,31.80,[100.00,01.14,00.93]	5:A100,30.80,[100.00,07.95,14.28]	10:A100,30.70,[100.00,10.47,18.66]	15:A100,30.20,[100.00,00.00,00.31]	20:A100,33.30,[100.00,04.53,22.83]	25:A100,30.50,[100.00,15.63,04.39]	30:A100,29.60,[100.00,02.44,01.18]	35:A100,33.10,[100.00,18.34,08.39]	40:A100,30.40,[100.00,06.14,05.03]	45:A100,29.90,[100.00,04.17,00.31]	
0:A100,32.30,[100.00,01.14,00.93]	5:A100,31.30,[100.00,07.95,14.28]	10:A100,31.20,[100.00,10.47,18.66]	15:A100,30.70,[100.00,00.00,00.31]	20:A100,33.80,[100.00,04.53,22.83]	25:A100,31.00,[100.00,15.63,04.39]	30:A100,30.10,[100.00,02.44,01.18]	35:A100,33.60,[100.00,18.34,08.39]	40:A100,30.90,[100.00,06.14,05.03]	45:A100,30.40,[100.00,04.17,00.31]	
0:A100,32.80,[100.00,01.14,00.93]	5:A100,31.80,[100.00,07.95,14.28]	10:A100,31.70,[100.00,10.47,18.66]	15:A100,31.20,[100.00,00.00,00.31]	20:A100,34.30,[100.00,04.53,22.83]	25:A100,31.50,[100.00,15.63,04.39]	30:A100,30.60,[100.00,02.44,01.18]	35:A100,34.10,[100.00,18.34,08.39]	40:A100,31.40,[100.00,06.14,05.03]	45:B220,31.50,[100.00,211.01,00.31]	
0:A100,33.30,[100.00,01.14,00.93]	5:A100,32.30,[100.00,07.95,14.28]	10:A100,32.20,[100.00,10.47,18.66]	15:A100,31.70,[100.00,00.00,00.31]	20:A100,34.80,[100.00,04.53,22.83]	25:A100,32.00,[100.00,15.63,04.39]	30:A100,31.10,[100.00,02.44,01.18]	35:A100,34.60,[100.00,18.34,08.39]	40:A100,31.90,[100.00,06.14,05.03]	45:B220,32.60,[100.00,219.63,00.31]	
0:A100,33.80,[100.00,01.14,00.93]	5:A100,32.80,[100.00,07.95,14.28]	10:A100,32.70,[100.00,10.47,18.66]	15:A100,32.20,[100.00,00.00,00.31]	20:A100,35.30,[100.00,04.53,22.83]	25:A100,32.50,[100.00,15.63,04.39]	30:A100,31.60,[100.00,02.44,01.18]	35:A100,35.10,[100.00,18.34,08.39]	40:A100,32.40,[100.00,06.14,05.03]	45:B000,32.60,[100.00,09.15,00.31]	
0:A100,34.30,[100.00,01.14,00.93]	5:A100,33.30,[100.00,07.95,14.28]	10:A100,33.20,[100.00,10.47,18.66]	15:A100,32.70,[100.00,00.00,00.31]	20:A100,35.80,[100.00,04.53,22.83]	25:A100,33.00,[100.00,15.63,04.39]	30:A100,32.10,[100.00,02.44,01.18]	35:A100,35.60,[100.00,18.34,08.39]	40:A100,32.90,[100.00,06.14,05.03]	45:A100,33.10,[100.00,09.15,00.31]	
0:A100,34.80,[100.00,01.14,00.93]	5:C180,34.20,[100.00,07.95,166.82]	10:A100,33.70,[100.00,10.47,18.66]	15:A100,33.20,[100.00,00.00,00.31]	20:A100,36.30,[100.00,04.53,22.83]	25:A100,33.50,[100.00,15.63,04.39]	30:A100,32.60,[100.00,02.44,01.18]	35:A100,36.10,[100.00,18.34,08.39]	40:A100,33.40,[100.00,06.14,05.03]	45:A100,33.60,[100.00,09.15,00.31]	
0:A100,35.30,[100.00,01.14,00.93]	5:C180,35.10,[100.00,07.95,178.95]	10:A100,34.20,[100.00,10.47,18.66]	15:A100,33.70,[100.00,00.00,00.31]	20:A100,36.80,[100.00,04.53,22.83]	25:A100,34.00,[100.00,15.63,04.39]	30:A100,33.10,[100.00,02.44,01.18]	35:A100,36.60,[100.00,18.34,08.39]	40:A100,33.90,[100.00,06.14,05.03]	45:A100,34.10,[100.00,09.15,00.31]	
0:A100,35.80,[100.00,01.14,00.93]	5:A100,35.60,[100.00,07.95,178.95]	10:A100,34.70,[100.00,10.47,18.66]	15:A100,34.20,[100.00,00.00,00.31]	20:A100,37.30,[100.00,04.53,22.83]	25:A100,34.50,[100.00,15.63,04.39]	30:A100,33.60,[100.00,02.44,01.18]	35:A100,37.10,[100.00,18.34,08.39]	40:A100,34.40,[100.00,06.14,05.03]	45:A100,34.60,[100.00,09.15,00.31]	
0:A100,36.30,[100.00,01.14,00.93]	5:C180,36.50,[100.00,07.95,179.92]	10:A100,35.20,[100.00,10.47,18.66]	15:A100,34.70,[100.00,00.00,00.31]	20:A100,37.80,[100.00,04.53,22.83]	25:A100,35.00,[100.00,15.63,04.39]	30:A100,34.10,[100.00,02.44,01.18]	35:A100,37.60,[100.00,18.34,08.39]	40:A100,34.90,[100.00,06.14,05.03]	45:A100,35.10,[100.00,09.15,00.31]	
0:A100,36.80,[100.00,01.14,00.93]	5:C180,37.40,[100.00,07.95,179.99]	10:C180,36.10,[100.00,10.47,163.11]	15:A100,35.20,[100.00,00.00,00.31]	20:A100,38.30,[100.00,04.53,22.83]	25:A100,35.50,[100.00,15.63,04.39]	30:A100,34.60,[100.00,02.44,01.18]	35:A100,38.10,[100.00,18.34,08.39]	40:A100,35.40,[100.00,06.14,05.03]	45:A100,35.60,[100.00,09.15,00.31]	
0:A100,37.30,[100.00,01.14,00.93]	5:C000,37.40,[100.00,07.95,14.32]	10:A100,36.60,[100.00,10.47,163.11]	15:A100,35.70,[100.00,00.00,00.31]	20:A100,38.80,[100.00,04.53,22.83]	25:A100,36.00,[100.00,15.63,04.39]	30:A100,35.10,[100.00,02.44,01.18]	35:A100,38.60,[100.00,18.34,08.39]	40:A100,35.90,[100.00,06.14,05.03]	45:A100,36.10,[100.00,09.15,00.31]	
0:A100,37.80,[100.00,01.14,00.93]	5:A100,37.90,[100.00,07.95,14.32]	10:C180,37.50,[100.00,10.47,178.23]	15:A100,36.20,[100.00,00.00,00.31]	20:A100,39.30,[100.00,04.53,22.83]	25:A100,36.50,[100.00,15.63,04.39]	30:A100,35.60,[100.00,02.44,01.18]	35:A100,39.10,[100.00,18.34,08.39]	40:A100,36.40,[100.00,06.14,05.03]	45:A100,36.60,[100.00,09.15,00.31]	
0:A100,38.30,[100.00,01.14,00.93]	5:A100,38.40,[100.00,07.95,14.32]	10:C000,37.50,[100.00,10.47,18.66]	15:A100,36.70,[100.00,00.00,00.31]	20:A100,39.80,[100.00,04.53,22.83]	25:A100,37.00,[100.00,15.63,04.39]	30:A100,36.10,[100.00,02.44,01.18]	35:A100,39.60,[100.00,18.34,08.39]	40:A100,36.90,[100.00,06.14,05.03]	45:A100,37.10,[100.00,09.15,00.31]	
0:A100,38.80,[100.00,01.14,00.93]	5:A100,38.90,[100.00,07.95,14.32]	10:A100,38.00,[100.00,10.47,18.66]	15:A100,37.20,[100.00,00.00,00.31]	20:A100,40.30,[100.00,04.53,22.83]	25:A100,37.50,[100.00,15.63,04.39]	30:A100,36.60,[100.00,02.44,01.18]	35:A100,40.10,[100.00,18.34,08.39]	40:A100,37.40,[100.00,06.14,05.03]	45:A100,37.60,[100.00,09.15,00.31]	
0:A100,39.30,[100.00,01.14,00.93]	5:A100,39.40,[100.00,07.95,14.32]	10:A100,38.50,[100.00,10.47,18.66]	15:A100,37.70,[100.00,00.00,00.31]	20:A100,40.80,[100.00,04.53,22.83]	25:A100,38.00,[100.00,15.63,04.39]	30:A100,37.10,[100.00,02.44,01.18]	35:A100,40.60,[100.00,18.34,08.39]	40:A100,37.90,[100.00,06.14,05.03]	45:A100,38.10,[100.00,09.15,00.31]	
0:A100,39.80,[100.00,01.14,00.93]	5:A100,39.90,[100.00,07.95,14.32]	10:A100,39.00,[100.00,10.47,18.66]	15:A100,38.20,[100.00,00.00,00.31]	20:A100,41.30,[100.00,04.53,22.83]	25:A100,38.50,[100.00,15.63,04.39]	30:A100,37.60,[100.00,02.44,01.18]	35:C180,41.50,[100.00,18.34,165.60]	40:A100,38.40,[100.00,06.14,05.03]	45:A100,38.60,[100.00,09.15,00.31]	
0:A100,40.30,[100.00,01.14,00.93]	5:A100,40.40,[100.00,07.95,14.32]	10:A100,39.50,[100.00,10.47,18.66]	15:A100,38.70,[100.00,00.00,00.31]	20:A100,41.80,[100.00,04.53,22.83]	25:A100,39.00,[100.00,15.63,04.39]	30:A100,38.10,[100.00,02.44,01.18]	35:C000,41.50,[100.00,18.34,13.89]	40:A100,38.90,[100.00,06.14,05.03]	45:A100,39.10,[100.00,09.15,00.31]	
0:A100,40.80,[100.00,01.14,00.93]	5:A100,40.90,[100.00,07.95,14.32]	10:A100,40.00,[100.00,10.47,18.66]	15:A100,39.20,[100.00,00.00,00.31]	20:A100,42.30,[100.00,04.53,22.83]	25:A100,39.50,[100.00,15.63,04.39]	30:A100,38.60,[100.00,02.44,01.18]	35:A100,42.00,[100.00,18.34,13.89]	40:A100,39.40,[100.00,06.14,05.03]	45:A100,39.60,[100.00,09.15,00.31]	
0:A100,41.30,[100.00,01.14,00.93]	5:A100,41.40,[100.00,07.95,14.32]	10:A100,40.50,[100.00,10.47,18.66]	15:A100,39.70,[100.00,00.00,00.31]	20:A100,42.80,[100.00,04.53,22.83]	25:A100,40.00,[100.00,15.63,04.39]	30:A100,39.10,[100.00,02.44,01.18]	35:A100,42.50,[100.00,18.34,13.89]	40:A100,39.90,[100.00,06.14,05.03]	45:A100,40.10,[100.00,09.15,00.31]	
0:A100,41.80,[100.00,01.14,00.93]	5:A100,41.90,[100.00,07.95,14.32]	10:A100,41.00,[100.00,10.47,18.66]	15:A100,40.20,[100.00,00.00,00.31]	20:A100,43.30,[100.00,04.53,22.83]	25:A100,40.50,[100.00,15.63,04.39]	30:A100,39.60,[100.00,02.44,01.18]	35:A100,43.00,[100.00,18.34,13.89]	40:A100,40.40,[100.00,06.14,05.03]	45:A100,40.60,[100.00,09.15,00.31]	
0:A100,42.30,[100.00,01.14,00.93]	5:A100,42.40,[100.00,07.95,14.32]	10:A100,41.50,[100.00,10.47,18.66]	15:A100,40.70,[100.00,00.00,00.31]	20:A100,43.80,[100.00,04.53,22.83]	25:A100,41.00,[100.00,15.63,04.39]	30:A100,40.10,[100.00,02.44,01.18]	35:A100,43.50,[100.00,18.34,13.89]	40:A100,40.90,[100.00,06.14,05.03]	45:A100,41.10,[100.00,09.15,00.31]	
0:A100,42.80,[100.00,01.14,00.93]	5:A100,42.90,[100.00,07.95,14.32]	10:A100,42.00,[100.00,10.47,18.66]	15:A100,41.20,[100.00,00.00,00.31]	20:A100,44.30,[100.00,04.53,22.83]	25:A100,41.50,[100.00,15.63,04.39]	30:A100,40.60,[100.00,02.44,01.18]	35:A100,44.00,[100.00,18.34,13.89]	40:A100,41.40,[100.00,06.14,05.03]	45:A100,41.60,[100.00,09.15,00.31]	
0:A100,43.30,[100.00,01.14,00.93]	5:A100,43.40,[100.00,07.95,14.32]	10:A100,42.50,[100.00,10.47,18.66]	15:A100,41.70,[100.00,00.00,00.31]	20:A100,44.80,[100.00,04.53,22.83]	25:A100,42.00,[100.00,15.63,04.39]	30:A100,41.10,[100.00,02.44,01.18]	35:A100,44.50,[100.00,18.34,13.89]	40:A100,41.90,[100.00,06.14,05.03]	45:A100,42.10,[100.00,09.15,00.31]	
0:A100,43.80,[100.00,01.14,00.93]	5:A100,43.90,[100.00,07.95,14.32]	10:A100,43.00,[100.00,10.47,18.66]	15:A100,42.20,[100.00,00.00,00.31]	20:A100,45.30,[100.00,04.53,22.83]	25:A100,42.50,[100.00,15.63,04.39]	30:A100,41.60,[100.00,02.44,01.18]	35:A100,45.00,[100.00,18.34,13.89]	40:A100,42.40,[100.00,06.14,05.03]	45:A100,42.60,[100.00,09.15,00.31]	
0:A100,44.30,[100.00,01.14,00.93]	5:A100,44.40,[100.00,07.95,14.32]	10:A100,43.50,[100.00,10.47,18.66]	15:A100,42.70,[100.00,00.00,00.31]	20:A100,45.80,[100.00,04.53,22.83]	25:A100,43.00,[100.00,15.63,04.39]	30:A100,42.10,[100.00,02.44,01.18]	35:A100,45.50,[100.00,18.34,13.89]	40:A100,42.90,[100.00,06.14,05.03]	45:A100,43.10,[100.00,09.15,00.31]	
0:A100,44.80,[100.00,01.14,00.93]	5:A100,44.90,[100.00,07.95,14.32]	10:B220,44.60,[100.00,198.06,18.66]	15:A100,43.20,[100.00,00.00,00.31]	20:A100,46.30,[100.00,04.53,22.83]	25:A100,43.50,[100.00,15.63,04.39]	30:A100,42.60,[100.00,02.44,01.18]	35:A100,46.00,[100.00,18.34,13.89]	40:A100,43.40,[100.00,06.14,05.03]	45:A100,43.60,[100.00,09.15,00.31]	
0:A100,45.30,[100.00,01.14,00.93]	5:A100,45.40,[100.00,07.95,14.32]	10:B000,44.60,[100.00,20.74,18.66]	15:A100,43.70,[100.00,00.00,00.31]	20:A100,46.80,[100.00,04.53,22.83]	25:A100,44.00,[100.00,15.63,04.39]	30:A100,43.10,[100.00,02.44,01.18]	35:A100,46.50,[100.00,18.34,13.89]	40:A100,43.90,[100.00,06.14,05.03]	45:A100,44.10,[100.00,09.15,00.31]	
0:A100,45.80,[100.00,01.14,00.93]	5:A100,45.90,[100.00,07.95,14.32]	10:A100,45.10,[100.00,20.74,18.66]	15:A100,44.20,[100.00,00.00,00.31]	20:A100,47.30,[100.00,04.53,22.83]	25:A100,44.50,[100.00,15.63,04.39]	30:A100,43.60,[100.00,02.44,01.18]	35:A100,47.00,[100.00,18.34,13.89]	40:A100,44.40,[100.00,06.14,05.03]	45:A100,44.60,[100.00,09.15,00.31]	
0:A100,46.30,[100.00,01.14,00.93]	5:A100,46.40,[100.00,07.95,14.32]	10:A100,45.60,[100.00,20.74,18.66]	15:A100,44.70,[100.00,00.00,00.31]	20:B000,47.30,[100.00,00.66,22.83]	25:A100,45.00,[100.00,15.63,04.39]	30:A100,44.10,[100.00,02.44,01.18]	35:A100,47.50,[100.00,18.34,13.89]	40:A100,44.90,[100.00,06.14,05.03]	45:A100,45.10,[100.00,09.15,00.31]	
0:A100,46.80,[100.00,01.14,00.93]	5:A100,46.90,[100.00,07.95,14.32]	10:A100,46.10,[100.00,20.74,18.66]	15:A100,45.20,[100.00,00.00,00.31]	20:A100,47.80,[100.00,00.66,22.83]	25:A100,45.50,[100.00,15.63,04.39]	30:A100,44.60,[100.00,02.44,01.18]	35:A100,48.00,[100.00,18.34,13.89]	40:A100,45.40,[100.00,06.14,05.03]	45:A100,45.60,[100.00,09.15,00.31]	
0:A100,47.30,[100.00,01.14,00.93]	5:A100,47.40,[100.00,07.95,14.32]	10:A100,46.60,[100.00,20.74,18.66]	15:A100,45.70,[100.00,00.00,00.31]	20:A100,48.30,[100.00,00.66,22.83]	25:A100,46.00,[100.00,15.63,04.39]	30:A100,45.10,[100.00,02.44,01.18]	35:B000,48.00,[100.00,01.54,13.89]	40:A100,45.90,[100.00,06.14,05.03]	45:A100,46.10,[100.00,09.15,00.31]	
0:A100,47.80,[100.00,01.14,00.93]	5:A100,47.90,[100.00,07.95,14.32]	10:A100,47.10,[100.00,20.74,18.66]	15:A100,46.20,[100.00,00.00,00.31]	20:A100,48.80,[100.00,00.66,22.83]	25:A100,46.50,[100.00,15.63,04.39]	30:A100,45.60,[100.00,02.44,01.18]	35:A100,48.50,[100.00,01.54,13.89]	40:A100,46.40,[100.00,06.14,05.03]	45:A100,46.60,[100.00,09.15,00.31]	
0:A100,48.30,[100.00,01.14,00.93]	5:A100,48.40,[100.00,07.95,14.32]	10:A100,47.60,[100.00,20.74,18.66]	15:A100,46.70,[100.00,00.00,00.31]	20:A100,49.30,[100.00,00.66,22.83]	25:A100,47.00,[100.00,15.63,04.39]	30:A100,46.10,[100.00,02.44,01.18]	35:A100,49.00,[100.00,01.54,13.89]	40:A100,46.90,[100.00,06.14,05.03]	45:A100,47.10,[100.00,09.15,00.31]	
0:A100,48.80,[100.00,01.14,00.93]	5:A100,48.90,[100.00,07.95,14.32]	10:A100,48.10,[100.00,20.74,18.66]	15:A100,47.20,[100.00,00.00,00.31]	20:A100,49.80,[100.00,00.66,22.83]	25:A100,47.50,[100.00,15.63,04.39]	30:A100,46.60,[100.00,02.44,01.18]	35:A100,49.50,[100.00,01.54,13.89]	40:A100,47.40,[100.00,06.14,05.03]	45:A100,47.60,[100.00,09.15,00.31]	
0:A100,49.30,[100.00,01.14,00.93]	5:A100,49.40,[100.00,07.95,14.32]	10:A100,48.60,[100.00,20.74,18.66]	15:A100,47.70,[100.00,00.00,00.31]	20:A100,50.30,[100.00,00.66,22.83]	25:A100,48.00,[100.00,15.63,04.39]	30:A100,47.10,[100.00,02.44,01.18]	35:A100,50.00,[100.00,01.54,13.89]	40:A100,47.90,[100.00,06.14,05.03]	45:A100,48.10,[100.00,09.15,00.31]	
0:C180,50.20,[100.00,01.14,179.07]	5:A100,49.90,[100.00,07.95,14.32]	10:A100,49.10,[100.00,20.74,18.66]	15:A100,48.20,[100.00,00.00,00.31]	20:A100,50.80,[100.00,00.66,22.83]	25:A100,48.50,[100.00,15.63,04.39]	30:A100,47.60,[100.00,02.44,01.18]	35:A100,50.50,[100.00,01.54,13.89]	40:A100,48.40,[100.00,06.14,05.03]	45:A100,48.60,[100.00,09.15,00.31]	
0:C000,50.20,[100.00,01.14,00.93]	5:A100,50.40,[100.00,07.95,14.32]	10:A100,49.60,[100.00,20.74,18.66]	15:A100,48.70,[100.00,00.00,00.31]	20:A100,51.30,[100.00,00.66,22.83]	25:A100,49.00,[100.00,15.63,04.39]	30:A100,48.10,[100.00,02.44,01.18]	35:A100,51.00,[100.00,01.54,13.89]	40:A100,48.90,[100.00,06.14,05.03]	45:A100,49.10,[100.00,09.15,00.31]	
0:A100,50.70,[100.00,01.14,00.93]	5:A100,50.90,[100.00,07.95,14.32]	10:A100,50.10,[100.00,20.74,18.66]	15:A100,49.20,[100.00,00.00,00.31]	20:A100,51.80,[100.00,00.66,22.83]	25:A100,49.50,[100.00,15.63,04.39]	30:A100,48.60,[100.00,02.44,01.18]	35:A100,51.50,[100.00,01.54,13.89]	40:A100,49.40,[100.00,06.14,05.03]	45:A100,49.60,[100.00,09.15,00.31]	
0:A100,51.20,[100.00,01.14,00.93]	5:A100,51.40,[100.00,07.95,14.32]	10:A100,50.60,[100.00,20.74,18.66]	15:A100,49.70,[100.00,00.00,00.31]	20:A100,52.30,[100.00,00.66,22.83]	25:A100,50.00,[100.00,15.63,04.39]	30:A100,49.10,[100.00,02.44,01.18]	35:A100,52.00,[100.00,01.54,13.89]	40:A100,49.90,[100.00,06.14,05.03]	45:A100,50.10,[100.00,09.15,00.31]	
0:A100,51.70,[100.00,01.14,00.93]	5:A100,51.90,[100.00,07.95,14.32]	10:A100,51.10,[100.00,20.74,18.66]	15:A100,50.20,[100.00,00.00,00.31]	20:A100,52.80,[100.00,00.66,22.83]	25:A100,50.50,[100.00,15.63,04.39]	30:A100,49.60,[100.00,02.44,01.18]	35:A100,52.50,[100.00,01.54,13.89]	40:A100,50.40,[100.00,06.14,05.03]	45:A100,50.60,[100.00,09.15,00.31]	
0:A100,52.20,[100.00,01.14,00.93]	5:A100,52.40,[100.00,07.95,14.32]	10:A100,51.60,[100.00,20.74,18.66]	15:A100,50.70,[100.00,00.00,00.31]	20:A100,53.30,[100.00,00.66,22.83]	25:A100,51.00,[100.00,15.63,04.39]	30:A100,50.10,[100.00,02.44,01.18]	35:A100,53.00,[100.00,01.54,13.89]	40:A100,50.90,[100.00,06.14,05.03]	45:A100,51.10,[100.00,09.15,00.31]	
0:A100,52.70,[100.00,01.14,00.93]	5:A100,52.90,[100.00,07.95,14.32]	10:A100,52.10,[100.00,20.74,18.66]	15:A100,51.20,[100.00,00.00,00.31]	20:A100,53.80,[100.00,00.66,22.83]	25:A100,51.50,[100.00,15.63,04.39]	30:A100,50.60,[100.00,02.44,01.18]	35:A100,53.50,[100.00,01.54,13.89]	40:A100,51.40,[100.00,06.14,05.03]	45:A100,51.60,[100.00,09.15,00.31]	
0:A100,53.20,[100.00,01.14,00.93]	5:A100,53.40,[100.00,07.95,14.32]	10:A100,52.60,[100.00,20.74,18.66]	15:A100,51.70,[100.00,00.00,00.31]	20:A100,54.30,[100.00,00.66,22.83]	25:A100,52.00,[100.00,15.63,04.39]	30:A100,51.10,[100.00,02.44,01.18]	35:A100,54.00,[100.00,01.54,13.89]	40:A100,51.90,[100.00,06.14,05.03]	45:A100,52.10,[100.00,09.15,00.31]	
0:A100,53.70,[100.00,01.14,00.93]	5:A100,53.90,[100.00,07.95,14.32]	10:A100,53.10,[100.00,20.74,18.66]	15:A100,52.20,[100.00,00.00,00.31]	20:A100,54.80,[100.00,00.66,22.83]	25:A100,52.50,[100.00,15.63,04.39]	30:A100,51.60,[100.00,02.44,01.18]	35:A100,54.50,[100.00,01.54,13.89]	40:A100,52.40,[100.00,06.14,05.03]	45:A100,52.60,[100.00,09.15,00.31]	
0:A100,54.20,[100.00,01.14,00.93]	5:A100,54.40,[100.00,07.95,14.32]	10:A100,53.60,[100.00,20.74,18.66]	15:A100,52.70,[100.00,00.00,00.31]	20:A100,55.30,[100.00,00.66,22.83]	25:A100,53.00,[100.00,15.63,04.39]	30:A100,52.10,[100.00,02.44,01.18]	35:A100,55.00,[100.00,01.54,13.89]	40:A100,52.90,[100.00,06.14,05.03]	45:A100,53.10,[100.00,09.15,00.31]	
0:A100,54.70,[100.00,01.14,00.93]	5:A100,54.90,[100.00,07.95,14.32]	10:A100,54.10,[100.00,20.74,18.66]	15:A100,53.20,[100.00,00.00,00.31]	20:A100,55.80,[100.00,00.66,22.83]	25:A100,53.50,[100.00,15.63,04.39]	30:A100,52.60,[100.00,02.44,01.18]	35:A100,55.50,[100.00,01.54,13.89]	40:A100,53.40,[100.00,06.14,05.03]	45:A100,53.60,[100.00,09.15,00.31]	
0:A100,55.20,[100.00,01.14,00.93]	5:A100,55.40,[100.00,07.95,14.32]	10:A100,54.60,[100.00,20.74,18.66]	15:A100,53.70,[100.00,00.00,00.31]	20:A100,56.30,[100.00,00.66,22.83]	25:A100,54.00,[100.00,15.63,04.39]	30:A100,53.10,[100.00,02.44,01.18]	35:A100,56.00,[100.00,01.54,13.89]	40:A100,53.90,[100.00,06.14,05.03]	45:A100,54.10,[100.00,09.15,00.31]	
0:A100,55.70,[100.00,01.14,00.93]	5:A100,55.90,[100.00,07.95,14.32]	10:A100,55.10,[100.00,20.74,18.66]	15:A100,54.20,[100.00,00.00,00.31]	20:A100,56.80,[100.00,00.66,22.83]	25:A100,54.50,[100.00,15.63,04.39]	30:A100,53.60,[100.00,02.44,01.18]	35:A100,56.50,[100.00,01.54,13.89]	40:A100,54.40,[100.00,06.14,05.03]	45:A100,54.60,[100.00,09.15,00.31]	
0:A100,56.20,[100.00,01.14,00.93]	5:A100,56.40,[100.00,07.95,14.32]	10:A100,55.60,[100.00,20.74,18.66]	15:A100,54.70,[100.00,00.00,00.31]	20:A100,57.30,[100.00,00.66,22.83]	25:A100,55.00,[100.00,15.63,04.39]	30:A100,54.10,[100.00,02.44,01.18]	35:A100,57.00,[100.00,01.54,13.89]	40:A100,54.90,[100.00,06.14,05.03]	45:C000,54.60,[100.00,09.15,00.01]	
0:A100,56.70,[100.00,01.14,00.93]	5:A100,56.90,[100.00,07.95,14.32]	10:A100,56.10,[100.00,20.74,18.66]	15:A100,55.20,[100.00,00.00,00.31]	20:A100,57.80,[100.00,00.66,22.83]	25:A100,55.50,[100.00,15.63,04.39]	30:A100,54.60,[100.00,02.44,01.18]	35:A100,57.50,[100.00,01.54,13.89]	40:A100,55.40,[100.00,06.14,05.03]	45:B000,54.60,[100.00,00.38,00.01]	
0:A100,57.20,[100.00,01.14,00.93]	5:A100,57.40,[100.00,07.95,14.32]	10:A100,56.60,[100.00,20.74,18.66]	15:A100,55.70,[100.00,00.00,00.31]	20:A100,58.30,[100.00,00.66,22.83]	25:A100,56.00,[100.00,15.63,04.39]	30:A100,55.10,[100.00,02.44,01.18]	35:A100,58.00,[100.00,01.54,13.89]	40:A100,55.90,[100.00,06.14,05.03]	45:A100,55.10,[100.00,00.38,00.01]	
0:A100,57.70,[100.00,01.14,00.93]	5:A100,57.90,[100.00,07.95,14.32]	10:A100,57.10,[100.00,20.74,18.66]	15:A100,56.20,[100.00,00.00,00.31]	20:A100,58.80,[100.00,00.66,22.83]	25:A100,56.50,[100.00,15.63,04.39]	30:A100,55.60,[100.00,02.44,01.18]	35:A100,58.50,[100.00,01.54,13.89]	40:A100,56.40,[100.00,06.14,05.03]	45:A100,55.60,[100.00,00.38,00.01]	
0:A100,58.20,[100.00,01.14,00.93]	5:A100,58.40,[100.00,07.95,14.32]	10:A100,57.60,[100.00,20.74,18.66]	15:A100,56.70,[100.00,00.00,00.31]	20:A100,59.30,[100.00,00.66,22.83]	25:A100,57.00,[100.00,15.63,04.39]	30:A100,56.10,[100.00,02.44,01.18]	35:A100,59.00,[100.00,01.54,13.89]	40:A100,56.90,[100.00,06.14,05.03]	45:A100,56.10,[100.00,00.38,00.01]	
0:A100,58.70,[100.00,01.14,00.93]	5:A100,58.90,[100.00,07.95,14.32]	10:A100,58.10,[100.00,20.74,18.66]	15:A100,57.20,[100.00,00.00,00.31]	20:A100,59.80,[100.00,00.66,22.83]	25:A100,57.50,[100.00,15.63,04.39]	30:A100,56.60,[100.00,02.44,01.18]	35:A100,59.50,[100.00,01.54,13.89]	40:A100,57.40,[100.00,06.14,05.03]	45:A100,56.60,[100.00,00.38,00.01]	
0:A100,59.20,[100.00,01.14,00.93]	5:A100,59.40,[100.00,07.95,14.32]	10:A100,58.60,[100.00,20.74,18.66]	15:A100,57.70,[100.00,00.00,00.31]	20:A100,60.30,[100.00,00.66,22.83]	25:A100,58.00,[100.00,15.63,04.39]	30:A100,57.10,[100.00,02.44,01.18]	35:A100,60.00,[100.00,01.54,13.89]	40:A100,57.90,[100.00,06.14,05.03]	45:A100,57.10,[100.00,00.38,00.01]	
0:A100,59.70,[100.00,01.14,00.93]	5:A100,59.90,[100.00,07.95,14.32]	10:A100,59.10,[100.00,20.74,18.66]	15:A100,58.20,[100.00,00.00,00.31]	20:A100,60.80,[100.00,00.66,22.83]	25:A100,58.50,[100.00,15.63,04.39]	30:A100,57.60,[100.00,02.44,01.18]	35:A100,60.50,[100.00,01.54,13.89]	40:A100,58.40,[100.00,06.14,05.03]	45:A100,57.60,[100.00,00.38,00.01]	
0:A100,60.20,[100.00,01.14,00.93]	5:A100,60.40,[100.00,07.95,14.32]	10:A100,59.60,[100.00,20.74,18.66]	15:A100,58.70,[100.00,00.00,00.31]	20:A100,61.30,[100.00,00.66,22.83]	25:A100,59.00,[100.00,15.63,04.39]	30:A100,58.10,[100.00,02.44,01.18]	35:A100,61.00,[100.00,01.54,13.89]	40:A100,58.90,[100.00,06.14,05.03]	45:A100,58.10,[100.00,00.38,00.01]	
0:A100,60.70,[100.00,01.14,00.93]	5:A100,60.90,[100.00,07.95,14.32]	10:A100,60.10,[100.00,20.74,18.66]	15:A100,59.20,[100.00,00.00,00.31]	20:A100,61.80,[100.00,00.66,22.83]	25:A100,59.50,[100.00,15.63,04.39]	30:A100,58.60,[100.00,02.44,01.18]	35:A100,61.50,[100.00,01.54,13.89]	40:A100,59.40,[100.00,06.14,05.03]	45:A100,58.60,[100.00,00.38,00.01]	
0:A100,61.20,[100.00,01.14,00.93]	5:A100,61.40,[100.00,07.95,14.32]	10:A100,60.60,[100.00,20.74,18.66]	15:A100,59.70,[100.00,00.00,00.31]	20:A100,62.30,[100.00,00.66,22.83]	25:A100,60.00,[100.00,15.63,04.39]	30:C180,59.50,[100.00,02.44,160.58]	35:A100,62.00,[100.00,01.54,13.89]	40:A100,59.90,[100.00,06.14,05.03]	45:A100,59.10,[100.00,00.38,00.01]	
0:A100,61.70,[100.00,01.14,00.93]	5:A100,61.90,[100.00,07.95,14.32]	10:A100,61.10,[100.00,20.74,18.66]	15:A100,60.20,[100.00,00.00,00.31]	20:A100,62.80,[100.00,00.66,22.83]	25:A100,60.50,[100.00,15.63,04.39]	30:C180,60.40,[100.00,02.44,177.89]	35:A100,62.50,[100.00,01.54,13.89]	40:A100,60.40,[100.00,06.14,05.03]	45:A100,59.60,[100.00,00.38,00.01]	
0:A100,62.20,[100.00,01.14,00.93]	5:A100,62.40,[100.00,07.95,14.32]	10:A100,61.60,[100.00,20.74,18.66]	15:A100,60.70,[100.00,00.00,00.31]	20:C180,63.70,[100.00,00.66,157.24]	25:A100,61.00,[100.00,15.63,04.39]	30:C180,61.30,[100.00,02.44,179.77]	35:A100,63.00,[100.00,01.54,13.89]	40:A100,60.90,[100.00,06.14,05.03]	45:A100,60.10,[100.00,00.38,00.01]	
0:A100,62.70,[100.00,01.14,00.93]	5:A100,62.90,[100.00,07.95,14.32]	10:A100,62.10,[100.00,20.74,18.66]	15:A100,61.20,[100.00,00.00,00.31]	20:C000,63.70,[100.00,00.66,22.77]	25:A100,61.50,[100.00,15.63,04.39]	30:C180,62.20,[100.00,02.44,179.98]	35:A100,63.50,[100.00,01.54,13.89]	40:A100,61.40,[100.00,06.14,05.03]	45:A100,60.60,[100.00,00.38,00.01]	
0:A100,63.20,[100.00,01.14,00.93]	5:A100,63.40,[100.00,07.95,14.32]	10:A100,62.60,[100.00,20.74,18.66]	15:A100,61.70,[100.00,00.00,00.31]	20:A100,64.20,[100.00,00.66,22.77]	25:A100,62.00,[100.00,15.63,04.39]	30:C000,62.20,[100.00,02.44,19.55]	35:A100,64.00,[100.00,01.54,13.89]	40:A100,61.90,[100.00,06.14,05.03]	45:A100,61.10,[100.00,00.38,00.01]	
0:A100,63.70,[100.00,01.14,00.93]	5:A100,63.90,[100.00,07.95,14.32]	10:A100,63.10,[100.00,20.74,18.66]	15:A100,62.20,[100.00,00.00,00.31]	20:A100,64.70,[100.00,00.66,22.77]	25:A100,62.50,[100.00,15.63,04.39]	30:A100,62.70,[100.00,02.44,19.55]	35:A100,64.50,[100.00,01.54,13.89]	40:A100,62.40,[100.00,06.14,05.03]	45:A100,61.60,[100.00,00.38,00.01]	
0:A100,64.20,[100.00,01.14,00.93]	5:A100,64.40,[100.00,07.95,14.32]	10:A100,63.60,[100.00,20.74,18.66]	15:A100,62.70,[100.00,00.00,00.31]	20:A100,65.20,[100.00,00.66,22.77]	25:A100,63.00,[100.00,15.63,04.39]	30:A100,63.20,[100.00,02.44,19.55]	35:A100,65.00,[100.00,01.54,13.89]	40:A100,62.90,[100.00,06.14,05.03]	45:A100,62.10,[100.00,00.38,00.01]	
0:A100,64.70,[100.00,01.14,00.93]	5:A100,64.90,[100.00,07.95,14.32]	10:A100,64.10,[100.00,20.74,18.66]	15:A100,63.20,[100.00,00.00,00.31]	20:A100,65.70,[100.00,00.66,22.77]	25:A100,63.50,[100.00,15.63,04.39]	30:A100,63.70,[100.00,02.44,19.55]	35:A100,65.50,[100.00,01.54,13.89]	40:A100,63.40,[100.00,06.14,05.03]	45:A100,62.60,[100.00,00.38,00.01]	
0:A100,65.20,[100.00,01.14,00.93]	5:A100,65.40,[100.00,07.95,14.32]	10:A100,64.60,[100.00,20.74,18.66]	15:A100,63.70,[100.00,00.00,00.31]	20:A100,66.20,[100.00,00.66,22.77]	25:A100,64.00,[100.00,15.63,04.39]	30:A100,64.20,[100.00,02.44,19.55]	35:A100,66.00,[100.00,01.54,13.89]	40:A100,63.90,[100.00,06.14,05.03]	45:A100,63.10,[100.00,00.38,00.01]	
0:A100,65.70,[100.00,01.14,00.93]	5:A100,65.90,[100.00,07.95,14.32]	10:A100,65.10,[100.00,20.74,18.66]	15:A100,64.20,[100.00,00.00,00.31]	20:A100,66.70,[100.00,00.66,22.77]	25:A100,64.50,[100.00,15.63,04.39]	30:A100,64.70,[100.00,02.44,19.55]	35:A100,66.50,[100.00,01.54,13.89]	40:A100,64.40,[100.00,06.14,05.03]	45:A100,63.60,[100.00,00.38,00.01]	
0:A100,66.20,[100.00,01.14,00.93]	5:A100,66.40,[100.00,07.95,14.32]	10:A100,65.60,[100.00,20.74,18.66]	15:A100,64.70,[100.00,00.00,00.31]	20:A100,67.20,[100.00,00.66,22.77]	25:A100,65.00,[100.00,15.63,04.39]	30:A100,65.20,[100.00,02.44,19.55]	35:C180,67.40,[100.00,01.54,166.06]	40:A100,64.90,[100.00,06.14,05.03]	45:A100,64.10,[100.00,00.38,00.01]	
0:A100,66.70,[100.00,01.14,00.93]	5:A100,66.90,[100.00,07.95,14.32]	10:A100,66.10,[100.00,20.74,18.66]	15:A100,65.20,[100.00,00.00,00.31]	20:A100,67.70,[100.00,00.66,22.77]	25:A100,65.50,[100.00,15.63,04.39]	30:A100,65.70,[100.00,02.44,19.55]	35:C180,68.30,[100.00,01.54,178.83]	40:A100,65.40,[100.00,06.14,05.03]	45:A100,64.60,[100.00,00.38,00.01]	
0:A100,67.20,[100.00,01.14,00.93]	5:A100,67.40,[100.00,07.95,14.32]	10:A100,66.60,[100.00,20.74,18.66]	15:A100,65.70,[100.00,00.00,00.31]	20:A100,68.20,[100.00,00.66,22.77]	25:A100,66.00,[100.00,15.63,04.39]	30:A100,66.20,[100.00,02.44,19.55]	35:C000,68.30,[100.00,01.54,15.00]	40:A100,65.90,[100.00,06.14,05.03]	45:A100,65.10,[100.00,00.38,00.01]	
0:B000,67.20,[100.00,00.01,00.93]	5:A100,67.90,[100.00,07.95,14.32]	10:A100,67.10,[100.00,20.74,18.66]	15:A100,66.20,[100.00,00.00,00.31]	20:A100,68.70,[100.00,00.66,22.77]	25:A100,66.50,[100.00,15.63,04.39]	30:A100,66.70,[100.00,02.44,19.55]	35:A100,68.80,[100.00,01.54,15.00]	40:A100,66.40,[100.00,06.14,05.03]	45:A100,65.60,[100.00,00.38,00.01]	
0:A100,67.70,[100.00,00.01,00.93]	5:A100,68.40,[100.00,07.95,14.32]	10:A100,67.60,[100.00,20.74,18.66]	15:A100,66.70,[100.00,00.00,00.31]	20:A100,69.20,[100.00,00.66,22.77]	25:A100,67.00,[100.00,15.63,04.39]	30:A100,67.20,[100.00,02.44,19.55]	35:A100,69.30,[100.00,01.54,15.00]	40:A100,66.90,[100.00,06.14,05.03]	45:A100,66.10,[100.00,00.38,00.01]	
0:A100,68.20,[100.00,00.01,00.93]	5:A100,68.90,[100.00,07.95,14.32]	10:A100,68.10,[100.00,20.74,18.66]	15:A100,67.20,[100.00,00.00,00.31]	20:A100,69.70,[100.00,00.66,22.77]	25:A100,67.50,[100.00,15.63,04.39]	30:A100,67.70,[100.00,02.44,19.55]	35:A100,69.80,[100.00,01.54,15.00]	40:A100,67.40,[100.00,06.14,05.03]	45:A100,66.60,[100.00,00.38,00.01]	
0:A100,68.70,[100.00,00.01,00.93]	5:A100,69.40,[100.00,07.95,14.32]	10:A100,68.60,[100.00,20.74,18.66]	15:A100,67.70,[100.00,00.00,00.31]	20:C180,70.60,[100.00,00.66,157.23]	25:A100,68.00,[100.00,15.63,04.39]	30:A100,68.20,[100.00,02.44,19.55]	35:A100,70.30,[100.00,01.54,15.00]	40:A100,67.90,[100.00,06.14,05.03]	45:A100,67.10,[100.00,00.38,00.01]	
0:A100,69.20,[100.00,00.01,00.93]	5:A100,69.90,[100.00,07.95,14.32]	10:A100,69.10,[100.00,20.74,18.66]	15:A100,68.20,[100.00,00.00,00.31]	20:C000,70.60,[100.00,00.66,22.77]	25:A100,68.50,[100.00,15.63,04.39]	30:A100,68.70,[100.00,02.44,19.55]	35:A100,70.80,[100.00,01.54,15.00]	40:A100,68.40,[100.00,06.14,05.03]	45:A100,67.60,[100.00,00.38,00.01]	
0:A100,69.70,[100.00,00.01,00.93]	5:A100,70.40,[100.00,07.95,14.32]	10:A100,69.60,[100.00,20.74,18.66]	15:A100,68.70,[100.00,00.00,00.31]	20:A100,71.10,[100.00,00.66,22.77]	25:C180,69.40,[100.00,15.63,152.56]	30:A100,69.20,[100.00,02.44,19.55]	35:A100,71.30,[100.00,01.54,15.00]	40:A100,68.90,[100.00,06.14,05.03]	45:A100,68.10,[100.00,00.38,00.01]	
0:A100,70.20,[100.00,00.01,00.93]	5:A100,70.90,[100.00,07.95,14.32]	10:A100,70.10,[100.00,20.74,18.66]	15:A100,69.20,[100.00,00.00,00.31]	20:A100,71.60,[100.00,00.66,22.77]	25:C180,70.30,[100.00,15.63,175.71]	30:B000,69.20,[100.00,00.27,19.55]	35:A100,71.80,[100.00,01.54,15.00]	40:A100,69.40,[100.00,06.14,05.03]	45:A100,68.60,[100.00,00.38,00.01]	
0:A100,70.70,[100.00,00.01,00.93]	5:A100,71.40,[100.00,07.95,14.32]	10:A100,70.60,[100.00,20.74,18.66]	15:A100,69.70,[100.00,00.00,00.31]	20:A100,72.10,[100.00,00.66,22.77]	25:A100,70.80,[100.00,15.63,175.71]	30:A100,69.70,[100.00,00.27,19.55]	35:A100,72.30,[100.00,01.54,15.00]	40:A100,69.90,[100.00,06.14,05.03]	45:A100,69.10,[100.00,00.38,00.01]	
0:A100,71.20,[100.00,00.01,00.93]	5:A100,71.90,[100.00,07.95,14.32]	10:A100,71.10,[100.00,20.74,18.66]	15:A100,70.20,[100.00,00.00,00.31]	20:A100,72.60,[100.00,00.66,22.77]	25:C180,71.70,[100.00,15.63,179.33]	30:A100,70.20,[100.00,00.27,19.55]	35:A100,72.80,[100.00,01.54,15.00]	40:A100,70.40,[100.00,06.14,05.03]	45:A100,69.60,[100.00,00.38,00.01]	
0:A100,71.70,[100.00,00.01,00.93]	5:A100,72.40,[100.00,07.95,14.32]	10:A100,71.60,[100.00,20.74,18.66]	15:A100,70.70,[100.00,00.00,00.31]	20:A100,73.10,[100.00,00.66,22.77]	25:C000,71.70,[100.00,15.63,28.02]	30:A100,70.70,[100.00,00.27,19.55]	35:A100,73.30,[100.00,01.54,15.00]	40:A100,70.90,[100.00,06.14,05.03]	45:A100,70.10,[100.00,00.38,00.01]	
0:A100,72.20,[100.00,00.01,00.93]	5:A100,72.90,[100.00,07.95,14.32]	10:A100,72.10,[100.00,20.74,18.66]	15:A100,71.20,[100.00,00.00,00.31]	20:A100,73.60,[100.00,00.66,22.77]	25:A100,72.20,[100.00,15.63,28.02]	30:A100,71.20,[100.00,00.27,19.55]	35:A100,73.80,[100.00,01.54,15.00]	40:A100,71.40,[100.00,06.14,05.03]	45:A100,70.60,[100.00,00.38,00.01]	
0:A100,72.70,[100.00,00.01,00.93]	5:A100,73.40,[100.00,07.95,14.32]	10:A100,72.60,[100.00,20.74,18.66]	15:A100,71.70,[100.00,00.00,00.31]	20:A100,74.10,[100.00,00.66,22.77]	25:A100,72.70,[100.00,15.63,28.02]	30:A100,71.70,[100.00,00.27,19.55]	35:A100,74.30,[100.00,01.54,15.00]	40:A100,71.90,[100.00,06.14,05.03]	45:A100,71.10,[100.00,00.38,00.01]	
0:A100,73.20,[100.00,00.01,00.93]	5:A100,73.90,[100.00,07.95,14.32]	10:A100,73.10,[100.00,20.74,18.66]	15:A100,72.20,[100.00,00.00,00.31]	20:A100,74.60,[100.00,00.66,22.77]	25:A100,73.20,[100.00,15.63,28.02]	30:A100,72.20,[100.00,00.27,19.55]	35:A100,74.80,[100.00,01.54,15.00]	40:A100,72.40,[100.00,06.14,05.03]	45:A100,71.60,[100.00,00.38,00.01]	
0:A100,73.70,[100.00,00.01,00.93]	5:A100,74.40,[100.00,07.95,14.32]	10:A100,73.60,[100.00,20.74,18.66]	15:A100,72.70,[100.00,00.00,00.31]	20:A100,75.10,[100.00,00.66,22.77]	25:A100,73.70,[100.00,15.63,28.02]	30:A100,72.70,[100.00,00.27,19.55]	35:A100,75.30,[100.00,01.54,15.00]	40:A100,72.90,[100.00,06.14,05.03]	45:A100,72.10,[100.00,00.38,00.01]	
0:A100,74.20,[100.00,00.01,00.93]	5:A100,74.90,[100.00,07.95,14.32]	10:A100,74.10,[100.00,20.74,18.66]	15:A100,73.20,[100.00,00.00,00.31]	20:A100,75.60,[100.00,00.66,22.77]	25:A100,74.20,[100.00,15.63,28.02]	30:A100,73.20,[100.00,00.27,19.55]	35:A100,75.80,[100.00,01.54,15.00]	40:A100,73.40,[100.00,06.14,05.03]	45:A100,72.60,[100.00,00.38,00.01]	
0:A100,74.70,[100.00,00.01,00.93]	5:A100,75.40,[100.00,07.95,14.32]	10:A100,74.60,[100.00,20.74,18.66]	15:A100,73.70,[100.00,00.00,00.31]	20:A100,76.10,[100.00,00.66,22.77]	25:A100,74.70,[100.00,15.63,28.02]	30:A100,73.70,[100.00,00.27,19.55]	35:A100,76.30,[100.00,01.54,15.00]	40:A100,73.90,[100.00,06.14,05.03]	45:A100,73.10,[100.00,00.38,00.01]	
0:A100,75.20,[100.00,00.01,00.93]	5:A100,75.90,[100.00,07.95,14.32]	10:A100,75.10,[100.00,20.74,18.66]	15:A100,74.20,[100.00,00.00,00.31]	20:A100,76.60,[100.00,00.66,22.77]	25:A100,75.20,[100.00,15.63,28.02]	30:A100,74.20,[100.00,00.27,19.55]	35:A100,76.80,[100.00,01.54,15.00]	40:A100,74.40,[100.00,06.14,05.03]	45:A100,73.60,[100.00,00.38,00.01]	
0:A100,75.70,[100.00,00.01,00.93]	5:A100,76.40,[100.00,07.95,14.32]	10:A100,75.60,[100.00,20.74,18.66]	15:A100,74.70,[100.00,00.00,00.31]	20:A100,77.10,[100.00,00.66,22.77]	25:A100,75.70,[100.00,15.63,28.02]	30:A100,74.70,[100.00,00.27,19.55]	35:A100,77.30,[100.00,01.54,15.00]	40:B000,74.40,[100.00,00.18,05.03]	45:A100,74.10,[100.00,00.38,00.01]	
0:A100,76.20,[100.00,00.01,00.93]	5:A100,76.90,[100.00,07.95,14.32]	10:A100,76.10,[100.00,20.74,18.66]	15:A100,75.20,[100.00,00.00,00.31]	20:A100,77.60,[100.00,00.66,22.77]	25:A100,76.20,[100.00,15.63,28.02]	30:A100,75.20,[100.00,00.27,19.55]	35:A100,77.80,[100.00,01.54,15.00]	40:A100,74.90,[100.00,00.18,05.03]	45:A100,74.60,[100.00,00.38,00.01]	
0:A100,76.70,[100.00,00.01,00.93]	5:A100,77.40,[100.00,07.95,14.32]	10:A100,76.60,[100.00,20.74,18.66]	15:A100,75.70,[100.00,00.00,00.31]	20:A100,78.10,[100.00,00.66,22.77]	25:A100,76.70,[100.00,15.63,28.02]	30:A100,75.70,[100.00,00.27,19.55]	35:A100,78.30,[100.00,01.54,15.00]	40:A100,75.40,[100.00,00.18,05.03]	45:A100,75.10,[100.00,00.38,00.01]	
0:A100,77.20,[100.00,00.01,00.93]	5:A100,77.90,[100.00,07.95,14.32]	10:A100,77.10,[100.00,20.74,18.66]	15:A100,76.20,[100.00,00.00,00.31]	20:A100,78.60,[100.00,00.66,22.77]	25:C180,77.60,[100.00,15.63,156.25]	30:A100,76.20,[100.00,00.27,19.55]	35:A100,78.80,[100.00,01.54,15.00]	40:A100,75.90,[100.00,00.18,05.03]	45:A100,75.60,[100.00,00.38,00.01]	
0:A100,77.70,[100.00,00.01,00.93]	5:A100,78.40,[100.00,07.95,14.32]	10:A100,77.60,[100.00,20.74,18.66]	15:A100,76.70,[100.00,00.00,00.31]	20:A100,79.10,[100.00,00.66,22.77]	25:C180,78.50,[100.00,15.63,176.29]	30:A100,76.70,[100.00,00.27,19.55]	35:A100,79.30,[100.00,01.54,15.00]	40:A100,76.40,[100.00,00.18,05.03]	45:A100,76.10,[100.00,00.38,00.01]	
0:A100,78.20,[100.00,00.01,00.93]	5:A100,78.90,[100.00,07.95,14.32]	10:A100,78.10,[100.00,20.74,18.66]	15:A100,77.20,[100.00,00.00,00.31]	20:A100,79.60,[100.00,00.66,22.77]	25:C000,78.50,[100.00,15.63,27.55]	30:A100,77.20,[100.00,00.27,19.55]	35:A100,79.80,[100.00,01.54,15.00]	40:A100,76.90,[100.00,00.18,05.03]	45:A100,76.60,[100.00,00.38,00.01]	
0:A100,78.70,[100.00,00.01,00.93]	5:B000,78.90,[100.00,00.63,14.32]	10:A100,78.60,[100.00,20.74,18.66]	15:A100,77.70,[100.00,00.00,00.31]	20:A100,80.10,[100.00,00.66,22.77]	25:A100,79.00,[100.00,15.63,27.55]	30:A100,77.70,[100.00,00.27,19.55]	35:A100,80.30,[100.00,01.54,15.00]	40:A100,77.40,[100.00,00.18,05.03]	45:A100,77.10,[100.00,00.38,00.01]	
0:A100,79.20,[100.00,00.01,00.93]	5:A100,79.40,[100.00,00.63,14.32]	10:A100,79.10,[100.00,20.74,18.66]	15:A100,78.20,[100.00,00.00,00.31]	20:A100,80.60,[100.00,00.66,22.77]	25:A100,79.50,[100.00,15.63,27.55]	30:A100,78.20,[100.00,00.27,19.55]	35:A100,80.80,[100.00,01.54,15.00]	40:A100,77.90,[100.00,00.18,05.03]	45:A100,77.60,[100.00,00.38,00.01]	
0:A100,79.70,[100.00,00.01,00.93]	5:A100,79.90,[100.00,00.63,14.32]	10:A100,79.60,[100.00,20.74,18.66]	15:A100,78.70,[100.00,00.00,00.31]	20:A100,81.10,[100.00,00.66,22.77]	25:A100,80.00,[100.00,15.63,27.55]	30:A100,78.70,[100.00,00.27,19.55]	35:A100,81.30,[100.00,01.54,15.00]	40:A100,78.40,[100.00,00.18,05.03]	45:A100,78.10,[100.00,00.38,00.01]	
0:C000,79.70,[100.00,00.01,00.00]	5:A100,80.40,[100.00,00.63,14.32]	10:A100,80.10,[100.00,20.74,18.66]	15:A100,79.20,[100.00,00.00,00.31]	20:A100,81.60,[100.00,00.66,22.77]	25:A100,80.50,[100.00,15.63,27.55]	30:A100,79.20,[100.00,00.27,19.55]	35:A100,81.80,[100.00,01.54,15.00]	40:A100,78.90,[100.00,00.18,05.03]	45:A100,78.60,[100.00,00.38,00.01]	
0:A100,80.20,[100.00,00.01,00.00]	5:A100,80.90,[100.00,00.63,14.32]	10:A100,80.60,[100.00,20.74,18.66]	15:A100,79.70,[100.00,00.00,00.31]	20:A100,82.10,[100.00,00.66,22.77]	25:A100,81.00,[100.00,15.63,27.55]	30:A100,79.70,[100.00,00.27,19.55]	35:A100,82.30,[100.00,01.54,15.00]	40:A100,79.40,[100.00,00.18,05.03]	45:A100,79.10,[100.00,00.38,00.01]	
0:A100,80.70,[100.00,00.01,00.00]	5:A100,81.40,[100.00,00.63,14.32]	10:A100,81.10,[100.00,20.74,18.66]	15:A100,80.20,[100.00,00.00,00.31]	20:A100,82.60,[100.00,00.66,22.77]	25:C180,81.90,[100.00,15.63,156.18]	30:A100,80.20,[100.00,00.27,19.55]	35:A100,82.80,[100.00,01.54,15.00]	40:A100,79.90,[100.00,00.18,05.03]	45:A100,79.60,[100.00,00.38,00.01]	
0:A100,81.20,[100.00,00.01,00.00]	5:A100,81.90,[100.00,00.63,14.32]	10:A100,81.60,[100.00,20.74,18.66]	15:A100,80.70,[100.00,00.00,00.31]	20:A100,83.10,[100.00,00.66,22.77]	25:C000,81.90,[100.00,15.63,24.40]	30:A100,80.70,[100.00,00.27,19.55]	35:A100,83.30,[100.0