each row consists of groups of data for each agent, in form:	agentNum(learningParameter):choice,fitness,[expA,expB,expC]where choice has letter chosen and reward received
each column consists of every trial for the same agent.
this entire file is from Generation 0

0(0.5):C180,00.90,[100.00,100.00,140.00]	5(0.5):A100,00.50,[100.00,100.00,100.00]	10(0.5):A100,00.50,[100.00,100.00,100.00]	15(0.5):A100,00.50,[100.00,100.00,100.00]	20(0.5):B220,01.10,[100.00,160.00,100.00]	25(0.5):B220,01.10,[100.00,160.00,100.00]	30(0.5):B000,00.00,[100.00,50.00,100.00]	35(0.5):A100,00.50,[100.00,100.00,100.00]	40(0.5):A100,00.50,[100.00,100.00,100.00]	45(0.5):A100,00.50,[100.00,100.00,100.00]	
0(0.5):C000,00.90,[100.00,100.00,70.00]	5(0.5):C180,01.40,[100.00,100.00,140.00]	10(0.5):C180,01.40,[100.00,100.00,140.00]	15(0.5):B000,00.50,[100.00,50.00,100.00]	20(0.5):B000,01.10,[100.00,80.00,100.00]	25(0.5):B000,01.10,[100.00,80.00,100.00]	30(0.5):A100,00.50,[100.00,50.00,100.00]	35(0.5):B220,01.60,[100.00,160.00,100.00]	40(0.5):A100,01.00,[100.00,100.00,100.00]	45(0.5):B000,00.50,[100.00,50.00,100.00]	
0(0.5):A100,01.40,[100.00,100.00,70.00]	5(0.5):C000,01.40,[100.00,100.00,70.00]	10(0.5):A100,01.90,[100.00,100.00,140.00]	15(0.5):A100,01.00,[100.00,50.00,100.00]	20(0.5):B000,01.10,[100.00,40.00,100.00]	25(0.5):B220,02.20,[100.00,150.00,100.00]	30(0.5):A100,01.00,[100.00,50.00,100.00]	35(0.5):A100,02.10,[100.00,160.00,100.00]	40(0.5):C000,01.00,[100.00,100.00,50.00]	45(0.5):C000,00.50,[100.00,50.00,50.00]	
0(0.5):B000,01.40,[100.00,50.00,70.00]	5(0.5):B220,02.50,[100.00,160.00,70.00]	10(0.5):C180,02.80,[100.00,100.00,160.00]	15(0.5):A100,01.50,[100.00,50.00,100.00]	20(0.5):A100,01.60,[100.00,40.00,100.00]	25(0.5):B220,03.30,[100.00,185.00,100.00]	30(0.5):A100,01.50,[100.00,50.00,100.00]	35(0.5):B000,02.10,[100.00,80.00,100.00]	40(0.5):C180,01.90,[100.00,100.00,115.00]	45(0.5):A100,01.00,[100.00,50.00,50.00]	
0(0.5):A100,01.90,[100.00,50.00,70.00]	5(0.5):B220,03.60,[100.00,190.00,70.00]	10(0.5):C000,02.80,[100.00,100.00,80.00]	15(0.5):A100,02.00,[100.00,50.00,100.00]	20(0.5):A100,02.10,[100.00,40.00,100.00]	25(0.5):B000,03.30,[100.00,92.50,100.00]	30(0.5):A100,02.00,[100.00,50.00,100.00]	35(0.5):A100,02.60,[100.00,80.00,100.00]	40(0.5):C180,02.80,[100.00,100.00,147.50]	45(0.5):A100,01.50,[100.00,50.00,50.00]	
0(0.5):B000,01.90,[100.00,25.00,70.00]	5(0.5):B000,03.60,[100.00,95.00,70.00]	10(0.5):A100,03.30,[100.00,100.00,80.00]	15(0.5):C000,02.00,[100.00,50.00,50.00]	20(0.5):C180,03.00,[100.00,40.00,140.00]	25(0.5):A100,03.80,[100.00,92.50,100.00]	30(0.5):C000,02.00,[100.00,50.00,50.00]	35(0.5):C180,03.50,[100.00,80.00,140.00]	40(0.5):C180,03.70,[100.00,100.00,163.75]	45(0.5):A100,02.00,[100.00,50.00,50.00]	
0(0.5):A100,02.40,[100.00,25.00,70.00]	5(0.5):B000,03.60,[100.00,47.50,70.00]	10(0.5):B000,03.30,[100.00,50.00,80.00]	15(0.5):A100,02.50,[100.00,50.00,50.00]	20(0.5):C180,03.90,[100.00,40.00,160.00]	25(0.5):C180,04.70,[100.00,92.50,140.00]	30(0.5):A100,02.50,[100.00,50.00,50.00]	35(0.5):C000,03.50,[100.00,80.00,70.00]	40(0.5):C180,04.60,[100.00,100.00,171.88]	45(0.5):A100,02.50,[100.00,50.00,50.00]	
0(0.5):A100,02.90,[100.00,25.00,70.00]	5(0.5):A100,04.10,[100.00,47.50,70.00]	10(0.5):C000,03.30,[100.00,50.00,40.00]	15(0.5):A100,03.00,[100.00,50.00,50.00]	20(0.5):C000,03.90,[100.00,40.00,80.00]	25(0.5):A100,05.20,[100.00,92.50,140.00]	30(0.5):A100,03.00,[100.00,50.00,50.00]	35(0.5):A100,04.00,[100.00,80.00,70.00]	40(0.5):C000,04.60,[100.00,100.00,85.94]	45(0.5):A100,03.00,[100.00,50.00,50.00]	
0(0.5):A100,03.40,[100.00,25.00,70.00]	5(0.5):A100,04.60,[100.00,47.50,70.00]	10(0.5):A100,03.80,[100.00,50.00,40.00]	15(0.5):A100,03.50,[100.00,50.00,50.00]	20(0.5):B000,03.90,[100.00,20.00,80.00]	25(0.5):A100,05.70,[100.00,92.50,140.00]	30(0.5):A100,03.50,[100.00,50.00,50.00]	35(0.5):A100,04.50,[100.00,80.00,70.00]	40(0.5):A100,05.10,[100.00,100.00,85.94]	45(0.5):A100,03.50,[100.00,50.00,50.00]	
0(0.5):A100,03.90,[100.00,25.00,70.00]	5(0.5):A100,05.10,[100.00,47.50,70.00]	10(0.5):A100,04.30,[100.00,50.00,40.00]	15(0.5):A100,04.00,[100.00,50.00,50.00]	20(0.5):C000,03.90,[100.00,20.00,40.00]	25(0.5):C180,06.60,[100.00,92.50,160.00]	30(0.5):A100,04.00,[100.00,50.00,50.00]	35(0.5):A100,05.00,[100.00,80.00,70.00]	40(0.5):A100,05.60,[100.00,100.00,85.94]	45(0.5):C180,04.40,[100.00,50.00,115.00]	
0(0.5):A100,04.40,[100.00,25.00,70.00]	5(0.5):A100,05.60,[100.00,47.50,70.00]	10(0.5):A100,04.80,[100.00,50.00,40.00]	15(0.5):A100,04.50,[100.00,50.00,50.00]	20(0.5):A100,04.40,[100.00,20.00,40.00]	25(0.5):C180,07.50,[100.00,92.50,170.00]	30(0.5):B220,05.10,[100.00,135.00,50.00]	35(0.5):A100,05.50,[100.00,80.00,70.00]	40(0.5):B000,05.60,[100.00,50.00,85.94]	45(0.5):C000,04.40,[100.00,50.00,57.50]	
0(0.5):A100,04.90,[100.00,25.00,70.00]	5(0.5):A100,06.10,[100.00,47.50,70.00]	10(0.5):A100,05.30,[100.00,50.00,40.00]	15(0.5):A100,05.00,[100.00,50.00,50.00]	20(0.5):C180,05.30,[100.00,20.00,110.00]	25(0.5):C180,08.40,[100.00,92.50,175.00]	30(0.5):B220,06.20,[100.00,177.50,50.00]	35(0.5):A100,06.00,[100.00,80.00,70.00]	40(0.5):C000,05.60,[100.00,50.00,42.97]	45(0.5):A100,04.90,[100.00,50.00,57.50]	
0(0.5):C000,04.90,[100.00,25.00,35.00]	5(0.5):A100,06.60,[100.00,47.50,70.00]	10(0.5):A100,05.80,[100.00,50.00,40.00]	15(0.5):C180,05.90,[100.00,50.00,115.00]	20(0.5):A100,05.80,[100.00,20.00,110.00]	25(0.5):C000,08.40,[100.00,92.50,87.50]	30(0.5):B220,07.30,[100.00,198.75,50.00]	35(0.5):A100,06.50,[100.00,80.00,70.00]	40(0.5):A100,06.10,[100.00,50.00,42.97]	45(0.5):A100,05.40,[100.00,50.00,57.50]	
0(0.5):A100,05.40,[100.00,25.00,35.00]	5(0.5):A100,07.10,[100.00,47.50,70.00]	10(0.5):A100,06.30,[100.00,50.00,40.00]	15(0.5):A100,06.40,[100.00,50.00,115.00]	20(0.5):C180,06.70,[100.00,20.00,145.00]	25(0.5):A100,08.90,[100.00,92.50,87.50]	30(0.5):B220,08.40,[100.00,209.38,50.00]	35(0.5):A100,07.00,[100.00,80.00,70.00]	40(0.5):A100,06.60,[100.00,50.00,42.97]	45(0.5):A100,05.90,[100.00,50.00,57.50]	
0(0.5):A100,05.90,[100.00,25.00,35.00]	5(0.5):A100,07.60,[100.00,47.50,70.00]	10(0.5):A100,06.80,[100.00,50.00,40.00]	15(0.5):C180,07.30,[100.00,50.00,147.50]	20(0.5):C180,07.60,[100.00,20.00,162.50]	25(0.5):C180,09.80,[100.00,92.50,133.75]	30(0.5):B220,09.50,[100.00,214.69,50.00]	35(0.5):B220,08.10,[100.00,150.00,70.00]	40(0.5):A100,07.10,[100.00,50.00,42.97]	45(0.5):A100,06.40,[100.00,50.00,57.50]	
0(0.5):A100,06.40,[100.00,25.00,35.00]	5(0.5):A100,08.10,[100.00,47.50,70.00]	10(0.5):A100,07.30,[100.00,50.00,40.00]	15(0.5):C000,07.30,[100.00,50.00,73.75]	20(0.5):C180,08.50,[100.00,20.00,171.25]	25(0.5):B220,10.90,[100.00,156.25,133.75]	30(0.5):B000,09.50,[100.00,107.34,50.00]	35(0.5):A100,08.60,[100.00,150.00,70.00]	40(0.5):B220,08.20,[100.00,135.00,42.97]	45(0.5):A100,06.90,[100.00,50.00,57.50]	
0(0.5):A100,06.90,[100.00,25.00,35.00]	5(0.5):A100,08.60,[100.00,47.50,70.00]	10(0.5):A100,07.80,[100.00,50.00,40.00]	15(0.5):A100,07.80,[100.00,50.00,73.75]	20(0.5):C000,08.50,[100.00,20.00,85.63]	25(0.5):C000,10.90,[100.00,156.25,66.88]	30(0.5):A100,10.00,[100.00,107.34,50.00]	35(0.5):A100,09.10,[100.00,150.00,70.00]	40(0.5):B000,08.20,[100.00,67.50,42.97]	45(0.5):A100,07.40,[100.00,50.00,57.50]	
0(0.5):A100,07.40,[100.00,25.00,35.00]	5(0.5):A100,09.10,[100.00,47.50,70.00]	10(0.5):A100,08.30,[100.00,50.00,40.00]	15(0.5):A100,08.30,[100.00,50.00,73.75]	20(0.5):C180,09.40,[100.00,20.00,132.81]	25(0.5):B000,10.90,[100.00,78.13,66.88]	30(0.5):B220,11.10,[100.00,163.67,50.00]	35(0.5):B000,09.10,[100.00,75.00,70.00]	40(0.5):A100,08.70,[100.00,67.50,42.97]	45(0.5):A100,07.90,[100.00,50.00,57.50]	
0(0.5):A100,07.90,[100.00,25.00,35.00]	5(0.5):B220,10.20,[100.00,133.75,70.00]	10(0.5):A100,08.80,[100.00,50.00,40.00]	15(0.5):A100,08.80,[100.00,50.00,73.75]	20(0.5):C180,10.30,[100.00,20.00,156.41]	25(0.5):A100,11.40,[100.00,78.13,66.88]	30(0.5):B220,12.20,[100.00,191.84,50.00]	35(0.5):A100,09.60,[100.00,75.00,70.00]	40(0.5):A100,09.20,[100.00,67.50,42.97]	45(0.5):A100,08.40,[100.00,50.00,57.50]	
0(0.5):A100,08.40,[100.00,25.00,35.00]	5(0.5):B220,11.30,[100.00,176.88,70.00]	10(0.5):B000,08.80,[100.00,25.00,40.00]	15(0.5):A100,09.30,[100.00,50.00,73.75]	20(0.5):C180,11.20,[100.00,20.00,168.20]	25(0.5):A100,11.90,[100.00,78.13,66.88]	30(0.5):B220,13.30,[100.00,205.92,50.00]	35(0.5):C180,10.50,[100.00,75.00,125.00]	40(0.5):B000,09.20,[100.00,33.75,42.97]	45(0.5):A100,08.90,[100.00,50.00,57.50]	
0(0.5):A100,08.90,[100.00,25.00,35.00]	5(0.5):B220,12.40,[100.00,198.44,70.00]	10(0.5):A100,09.30,[100.00,25.00,40.00]	15(0.5):A100,09.80,[100.00,50.00,73.75]	20(0.5):C180,12.10,[100.00,20.00,174.10]	25(0.5):C180,12.80,[100.00,78.13,123.44]	30(0.5):B000,13.30,[100.00,102.96,50.00]	35(0.5):C180,11.40,[100.00,75.00,152.50]	40(0.5):A100,09.70,[100.00,33.75,42.97]	45(0.5):A100,09.40,[100.00,50.00,57.50]	
0(0.5):C000,08.90,[100.00,25.00,17.50]	5(0.5):B220,13.50,[100.00,209.22,70.00]	10(0.5):A100,09.80,[100.00,25.00,40.00]	15(0.5):A100,10.30,[100.00,50.00,73.75]	20(0.5):C180,13.00,[100.00,20.00,177.05]	25(0.5):C000,12.80,[100.00,78.13,61.72]	30(0.5):A100,13.80,[100.00,102.96,50.00]	35(0.5):C000,11.40,[100.00,75.00,76.25]	40(0.5):A100,10.20,[100.00,33.75,42.97]	45(0.5):A100,09.90,[100.00,50.00,57.50]	
0(0.5):A100,09.40,[100.00,25.00,17.50]	5(0.5):B220,14.60,[100.00,214.61,70.00]	10(0.5):A100,10.30,[100.00,25.00,40.00]	15(0.5):A100,10.80,[100.00,50.00,73.75]	20(0.5):C000,13.00,[100.00,20.00,88.53]	25(0.5):A100,13.30,[100.00,78.13,61.72]	30(0.5):A100,14.30,[100.00,102.96,50.00]	35(0.5):A100,11.90,[100.00,75.00,76.25]	40(0.5):B220,11.30,[100.00,126.88,42.97]	45(0.5):A100,10.40,[100.00,50.00,57.50]	
0(0.5):A100,09.90,[100.00,25.00,17.50]	5(0.5):B000,14.60,[100.00,107.30,70.00]	10(0.5):A100,10.80,[100.00,25.00,40.00]	15(0.5):A100,11.30,[100.00,50.00,73.75]	20(0.5):A100,13.50,[100.00,20.00,88.53]	25(0.5):A100,13.80,[100.00,78.13,61.72]	30(0.5):B000,14.30,[100.00,51.48,50.00]	35(0.5):A100,12.40,[100.00,75.00,76.25]	40(0.5):B000,11.30,[100.00,63.44,42.97]	45(0.5):A100,10.90,[100.00,50.00,57.50]	
0(0.5):A100,10.40,[100.00,25.00,17.50]	5(0.5):B220,15.70,[100.00,163.65,70.00]	10(0.5):C180,11.70,[100.00,25.00,110.00]	15(0.5):A100,11.80,[100.00,50.00,73.75]	20(0.5):A100,14.00,[100.00,20.00,88.53]	25(0.5):A100,14.30,[100.00,78.13,61.72]	30(0.5):A100,14.80,[100.00,51.48,50.00]	35(0.5):A100,12.90,[100.00,75.00,76.25]	40(0.5):B000,11.30,[100.00,31.72,42.97]	45(0.5):A100,11.40,[100.00,50.00,57.50]	
0(0.5):A100,10.90,[100.00,25.00,17.50]	5(0.5):B220,16.80,[100.00,191.83,70.00]	10(0.5):C000,11.70,[100.00,25.00,55.00]	15(0.5):A100,12.30,[100.00,50.00,73.75]	20(0.5):A100,14.50,[100.00,20.00,88.53]	25(0.5):A100,14.80,[100.00,78.13,61.72]	30(0.5):B220,15.90,[100.00,135.74,50.00]	35(0.5):B000,12.90,[100.00,37.50,76.25]	40(0.5):A100,11.80,[100.00,31.72,42.97]	45(0.5):A100,11.90,[100.00,50.00,57.50]	
0(0.5):A100,11.40,[100.00,25.00,17.50]	5(0.5):B000,16.80,[100.00,95.91,70.00]	10(0.5):A100,12.20,[100.00,25.00,55.00]	15(0.5):A100,12.80,[100.00,50.00,73.75]	20(0.5):C000,14.50,[100.00,20.00,44.26]	25(0.5):A100,15.30,[100.00,78.13,61.72]	30(0.5):B220,17.00,[100.00,177.87,50.00]	35(0.5):A100,13.40,[100.00,37.50,76.25]	40(0.5):A100,12.30,[100.00,31.72,42.97]	45(0.5):A100,12.40,[100.00,50.00,57.50]	
0(0.5):A100,11.90,[100.00,25.00,17.50]	5(0.5):A100,17.30,[100.00,95.91,70.00]	10(0.5):A100,12.70,[100.00,25.00,55.00]	15(0.5):A100,13.30,[100.00,50.00,73.75]	20(0.5):A100,15.00,[100.00,20.00,44.26]	25(0.5):C000,15.30,[100.00,78.13,30.86]	30(0.5):B000,17.00,[100.00,88.93,50.00]	35(0.5):A100,13.90,[100.00,37.50,76.25]	40(0.5):A100,12.80,[100.00,31.72,42.97]	45(0.5):B220,13.50,[100.00,135.00,57.50]	
0(0.5):A100,12.40,[100.00,25.00,17.50]	5(0.5):A100,17.80,[100.00,95.91,70.00]	10(0.5):A100,13.20,[100.00,25.00,55.00]	15(0.5):A100,13.80,[100.00,50.00,73.75]	20(0.5):A100,15.50,[100.00,20.00,44.26]	25(0.5):A100,15.80,[100.00,78.13,30.86]	30(0.5):B220,18.10,[100.00,154.47,50.00]	35(0.5):A100,14.40,[100.00,37.50,76.25]	40(0.5):A100,13.30,[100.00,31.72,42.97]	45(0.5):B000,13.50,[100.00,67.50,57.50]	
0(0.5):A100,12.90,[100.00,25.00,17.50]	5(0.5):B000,17.80,[100.00,47.96,70.00]	10(0.5):A100,13.70,[100.00,25.00,55.00]	15(0.5):A100,14.30,[100.00,50.00,73.75]	20(0.5):A100,16.00,[100.00,20.00,44.26]	25(0.5):A100,16.30,[100.00,78.13,30.86]	30(0.5):B220,19.20,[100.00,187.23,50.00]	35(0.5):A100,14.90,[100.00,37.50,76.25]	40(0.5):A100,13.80,[100.00,31.72,42.97]	45(0.5):B220,14.60,[100.00,143.75,57.50]	
0(0.5):A100,13.40,[100.00,25.00,17.50]	5(0.5):A100,18.30,[100.00,47.96,70.00]	10(0.5):A100,14.20,[100.00,25.00,55.00]	15(0.5):A100,14.80,[100.00,50.00,73.75]	20(0.5):A100,16.50,[100.00,20.00,44.26]	25(0.5):A100,16.80,[100.00,78.13,30.86]	30(0.5):B220,20.30,[100.00,203.62,50.00]	35(0.5):A100,15.40,[100.00,37.50,76.25]	40(0.5):A100,14.30,[100.00,31.72,42.97]	45(0.5):A100,15.10,[100.00,143.75,57.50]	
0(0.5):A100,13.90,[100.00,25.00,17.50]	5(0.5):A100,18.80,[100.00,47.96,70.00]	10(0.5):A100,14.70,[100.00,25.00,55.00]	15(0.5):A100,15.30,[100.00,50.00,73.75]	20(0.5):B220,17.60,[100.00,120.00,44.26]	25(0.5):B220,17.90,[100.00,149.06,30.86]	30(0.5):B000,20.30,[100.00,101.81,50.00]	35(0.5):A100,15.90,[100.00,37.50,76.25]	40(0.5):A100,14.80,[100.00,31.72,42.97]	45(0.5):B000,15.10,[100.00,71.88,57.50]	
0(0.5):A100,14.40,[100.00,25.00,17.50]	5(0.5):A100,19.30,[100.00,47.96,70.00]	10(0.5):A100,15.20,[100.00,25.00,55.00]	15(0.5):A100,15.80,[100.00,50.00,73.75]	20(0.5):A100,18.10,[100.00,120.00,44.26]	25(0.5):B000,17.90,[100.00,74.53,30.86]	30(0.5):B220,21.40,[100.00,160.90,50.00]	35(0.5):A100,16.40,[100.00,37.50,76.25]	40(0.5):A100,15.30,[100.00,31.72,42.97]	45(0.5):A100,15.60,[100.00,71.88,57.50]	
0(0.5):A100,14.90,[100.00,25.00,17.50]	5(0.5):A100,19.80,[100.00,47.96,70.00]	10(0.5):A100,15.70,[100.00,25.00,55.00]	15(0.5):B220,16.90,[100.00,135.00,73.75]	20(0.5):B000,18.10,[100.00,60.00,44.26]	25(0.5):A100,18.40,[100.00,74.53,30.86]	30(0.5):B220,22.50,[100.00,190.45,50.00]	35(0.5):A100,16.90,[100.00,37.50,76.25]	40(0.5):A100,15.80,[100.00,31.72,42.97]	45(0.5):B220,16.70,[100.00,145.94,57.50]	
0(0.5):A100,15.40,[100.00,25.00,17.50]	5(0.5):A100,20.30,[100.00,47.96,70.00]	10(0.5):A100,16.20,[100.00,25.00,55.00]	15(0.5):B220,18.00,[100.00,177.50,73.75]	20(0.5):A100,18.60,[100.00,60.00,44.26]	25(0.5):A100,18.90,[100.00,74.53,30.86]	30(0.5):B220,23.60,[100.00,205.23,50.00]	35(0.5):A100,17.40,[100.00,37.50,76.25]	40(0.5):A100,16.30,[100.00,31.72,42.97]	45(0.5):B000,16.70,[100.00,72.97,57.50]	
0(0.5):A100,15.90,[100.00,25.00,17.50]	5(0.5):A100,20.80,[100.00,47.96,70.00]	10(0.5):A100,16.70,[100.00,25.00,55.00]	15(0.5):B220,19.10,[100.00,198.75,73.75]	20(0.5):A100,19.10,[100.00,60.00,44.26]	25(0.5):A100,19.40,[100.00,74.53,30.86]	30(0.5):B000,23.60,[100.00,102.61,50.00]	35(0.5):C000,17.40,[100.00,37.50,38.13]	40(0.5):A100,16.80,[100.00,31.72,42.97]	45(0.5):A100,17.20,[100.00,72.97,57.50]	
0(0.5):A100,16.40,[100.00,25.00,17.50]	5(0.5):A100,21.30,[100.00,47.96,70.00]	10(0.5):A100,17.20,[100.00,25.00,55.00]	15(0.5):B000,19.10,[100.00,99.38,73.75]	20(0.5):A100,19.60,[100.00,60.00,44.26]	25(0.5):A100,19.90,[100.00,74.53,30.86]	30(0.5):B220,24.70,[100.00,161.31,50.00]	35(0.5):A100,17.90,[100.00,37.50,38.13]	40(0.5):A100,17.30,[100.00,31.72,42.97]	45(0.5):A100,17.70,[100.00,72.97,57.50]	
0(0.5):A100,16.90,[100.00,25.00,17.50]	5(0.5):A100,21.80,[100.00,47.96,70.00]	10(0.5):A100,17.70,[100.00,25.00,55.00]	15(0.5):A100,19.60,[100.00,99.38,73.75]	20(0.5):A100,20.10,[100.00,60.00,44.26]	25(0.5):B000,19.90,[100.00,37.27,30.86]	30(0.5):B220,25.80,[100.00,190.65,50.00]	35(0.5):A100,18.40,[100.00,37.50,38.13]	40(0.5):A100,17.80,[100.00,31.72,42.97]	45(0.5):B000,17.70,[100.00,36.48,57.50]	
0(0.5):A100,17.40,[100.00,25.00,17.50]	5(0.5):A100,22.30,[100.00,47.96,70.00]	10(0.5):B220,18.80,[100.00,122.50,55.00]	15(0.5):A100,20.10,[100.00,99.38,73.75]	20(0.5):B000,20.10,[100.00,30.00,44.26]	25(0.5):A100,20.40,[100.00,37.27,30.86]	30(0.5):B000,25.80,[100.00,95.33,50.00]	35(0.5):A100,18.90,[100.00,37.50,38.13]	40(0.5):A100,18.30,[100.00,31.72,42.97]	45(0.5):A100,18.20,[100.00,36.48,57.50]	
0(0.5):A100,17.90,[100.00,25.00,17.50]	5(0.5):A100,22.80,[100.00,47.96,70.00]	10(0.5):B000,18.80,[100.00,61.25,55.00]	15(0.5):A100,20.60,[100.00,99.38,73.75]	20(0.5):A100,20.60,[100.00,30.00,44.26]	25(0.5):A100,20.90,[100.00,37.27,30.86]	30(0.5):A100,26.30,[100.00,95.33,50.00]	35(0.5):A100,19.40,[100.00,37.50,38.13]	40(0.5):A100,18.80,[100.00,31.72,42.97]	45(0.5):A100,18.70,[100.00,36.48,57.50]	
0(0.5):A100,18.40,[100.00,25.00,17.50]	5(0.5):A100,23.30,[100.00,47.96,70.00]	10(0.5):B220,19.90,[100.00,140.63,55.00]	15(0.5):B000,20.60,[100.00,49.69,73.75]	20(0.5):A100,21.10,[100.00,30.00,44.26]	25(0.5):A100,21.40,[100.00,37.27,30.86]	30(0.5):B000,26.30,[100.00,47.66,50.00]	35(0.5):C180,20.30,[100.00,37.50,109.06]	40(0.5):A100,19.30,[100.00,31.72,42.97]	45(0.5):A100,19.20,[100.00,36.48,57.50]	
0(0.5):A100,18.90,[100.00,25.00,17.50]	5(0.5):A100,23.80,[100.00,47.96,70.00]	10(0.5):B220,21.00,[100.00,180.31,55.00]	15(0.5):C000,20.60,[100.00,49.69,36.88]	20(0.5):A100,21.60,[100.00,30.00,44.26]	25(0.5):A100,21.90,[100.00,37.27,30.86]	30(0.5):C180,27.20,[100.00,47.66,115.00]	35(0.5):A100,20.80,[100.00,37.50,109.06]	40(0.5):A100,19.80,[100.00,31.72,42.97]	45(0.5):A100,19.70,[100.00,36.48,57.50]	
0(0.5):A100,19.40,[100.00,25.00,17.50]	5(0.5):B220,24.90,[100.00,133.98,70.00]	10(0.5):B220,22.10,[100.00,200.16,55.00]	15(0.5):A100,21.10,[100.00,49.69,36.88]	20(0.5):A100,22.10,[100.00,30.00,44.26]	25(0.5):C180,22.80,[100.00,37.27,105.43]	30(0.5):C180,28.10,[100.00,47.66,147.50]	35(0.5):A100,21.30,[100.00,37.50,109.06]	40(0.5):A100,20.30,[100.00,31.72,42.97]	45(0.5):A100,20.20,[100.00,36.48,57.50]	
0(0.5):A100,19.90,[100.00,25.00,17.50]	5(0.5):B220,26.00,[100.00,176.99,70.00]	10(0.5):B000,22.10,[100.00,100.08,55.00]	15(0.5):A100,21.60,[100.00,49.69,36.88]	20(0.5):A100,22.60,[100.00,30.00,44.26]	25(0.5):A100,23.30,[100.00,37.27,105.43]	30(0.5):C180,29.00,[100.00,47.66,163.75]	35(0.5):A100,21.80,[100.00,37.50,109.06]	40(0.5):A100,20.80,[100.00,31.72,42.97]	45(0.5):A100,20.70,[100.00,36.48,57.50]	
0(0.5):A100,20.40,[100.00,25.00,17.50]	5(0.5):B220,27.10,[100.00,198.49,70.00]	10(0.5):B220,23.20,[100.00,160.04,55.00]	15(0.5):A100,22.10,[100.00,49.69,36.88]	20(0.5):A100,23.10,[100.00,30.00,44.26]	25(0.5):A100,23.80,[100.00,37.27,105.43]	30(0.5):C180,29.90,[100.00,47.66,171.88]	35(0.5):C000,21.80,[100.00,37.50,54.53]	40(0.5):A100,21.30,[100.00,31.72,42.97]	45(0.5):A100,21.20,[100.00,36.48,57.50]	
0(0.5):A100,20.90,[100.00,25.00,17.50]	5(0.5):B220,28.20,[100.00,209.25,70.00]	10(0.5):B220,24.30,[100.00,190.02,55.00]	15(0.5):A100,22.60,[100.00,49.69,36.88]	20(0.5):A100,23.60,[100.00,30.00,44.26]	25(0.5):A100,24.30,[100.00,37.27,105.43]	30(0.5):C180,30.80,[100.00,47.66,175.94]	35(0.5):B220,22.90,[100.00,128.75,54.53]	40(0.5):A100,21.80,[100.00,31.72,42.97]	45(0.5):A100,21.70,[100.00,36.48,57.50]	
0(0.5):A100,21.40,[100.00,25.00,17.50]	5(0.5):B000,28.20,[100.00,104.62,70.00]	10(0.5):B000,24.30,[100.00,95.01,55.00]	15(0.5):A100,23.10,[100.00,49.69,36.88]	20(0.5):B220,24.70,[100.00,125.00,44.26]	25(0.5):C000,24.30,[100.00,37.27,52.71]	30(0.5):C180,31.70,[100.00,47.66,177.97]	35(0.5):A100,23.40,[100.00,128.75,54.53]	40(0.5):A100,22.30,[100.00,31.72,42.97]	45(0.5):A100,22.20,[100.00,36.48,57.50]	
0(0.5):A100,21.90,[100.00,25.00,17.50]	5(0.5):B220,29.30,[100.00,162.31,70.00]	10(0.5):A100,24.80,[100.00,95.01,55.00]	15(0.5):A100,23.60,[100.00,49.69,36.88]	20(0.5):B220,25.80,[100.00,172.50,44.26]	25(0.5):A100,24.80,[100.00,37.27,52.71]	30(0.5):C180,32.60,[100.00,47.66,178.98]	35(0.5):B220,24.50,[100.00,174.38,54.53]	40(0.5):A100,22.80,[100.00,31.72,42.97]	45(0.5):A100,22.70,[100.00,36.48,57.50]	
0(0.5):A100,22.40,[100.00,25.00,17.50]	5(0.5):B000,29.30,[100.00,81.16,70.00]	10(0.5):A100,25.30,[100.00,95.01,55.00]	15(0.5):A100,24.10,[100.00,49.69,36.88]	20(0.5):B000,25.80,[100.00,86.25,44.26]	25(0.5):A100,25.30,[100.00,37.27,52.71]	30(0.5):C180,33.50,[100.00,47.66,179.49]	35(0.5):B000,24.50,[100.00,87.19,54.53]	40(0.5):A100,23.30,[100.00,31.72,42.97]	45(0.5):A100,23.20,[100.00,36.48,57.50]	
0(0.5):A100,22.90,[100.00,25.00,17.50]	5(0.5):A100,29.80,[100.00,81.16,70.00]	10(0.5):B000,25.30,[100.00,47.50,55.00]	15(0.5):A100,24.60,[100.00,49.69,36.88]	20(0.5):A100,26.30,[100.00,86.25,44.26]	25(0.5):B000,25.30,[100.00,18.63,52.71]	30(0.5):C000,33.50,[100.00,47.66,89.75]	35(0.5):B000,24.50,[100.00,43.59,54.53]	40(0.5):A100,23.80,[100.00,31.72,42.97]	45(0.5):A100,23.70,[100.00,36.48,57.50]	
0(0.5):A100,23.40,[100.00,25.00,17.50]	5(0.5):A100,30.30,[100.00,81.16,70.00]	10(0.5):A100,25.80,[100.00,47.50,55.00]	15(0.5):A100,25.10,[100.00,49.69,36.88]	20(0.5):B220,27.40,[100.00,153.13,44.26]	25(0.5):A100,25.80,[100.00,18.63,52.71]	30(0.5):A100,34.00,[100.00,47.66,89.75]	35(0.5):A100,25.00,[100.00,43.59,54.53]	40(0.5):C180,24.70,[100.00,31.72,111.48]	45(0.5):A100,24.20,[100.00,36.48,57.50]	
0(0.5):A100,23.90,[100.00,25.00,17.50]	5(0.5):A100,30.80,[100.00,81.16,70.00]	10(0.5):A100,26.30,[100.00,47.50,55.00]	15(0.5):A100,25.60,[100.00,49.69,36.88]	20(0.5):B000,27.40,[100.00,76.56,44.26]	25(0.5):A100,26.30,[100.00,18.63,52.71]	30(0.5):A100,34.50,[100.00,47.66,89.75]	35(0.5):A100,25.50,[100.00,43.59,54.53]	40(0.5):C180,25.60,[100.00,31.72,145.74]	45(0.5):A100,24.70,[100.00,36.48,57.50]	
0(0.5):A100,24.40,[100.00,25.00,17.50]	5(0.5):B000,30.80,[100.00,40.58,70.00]	10(0.5):B000,26.30,[100.00,23.75,55.00]	15(0.5):B220,26.70,[100.00,134.84,36.88]	20(0.5):A100,27.90,[100.00,76.56,44.26]	25(0.5):A100,26.80,[100.00,18.63,52.71]	30(0.5):A100,35.00,[100.00,47.66,89.75]	35(0.5):C000,25.50,[100.00,43.59,27.27]	40(0.5):C000,25.60,[100.00,31.72,72.87]	45(0.5):A100,25.20,[100.00,36.48,57.50]	
0(0.5):A100,24.90,[100.00,25.00,17.50]	5(0.5):A100,31.30,[100.00,40.58,70.00]	10(0.5):A100,26.80,[100.00,23.75,55.00]	15(0.5):B000,26.70,[100.00,67.42,36.88]	20(0.5):A100,28.40,[100.00,76.56,44.26]	25(0.5):A100,27.30,[100.00,18.63,52.71]	30(0.5):C000,35.00,[100.00,47.66,44.87]	35(0.5):A100,26.00,[100.00,43.59,27.27]	40(0.5):A100,26.10,[100.00,31.72,72.87]	45(0.5):A100,25.70,[100.00,36.48,57.50]	
0(0.5):A100,25.40,[100.00,25.00,17.50]	5(0.5):A100,31.80,[100.00,40.58,70.00]	10(0.5):A100,27.30,[100.00,23.75,55.00]	15(0.5):C000,26.70,[100.00,67.42,18.44]	20(0.5):B220,29.50,[100.00,148.28,44.26]	25(0.5):A100,27.80,[100.00,18.63,52.71]	30(0.5):A100,35.50,[100.00,47.66,44.87]	35(0.5):A100,26.50,[100.00,43.59,27.27]	40(0.5):A100,26.60,[100.00,31.72,72.87]	45(0.5):A100,26.20,[100.00,36.48,57.50]	
0(0.5):C000,25.40,[100.00,25.00,08.75]	5(0.5):A100,32.30,[100.00,40.58,70.00]	10(0.5):A100,27.80,[100.00,23.75,55.00]	15(0.5):A100,27.20,[100.00,67.42,18.44]	20(0.5):B220,30.60,[100.00,184.14,44.26]	25(0.5):A100,28.30,[100.00,18.63,52.71]	30(0.5):B220,36.60,[100.00,133.83,44.87]	35(0.5):A100,27.00,[100.00,43.59,27.27]	40(0.5):A100,27.10,[100.00,31.72,72.87]	45(0.5):A100,26.70,[100.00,36.48,57.50]	
0(0.5):A100,25.90,[100.00,25.00,08.75]	5(0.5):B220,33.40,[100.00,130.29,70.00]	10(0.5):C180,28.70,[100.00,23.75,117.50]	15(0.5):A100,27.70,[100.00,67.42,18.44]	20(0.5):B220,31.70,[100.00,202.07,44.26]	25(0.5):A100,28.80,[100.00,18.63,52.71]	30(0.5):B000,36.60,[100.00,66.92,44.87]	35(0.5):A100,27.50,[100.00,43.59,27.27]	40(0.5):A100,27.60,[100.00,31.72,72.87]	45(0.5):A100,27.20,[100.00,36.48,57.50]	
0(0.5):A100,26.40,[100.00,25.00,08.75]	5(0.5):A100,33.90,[100.00,130.29,70.00]	10(0.5):A100,29.20,[100.00,23.75,117.50]	15(0.5):A100,28.20,[100.00,67.42,18.44]	20(0.5):B220,32.80,[100.00,211.04,44.26]	25(0.5):A100,29.30,[100.00,18.63,52.71]	30(0.5):A100,37.10,[100.00,66.92,44.87]	35(0.5):A100,28.00,[100.00,43.59,27.27]	40(0.5):A100,28.10,[100.00,31.72,72.87]	45(0.5):B220,28.30,[100.00,128.24,57.50]	
0(0.5):A100,26.90,[100.00,25.00,08.75]	5(0.5):B000,33.90,[100.00,65.14,70.00]	10(0.5):C180,30.10,[100.00,23.75,148.75]	15(0.5):A100,28.70,[100.00,67.42,18.44]	20(0.5):B220,33.90,[100.00,215.52,44.26]	25(0.5):A100,29.80,[100.00,18.63,52.71]	30(0.5):A100,37.60,[100.00,66.92,44.87]	35(0.5):A100,28.50,[100.00,43.59,27.27]	40(0.5):A100,28.60,[100.00,31.72,72.87]	45(0.5):B000,28.30,[100.00,64.12,57.50]	
0(0.5):A100,27.40,[100.00,25.00,08.75]	5(0.5):B220,35.00,[100.00,142.57,70.00]	10(0.5):C000,30.10,[100.00,23.75,74.38]	15(0.5):A100,29.20,[100.00,67.42,18.44]	20(0.5):B000,33.90,[100.00,107.76,44.26]	25(0.5):A100,30.30,[100.00,18.63,52.71]	30(0.5):A100,38.10,[100.00,66.92,44.87]	35(0.5):A100,29.00,[100.00,43.59,27.27]	40(0.5):A100,29.10,[100.00,31.72,72.87]	45(0.5):C000,28.30,[100.00,64.12,28.75]	
0(0.5):A100,27.90,[100.00,25.00,08.75]	5(0.5):B000,35.00,[100.00,71.29,70.00]	10(0.5):A100,30.60,[100.00,23.75,74.38]	15(0.5):A100,29.70,[100.00,67.42,18.44]	20(0.5):B000,33.90,[100.00,53.88,44.26]	25(0.5):A100,30.80,[100.00,18.63,52.71]	30(0.5):A100,38.60,[100.00,66.92,44.87]	35(0.5):A100,29.50,[100.00,43.59,27.27]	40(0.5):A100,29.60,[100.00,31.72,72.87]	45(0.5):A100,28.80,[100.00,64.12,28.75]	
0(0.5):A100,28.40,[100.00,25.00,08.75]	5(0.5):A100,35.50,[100.00,71.29,70.00]	10(0.5):A100,31.10,[100.00,23.75,74.38]	15(0.5):A100,30.20,[100.00,67.42,18.44]	20(0.5):A100,34.40,[100.00,53.88,44.26]	25(0.5):A100,31.30,[100.00,18.63,52.71]	30(0.5):A100,39.10,[100.00,66.92,44.87]	35(0.5):A100,30.00,[100.00,43.59,27.27]	40(0.5):A100,30.10,[100.00,31.72,72.87]	45(0.5):A100,29.30,[100.00,64.12,28.75]	
0(0.5):A100,28.90,[100.00,25.00,08.75]	5(0.5):A100,36.00,[100.00,71.29,70.00]	10(0.5):C180,32.00,[100.00,23.75,127.19]	15(0.5):A100,30.70,[100.00,67.42,18.44]	20(0.5):B220,35.50,[100.00,136.94,44.26]	25(0.5):A100,31.80,[100.00,18.63,52.71]	30(0.5):A100,39.60,[100.00,66.92,44.87]	35(0.5):A100,30.50,[100.00,43.59,27.27]	40(0.5):A100,30.60,[100.00,31.72,72.87]	45(0.5):A100,29.80,[100.00,64.12,28.75]	
0(0.5):A100,29.40,[100.00,25.00,08.75]	5(0.5):B220,37.10,[100.00,145.64,70.00]	10(0.5):C180,32.90,[100.00,23.75,153.59]	15(0.5):C000,30.70,[100.00,67.42,09.22]	20(0.5):B220,36.60,[100.00,178.47,44.26]	25(0.5):A100,32.30,[100.00,18.63,52.71]	30(0.5):A100,40.10,[100.00,66.92,44.87]	35(0.5):A100,31.00,[100.00,43.59,27.27]	40(0.5):C180,31.50,[100.00,31.72,126.44]	45(0.5):A100,30.30,[100.00,64.12,28.75]	
0(0.5):A100,29.90,[100.00,25.00,08.75]	5(0.5):B000,37.10,[100.00,72.82,70.00]	10(0.5):C000,32.90,[100.00,23.75,76.80]	15(0.5):A100,31.20,[100.00,67.42,09.22]	20(0.5):B220,37.70,[100.00,199.23,44.26]	25(0.5):B220,33.40,[100.00,119.32,52.71]	30(0.5):B220,41.20,[100.00,143.46,44.87]	35(0.5):A100,31.50,[100.00,43.59,27.27]	40(0.5):A100,32.00,[100.00,31.72,126.44]	45(0.5):A100,30.80,[100.00,64.12,28.75]	
0(0.5):A100,30.40,[100.00,25.00,08.75]	5(0.5):A100,37.60,[100.00,72.82,70.00]	10(0.5):A100,33.40,[100.00,23.75,76.80]	15(0.5):C000,31.20,[100.00,67.42,04.61]	20(0.5):B000,37.70,[100.00,99.62,44.26]	25(0.5):B000,33.40,[100.00,59.66,52.71]	30(0.5):B220,42.30,[100.00,181.73,44.87]	35(0.5):A100,32.00,[100.00,43.59,27.27]	40(0.5):C180,32.90,[100.00,31.72,153.22]	45(0.5):A100,31.30,[100.00,64.12,28.75]	
0(0.5):A100,30.90,[100.00,25.00,08.75]	5(0.5):A100,38.10,[100.00,72.82,70.00]	10(0.5):C180,34.30,[100.00,23.75,128.40]	15(0.5):A100,31.70,[100.00,67.42,04.61]	20(0.5):C000,37.70,[100.00,99.62,22.13]	25(0.5):A100,33.90,[100.00,59.66,52.71]	30(0.5):B220,43.40,[100.00,200.86,44.87]	35(0.5):A100,32.50,[100.00,43.59,27.27]	40(0.5):C180,33.80,[100.00,31.72,166.61]	45(0.5):A100,31.80,[100.00,64.12,28.75]	
0(0.5):A100,31.40,[100.00,25.00,08.75]	5(0.5):C000,38.10,[100.00,72.82,35.00]	10(0.5):C000,34.30,[100.00,23.75,64.20]	15(0.5):B000,31.70,[100.00,33.71,04.61]	20(0.5):B000,37.70,[100.00,49.81,22.13]	25(0.5):A100,34.40,[100.00,59.66,52.71]	30(0.5):B220,44.50,[100.00,210.43,44.87]	35(0.5):A100,33.00,[100.00,43.59,27.27]	40(0.5):C180,34.70,[100.00,31.72,173.30]	45(0.5):A100,32.30,[100.00,64.12,28.75]	
0(0.5):A100,31.90,[100.00,25.00,08.75]	5(0.5):A100,38.60,[100.00,72.82,35.00]	10(0.5):A100,34.80,[100.00,23.75,64.20]	15(0.5):A100,32.20,[100.00,33.71,04.61]	20(0.5):A100,38.20,[100.00,49.81,22.13]	25(0.5):A100,34.90,[100.00,59.66,52.71]	30(0.5):B220,45.60,[100.00,215.22,44.87]	35(0.5):A100,33.50,[100.00,43.59,27.27]	40(0.5):C000,34.70,[100.00,31.72,86.65]	45(0.5):A100,32.80,[100.00,64.12,28.75]	
0(0.5):A100,32.40,[100.00,25.00,08.75]	5(0.5):A100,39.10,[100.00,72.82,35.00]	10(0.5):C000,34.80,[100.00,23.75,32.10]	15(0.5):A100,32.70,[100.00,33.71,04.61]	20(0.5):B220,39.30,[100.00,134.90,22.13]	25(0.5):A100,35.40,[100.00,59.66,52.71]	30(0.5):B220,46.70,[100.00,217.61,44.87]	35(0.5):A100,34.00,[100.00,43.59,27.27]	40(0.5):A100,35.20,[100.00,31.72,86.65]	45(0.5):A100,33.30,[100.00,64.12,28.75]	
0(0.5):A100,32.90,[100.00,25.00,08.75]	5(0.5):B220,40.20,[100.00,146.41,35.00]	10(0.5):A100,35.30,[100.00,23.75,32.10]	15(0.5):A100,33.20,[100.00,33.71,04.61]	20(0.5):B220,40.40,[100.00,177.45,22.13]	25(0.5):A100,35.90,[100.00,59.66,52.71]	30(0.5):B220,47.80,[100.00,218.80,44.87]	35(0.5):A100,34.50,[100.00,43.59,27.27]	40(0.5):A100,35.70,[100.00,31.72,86.65]	45(0.5):A100,33.80,[100.00,64.12,28.75]	
0(0.5):A100,33.40,[100.00,25.00,08.75]	5(0.5):B220,41.30,[100.00,183.21,35.00]	10(0.5):A100,35.80,[100.00,23.75,32.10]	15(0.5):A100,33.70,[100.00,33.71,04.61]	20(0.5):B000,40.40,[100.00,88.73,22.13]	25(0.5):A100,36.40,[100.00,59.66,52.71]	30(0.5):B000,47.80,[100.00,109.40,44.87]	35(0.5):A100,35.00,[100.00,43.59,27.27]	40(0.5):A100,36.20,[100.00,31.72,86.65]	45(0.5):A100,34.30,[100.00,64.12,28.75]	
0(0.5):A100,33.90,[100.00,25.00,08.75]	5(0.5):B000,41.30,[100.00,91.60,35.00]	10(0.5):A100,36.30,[100.00,23.75,32.10]	15(0.5):A100,34.20,[100.00,33.71,04.61]	20(0.5):A100,40.90,[100.00,88.73,22.13]	25(0.5):A100,36.90,[100.00,59.66,52.71]	30(0.5):B220,48.90,[100.00,164.70,44.87]	35(0.5):B220,36.10,[100.00,131.80,27.27]	40(0.5):A100,36.70,[100.00,31.72,86.65]	45(0.5):A100,34.80,[100.00,64.12,28.75]	
0(0.5):A100,34.40,[100.00,25.00,08.75]	5(0.5):A100,41.80,[100.00,91.60,35.00]	10(0.5):A100,36.80,[100.00,23.75,32.10]	15(0.5):A100,34.70,[100.00,33.71,04.61]	20(0.5):B220,42.00,[100.00,154.36,22.13]	25(0.5):A100,37.40,[100.00,59.66,52.71]	30(0.5):B220,50.00,[100.00,192.35,44.87]	35(0.5):A100,36.60,[100.00,131.80,27.27]	40(0.5):A100,37.20,[100.00,31.72,86.65]	45(0.5):A100,35.30,[100.00,64.12,28.75]	
0(0.5):A100,34.90,[100.00,25.00,08.75]	5(0.5):A100,42.30,[100.00,91.60,35.00]	10(0.5):A100,37.30,[100.00,23.75,32.10]	15(0.5):A100,35.20,[100.00,33.71,04.61]	20(0.5):B220,43.10,[100.00,187.18,22.13]	25(0.5):A100,37.90,[100.00,59.66,52.71]	30(0.5):B000,50.00,[100.00,96.18,44.87]	35(0.5):B220,37.70,[100.00,175.90,27.27]	40(0.5):C000,37.20,[100.00,31.72,43.33]	45(0.5):A100,35.80,[100.00,64.12,28.75]	
0(0.5):B000,34.90,[100.00,12.50,08.75]	5(0.5):C000,42.30,[100.00,91.60,17.50]	10(0.5):A100,37.80,[100.00,23.75,32.10]	15(0.5):A100,35.70,[100.00,33.71,04.61]	20(0.5):B000,43.10,[100.00,93.59,22.13]	25(0.5):A100,38.40,[100.00,59.66,52.71]	30(0.5):A100,50.50,[100.00,96.18,44.87]	35(0.5):B220,38.80,[100.00,197.95,27.27]	40(0.5):A100,37.70,[100.00,31.72,43.33]	45(0.5):A100,36.30,[100.00,64.12,28.75]	
0(0.5):A100,35.40,[100.00,12.50,08.75]	5(0.5):B220,43.40,[100.00,155.80,17.50]	10(0.5):A100,38.30,[100.00,23.75,32.10]	15(0.5):A100,36.20,[100.00,33.71,04.61]	20(0.5):A100,43.60,[100.00,93.59,22.13]	25(0.5):A100,38.90,[100.00,59.66,52.71]	30(0.5):A100,51.00,[100.00,96.18,44.87]	35(0.5):B220,39.90,[100.00,208.97,27.27]	40(0.5):A100,38.20,[100.00,31.72,43.33]	45(0.5):A100,36.80,[100.00,64.12,28.75]	
0(0.5):A100,35.90,[100.00,12.50,08.75]	5(0.5):B220,44.50,[100.00,187.90,17.50]	10(0.5):A100,38.80,[100.00,23.75,32.10]	15(0.5):A100,36.70,[100.00,33.71,04.61]	20(0.5):A100,44.10,[100.00,93.59,22.13]	25(0.5):A100,39.40,[100.00,59.66,52.71]	30(0.5):B000,51.00,[100.00,48.09,44.87]	35(0.5):B220,41.00,[100.00,214.49,27.27]	40(0.5):A100,38.70,[100.00,31.72,43.33]	45(0.5):A100,37.30,[100.00,64.12,28.75]	
0(0.5):A100,36.40,[100.00,12.50,08.75]	5(0.5):B000,44.50,[100.00,93.95,17.50]	10(0.5):A100,39.30,[100.00,23.75,32.10]	15(0.5):A100,37.20,[100.00,33.71,04.61]	20(0.5):B220,45.20,[100.00,156.80,22.13]	25(0.5):A100,39.90,[100.00,59.66,52.71]	30(0.5):A100,51.50,[100.00,48.09,44.87]	35(0.5):B220,42.10,[100.00,217.24,27.27]	40(0.5):A100,39.20,[100.00,31.72,43.33]	45(0.5):B220,38.40,[100.00,142.06,28.75]	
0(0.5):A100,36.90,[100.00,12.50,08.75]	5(0.5):B220,45.60,[100.00,156.98,17.50]	10(0.5):A100,39.80,[100.00,23.75,32.10]	15(0.5):A100,37.70,[100.00,33.71,04.61]	20(0.5):B220,46.30,[100.00,188.40,22.13]	25(0.5):A100,40.40,[100.00,59.66,52.71]	30(0.5):A100,52.00,[100.00,48.09,44.87]	35(0.5):B220,43.20,[100.00,218.62,27.27]	40(0.5):A100,39.70,[100.00,31.72,43.33]	45(0.5):B220,39.50,[100.00,181.03,28.75]	
0(0.5):A100,37.40,[100.00,12.50,08.75]	5(0.5):B220,46.70,[100.00,188.49,17.50]	10(0.5):A100,40.30,[100.00,23.75,32.10]	15(0.5):A100,38.20,[100.00,33.71,04.61]	20(0.5):B000,46.30,[100.00,94.20,22.13]	25(0.5):A100,40.90,[100.00,59.66,52.71]	30(0.5):A100,52.50,[100.00,48.09,44.87]	35(0.5):B000,43.20,[100.00,109.31,27.27]	40(0.5):A100,40.20,[100.00,31.72,43.33]	45(0.5):B220,40.60,[100.00,200.52,28.75]	
0(0.5):A100,37.90,[100.00,12.50,08.75]	5(0.5):B220,47.80,[100.00,204.24,17.50]	10(0.5):A100,40.80,[100.00,23.75,32.10]	15(0.5):A100,38.70,[100.00,33.71,04.61]	20(0.5):B220,47.40,[100.00,157.10,22.13]	25(0.5):A100,41.40,[100.00,59.66,52.71]	30(0.5):A100,53.00,[100.00,48.09,44.87]	35(0.5):B220,44.30,[100.00,164.66,27.27]	40(0.5):A100,40.70,[100.00,31.72,43.33]	45(0.5):B220,41.70,[100.00,210.26,28.75]	
0(0.5):A100,38.40,[100.00,12.50,08.75]	5(0.5):B000,47.80,[100.00,102.12,17.50]	10(0.5):C000,40.80,[100.00,23.75,16.05]	15(0.5):A100,39.20,[100.00,33.71,04.61]	20(0.5):A100,47.90,[100.00,157.10,22.13]	25(0.5):A100,41.90,[100.00,59.66,52.71]	30(0.5):A100,53.50,[100.00,48.09,44.87]	35(0.5):B220,45.40,[100.00,192.33,27.27]	40(0.5):A100,41.20,[100.00,31.72,43.33]	45(0.5):B000,41.70,[100.00,105.13,28.75]	
0(0.5):A100,38.90,[100.00,12.50,08.75]	5(0.5):A100,48.30,[100.00,102.12,17.50]	10(0.5):A100,41.30,[100.00,23.75,16.05]	15(0.5):A100,39.70,[100.00,33.71,04.61]	20(0.5):B000,47.90,[100.00,78.55,22.13]	25(0.5):B220,43.00,[100.00,139.83,52.71]	30(0.5):A100,54.00,[100.00,48.09,44.87]	35(0.5):B000,45.40,[100.00,96.16,27.27]	40(0.5):A100,41.70,[100.00,31.72,43.33]	45(0.5):A100,42.20,[100.00,105.13,28.75]	
0(0.5):A100,39.40,[100.00,12.50,08.75]	5(0.5):B220,49.40,[100.00,161.06,17.50]	10(0.5):A100,41.80,[100.00,23.75,16.05]	15(0.5):A100,40.20,[100.00,33.71,04.61]	20(0.5):A100,48.40,[100.00,78.55,22.13]	25(0.5):B000,43.00,[100.00,69.91,52.71]	30(0.5):B000,54.00,[100.00,24.04,44.87]	35(0.5):A100,45.90,[100.00,96.16,27.27]	40(0.5):A100,42.20,[100.00,31.72,43.33]	45(0.5):B220,43.30,[100.00,162.56,28.75]	
0(0.5):A100,39.90,[100.00,12.50,08.75]	5(0.5):B000,49.40,[100.00,80.53,17.50]	10(0.5):A100,42.30,[100.00,23.75,16.05]	15(0.5):A100,40.70,[100.00,33.71,04.61]	20(0.5):A100,48.90,[100.00,78.55,22.13]	25(0.5):B220,44.10,[100.00,144.96,52.71]	30(0.5):A100,54.50,[100.00,24.04,44.87]	35(0.5):A100,46.40,[100.00,96.16,27.27]	40(0.5):A100,42.70,[100.00,31.72,43.33]	45(0.5):B220,44.40,[100.00,191.28,28.75]	
0(0.5):A100,40.40,[100.00,12.50,08.75]	5(0.5):A100,49.90,[100.00,80.53,17.50]	10(0.5):A100,42.80,[100.00,23.75,16.05]	15(0.5):A100,41.20,[100.00,33.71,04.61]	20(0.5):B000,48.90,[100.00,39.27,22.13]	25(0.5):B220,45.20,[100.00,182.48,52.71]	30(0.5):A100,55.00,[100.00,24.04,44.87]	35(0.5):A100,46.90,[100.00,96.16,27.27]	40(0.5):A100,43.20,[100.00,31.72,43.33]	45(0.5):B000,44.40,[100.00,95.64,28.75]	
0(0.5):A100,40.90,[100.00,12.50,08.75]	5(0.5):A100,50.40,[100.00,80.53,17.50]	10(0.5):A100,43.30,[100.00,23.75,16.05]	15(0.5):A100,41.70,[100.00,33.71,04.61]	20(0.5):A100,49.40,[100.00,39.27,22.13]	25(0.5):B220,46.30,[100.00,201.24,52.71]	30(0.5):A100,55.50,[100.00,24.04,44.87]	35(0.5):A100,47.40,[100.00,96.16,27.27]	40(0.5):A100,43.70,[100.00,31.72,43.33]	45(0.5):A100,44.90,[100.00,95.64,28.75]	
0(0.5):A100,41.40,[100.00,12.50,08.75]	5(0.5):A100,50.90,[100.00,80.53,17.50]	10(0.5):A100,43.80,[100.00,23.75,16.05]	15(0.5):A100,42.20,[100.00,33.71,04.61]	20(0.5):A100,49.90,[100.00,39.27,22.13]	25(0.5):B220,47.40,[100.00,210.62,52.71]	30(0.5):A100,56.00,[100.00,24.04,44.87]	35(0.5):B220,48.50,[100.00,158.08,27.27]	40(0.5):A100,44.20,[100.00,31.72,43.33]	45(0.5):B000,44.90,[100.00,47.82,28.75]	
0(0.5):A100,41.90,[100.00,12.50,08.75]	5(0.5):A100,51.40,[100.00,80.53,17.50]	10(0.5):A100,44.30,[100.00,23.75,16.05]	15(0.5):A100,42.70,[100.00,33.71,04.61]	20(0.5):A100,50.40,[100.00,39.27,22.13]	25(0.5):B220,48.50,[100.00,215.31,52.71]	30(0.5):A100,56.50,[100.00,24.04,44.87]	35(0.5):B220,49.60,[100.00,189.04,27.27]	40(0.5):A100,44.70,[100.00,31.72,43.33]	45(0.5):B220,46.00,[100.00,133.91,28.75]	
0(0.5):A100,42.40,[100.00,12.50,08.75]	5(0.5):A100,51.90,[100.00,80.53,17.50]	10(0.5):A100,44.80,[100.00,23.75,16.05]	15(0.5):A100,43.20,[100.00,33.71,04.61]	20(0.5):A100,50.90,[100.00,39.27,22.13]	25(0.5):B220,49.60,[100.00,217.65,52.71]	30(0.5):A100,57.00,[100.00,24.04,44.87]	35(0.5):B000,49.60,[100.00,94.52,27.27]	40(0.5):A100,45.20,[100.00,31.72,43.33]	45(0.5):B220,47.10,[100.00,176.96,28.75]	
0(0.5):A100,42.90,[100.00,12.50,08.75]	5(0.5):A100,52.40,[100.00,80.53,17.50]	10(0.5):A100,45.30,[100.00,23.75,16.05]	15(0.5):A100,43.70,[100.00,33.71,04.61]	20(0.5):A100,51.40,[100.00,39.27,22.13]	25(0.5):B000,49.60,[100.00,108.83,52.71]	30(0.5):A100,57.50,[100.00,24.04,44.87]	35(0.5):A100,50.10,[100.00,94.52,27.27]	40(0.5):A100,45.70,[100.00,31.72,43.33]	45(0.5):B220,48.20,[100.00,198.48,28.75]	
0(0.5):A100,43.40,[100.00,12.50,08.75]	5(0.5):A100,52.90,[100.00,80.53,17.50]	10(0.5):A100,45.80,[100.00,23.75,16.05]	15(0.5):A100,44.20,[100.00,33.71,04.61]	20(0.5):A100,51.90,[100.00,39.27,22.13]	25(0.5):A100,50.10,[100.00,108.83,52.71]	30(0.5):A100,58.00,[100.00,24.04,44.87]	35(0.5):B220,51.20,[100.00,157.26,27.27]	40(0.5):A100,46.20,[100.00,31.72,43.33]	45(0.5):B220,49.30,[100.00,209.24,28.75]	
0(0.5):A100,43.90,[100.00,12.50,08.75]	5(0.5):A100,53.40,[100.00,80.53,17.50]	10(0.5):B220,46.90,[100.00,121.88,16.05]	15(0.5):A100,44.70,[100.00,33.71,04.61]	20(0.5):A100,52.40,[100.00,39.27,22.13]	25(0.5):B000,50.10,[100.00,54.41,52.71]	30(0.5):A100,58.50,[100.00,24.04,44.87]	35(0.5):B220,52.30,[100.00,188.63,27.27]	40(0.5):C000,46.20,[100.00,31.72,21.66]	45(0.5):B000,49.30,[100.00,104.62,28.75]	
0(0.5):A100,44.40,[100.00,12.50,08.75]	5(0.5):A100,53.90,[100.00,80.53,17.50]	10(0.5):A100,47.40,[100.00,121.88,16.05]	15(0.5):A100,45.20,[100.00,33.71,04.61]	20(0.5):A100,52.90,[100.00,39.27,22.13]	25(0.5):A100,50.60,[100.00,54.41,52.71]	30(0.5):A100,59.00,[100.00,24.04,44.87]	35(0.5):B220,53.40,[100.00,204.32,27.27]	40(0.5):A100,46.70,[100.00,31.72,21.66]	45(0.5):B000,49.30,[100.00,52.31,28.75]	
0(0.5):A100,44.90,[100.00,12.50,08.75]	5(0.5):A100,54.40,[100.00,80.53,17.50]	10(0.5):B000,47.40,[100.00,60.94,16.05]	15(0.5):A100,45.70,[100.00,33.71,04.61]	20(0.5):A100,53.40,[100.00,39.27,22.13]	25(0.5):A100,51.10,[100.00,54.41,52.71]	30(0.5):A100,59.50,[100.00,24.04,44.87]	35(0.5):B220,54.50,[100.00,212.16,27.27]	40(0.5):A100,47.20,[100.00,31.72,21.66]	45(0.5):A100,49.80,[100.00,52.31,28.75]	
0(0.5):A100,45.40,[100.00,12.50,08.75]	5(0.5):A100,54.90,[100.00,80.53,17.50]	10(0.5):A100,47.90,[100.00,60.94,16.05]	15(0.5):A100,46.20,[100.00,33.71,04.61]	20(0.5):A100,53.90,[100.00,39.27,22.13]	25(0.5):A100,51.60,[100.00,54.41,52.71]	30(0.5):A100,60.00,[100.00,24.04,44.87]	35(0.5):B000,54.50,[100.00,106.08,27.27]	40(0.5):A100,47.70,[100.00,31.72,21.66]	45(0.5):A100,50.30,[100.00,52.31,28.75]	
0(0.5):A100,45.90,[100.00,12.50,08.75]	5(0.5):B220,56.00,[100.00,150.27,17.50]	10(0.5):A100,48.40,[100.00,60.94,16.05]	15(0.5):A100,46.70,[100.00,33.71,04.61]	20(0.5):A100,54.40,[100.00,39.27,22.13]	25(0.5):A100,52.10,[100.00,54.41,52.71]	30(0.5):A100,60.50,[100.00,24.04,44.87]	35(0.5):A100,55.00,[100.00,106.08,27.27]	40(0.5):A100,48.20,[100.00,31.72,21.66]	45(0.5):A100,50.80,[100.00,52.31,28.75]	
0(0.5):A100,46.40,[100.00,12.50,08.75]	5(0.5):B000,56.00,[100.00,75.13,17.50]	10(0.5):A100,48.90,[100.00,60.94,16.05]	15(0.5):A100,47.20,[100.00,33.71,04.61]	20(0.5):A100,54.90,[100.00,39.27,22.13]	25(0.5):A100,52.60,[100.00,54.41,52.71]	30(0.5):A100,61.00,[100.00,24.04,44.87]	35(0.5):B220,56.10,[100.00,163.04,27.27]	40(0.5):A100,48.70,[100.00,31.72,21.66]	45(0.5):A100,51.30,[100.00,52.31,28.75]	
0(0.5):A100,46.90,[100.00,12.50,08.75]	5(0.5):A100,56.50,[100.00,75.13,17.50]	10(0.5):A100,49.40,[100.00,60.94,16.05]	15(0.5):A100,47.70,[100.00,33.71,04.61]	20(0.5):A100,55.40,[100.00,39.27,22.13]	25(0.5):A100,53.10,[100.00,54.41,52.71]	30(0.5):A100,61.50,[100.00,24.04,44.87]	35(0.5):B220,57.20,[100.00,191.52,27.27]	40(0.5):A100,49.20,[100.00,31.72,21.66]	45(0.5):A100,51.80,[100.00,52.31,28.75]	
0(0.5):A100,47.40,[100.00,12.50,08.75]	5(0.5):A100,57.00,[100.00,75.13,17.50]	10(0.5):B220,50.50,[100.00,140.47,16.05]	15(0.5):A100,48.20,[100.00,33.71,04.61]	20(0.5):A100,55.90,[100.00,39.27,22.13]	25(0.5):A100,53.60,[100.00,54.41,52.71]	30(0.5):A100,62.00,[100.00,24.04,44.87]	35(0.5):B000,57.20,[100.00,95.76,27.27]	40(0.5):A100,49.70,[100.00,31.72,21.66]	45(0.5):A100,52.30,[100.00,52.31,28.75]	
0(0.5):A100,47.90,[100.00,12.50,08.75]	5(0.5):A100,57.50,[100.00,75.13,17.50]	10(0.5):B000,50.50,[100.00,70.23,16.05]	15(0.5):A100,48.70,[100.00,33.71,04.61]	20(0.5):A100,56.40,[100.00,39.27,22.13]	25(0.5):A100,54.10,[100.00,54.41,52.71]	30(0.5):C000,62.00,[100.00,24.04,22.44]	35(0.5):A100,57.70,[100.00,95.76,27.27]	40(0.5):A100,50.20,[100.00,31.72,21.66]	45(0.5):B220,53.40,[100.00,136.15,28.75]	
0(0.5):A100,48.40,[100.00,12.50,08.75]	5(0.5):B000,57.50,[100.00,37.57,17.50]	10(0.5):A100,51.00,[100.00,70.23,16.05]	15(0.5):A100,49.20,[100.00,33.71,04.61]	20(0.5):A100,56.90,[100.00,39.27,22.13]	25(0.5):A100,54.60,[100.00,54.41,52.71]	30(0.5):A100,62.50,[100.00,24.04,22.44]	35(0.5):B000,57.70,[100.00,47.88,27.27]	40(0.5):A100,50.70,[100.00,31.72,21.66]	45(0.5):B220,54.50,[100.00,178.08,28.75]	
0(0.5):A100,48.90,[100.00,12.50,08.75]	5(0.5):B220,58.60,[100.00,128.78,17.50]	10(0.5):B000,51.00,[100.00,35.12,16.05]	15(0.5):A100,49.70,[100.00,33.71,04.61]	20(0.5):A100,57.40,[100.00,39.27,22.13]	25(0.5):A100,55.10,[100.00,54.41,52.71]	30(0.5):A100,63.00,[100.00,24.04,22.44]	35(0.5):A100,58.20,[100.00,47.88,27.27]	40(0.5):A100,51.20,[100.00,31.72,21.66]	45(0.5):B220,55.60,[100.00,199.04,28.75]	
0(0.5):A100,49.40,[100.00,12.50,08.75]	5(0.5):A100,59.10,[100.00,128.78,17.50]	10(0.5):A100,51.50,[100.00,35.12,16.05]	15(0.5):A100,50.20,[100.00,33.71,04.61]	20(0.5):A100,57.90,[100.00,39.27,22.13]	25(0.5):B000,55.10,[100.00,27.21,52.71]	30(0.5):A100,63.50,[100.00,24.04,22.44]	35(0.5):A100,58.70,[100.00,47.88,27.27]	40(0.5):A100,51.70,[100.00,31.72,21.66]	45(0.5):B000,55.60,[100.00,99.52,28.75]	
0(0.5):A100,49.90,[100.00,12.50,08.75]	5(0.5):B220,60.20,[100.00,174.39,17.50]	10(0.5):A100,52.00,[100.00,35.12,16.05]	15(0.5):A100,50.70,[100.00,33.71,04.61]	20(0.5):B000,57.90,[100.00,19.64,22.13]	25(0.5):A100,55.60,[100.00,27.21,52.71]	30(0.5):A100,64.00,[100.00,24.04,22.44]	35(0.5):A100,59.20,[100.00,47.88,27.27]	40(0.5):A100,52.20,[100.00,31.72,21.66]	45(0.5):B000,55.60,[100.00,49.76,28.75]	
0(0.5):A100,50.40,[100.00,12.50,08.75]	5(0.5):B000,60.20,[100.00,87.20,17.50]	10(0.5):A100,52.50,[100.00,35.12,16.05]	15(0.5):A100,51.20,[100.00,33.71,04.61]	20(0.5):A100,58.40,[100.00,19.64,22.13]	25(0.5):A100,56.10,[100.00,27.21,52.71]	30(0.5):A100,64.50,[100.00,24.04,22.44]	35(0.5):A100,59.70,[100.00,47.88,27.27]	40(0.5):A100,52.70,[100.00,31.72,21.66]	45(0.5):A100,56.10,[100.00,49.76,28.75]	
0(0.5):A100,50.90,[100.00,12.50,08.75]	5(0.5):B220,61.30,[100.00,153.60,17.50]	10(0.5):A100,53.00,[100.00,35.12,16.05]	15(0.5):B220,52.30,[100.00,126.86,04.61]	20(0.5):A100,58.90,[100.00,19.64,22.13]	25(0.5):A100,56.60,[100.00,27.21,52.71]	30(0.5):A100,65.00,[100.00,24.04,22.44]	35(0.5):A100,60.20,[100.00,47.88,27.27]	40(0.5):A100,53.20,[100.00,31.72,21.66]	45(0.5):A100,56.60,[100.00,49.76,28.75]	
0(0.5):A100,51.40,[100.00,12.50,08.75]	5(0.5):A100,61.80,[100.00,153.60,17.50]	10(0.5):B000,53.00,[100.00,17.56,16.05]	15(0.5):B000,52.30,[100.00,63.43,04.61]	20(0.5):A100,59.40,[100.00,19.64,22.13]	25(0.5):A100,57.10,[100.00,27.21,52.71]	30(0.5):A100,65.50,[100.00,24.04,22.44]	35(0.5):A100,60.70,[100.00,47.88,27.27]	40(0.5):A100,53.70,[100.00,31.72,21.66]	45(0.5):A100,57.10,[100.00,49.76,28.75]	
0(0.5):A100,51.90,[100.00,12.50,08.75]	5(0.5):B220,62.90,[100.00,186.80,17.50]	10(0.5):A100,53.50,[100.00,17.56,16.05]	15(0.5):A100,52.80,[100.00,63.43,04.61]	20(0.5):A100,59.90,[100.00,19.64,22.13]	25(0.5):A100,57.60,[100.00,27.21,52.71]	30(0.5):A100,66.00,[100.00,24.04,22.44]	35(0.5):A100,61.20,[100.00,47.88,27.27]	40(0.5):A100,54.20,[100.00,31.72,21.66]	45(0.5):A100,57.60,[100.00,49.76,28.75]	
0(0.5):A100,52.40,[100.00,12.50,08.75]	5(0.5):B000,62.90,[100.00,93.40,17.50]	10(0.5):A100,54.00,[100.00,17.56,16.05]	15(0.5):A100,53.30,[100.00,63.43,04.61]	20(0.5):A100,60.40,[100.00,19.64,22.13]	25(0.5):A100,58.10,[100.00,27.21,52.71]	30(0.5):A100,66.50,[100.00,24.04,22.44]	35(0.5):A100,61.70,[100.00,47.88,27.27]	40(0.5):B000,54.20,[100.00,15.86,21.66]	45(0.5):A100,58.10,[100.00,49.76,28.75]	
0(0.5):A100,52.90,[100.00,12.50,08.75]	5(0.5):A100,63.40,[100.00,93.40,17.50]	10(0.5):A100,54.50,[100.00,17.56,16.05]	15(0.5):A100,53.80,[100.00,63.43,04.61]	20(0.5):A100,60.90,[100.00,19.64,22.13]	25(0.5):A100,58.60,[100.00,27.21,52.71]	30(0.5):A100,67.00,[100.00,24.04,22.44]	35(0.5):A100,62.20,[100.00,47.88,27.27]	40(0.5):A100,54.70,[100.00,15.86,21.66]	45(0.5):A100,58.60,[100.00,49.76,28.75]	
0(0.5):A100,53.40,[100.00,12.50,08.75]	5(0.5):B000,63.40,[100.00,46.70,17.50]	10(0.5):A100,55.00,[100.00,17.56,16.05]	15(0.5):A100,54.30,[100.00,63.43,04.61]	20(0.5):A100,61.40,[100.00,19.64,22.13]	25(0.5):A100,59.10,[100.00,27.21,52.71]	30(0.5):A100,67.50,[100.00,24.04,22.44]	35(0.5):A100,62.70,[100.00,47.88,27.27]	40(0.5):A100,55.20,[100.00,15.86,21.66]	45(0.5):A100,59.10,[100.00,49.76,28.75]	
0(0.5):A100,53.90,[100.00,12.50,08.75]	5(0.5):A100,63.90,[100.00,46.70,17.50]	10(0.5):A100,55.50,[100.00,17.56,16.05]	15(0.5):A100,54.80,[100.00,63.43,04.61]	20(0.5):A100,61.90,[100.00,19.64,22.13]	25(0.5):A100,59.60,[100.00,27.21,52.71]	30(0.5):A100,68.00,[100.00,24.04,22.44]	35(0.5):A100,63.20,[100.00,47.88,27.27]	40(0.5):A100,55.70,[100.00,15.86,21.66]	45(0.5):A100,59.60,[100.00,49.76,28.75]	
0(0.5):A100,54.40,[100.00,12.50,08.75]	5(0.5):A100,64.40,[100.00,46.70,17.50]	10(0.5):A100,56.00,[100.00,17.56,16.05]	15(0.5):A100,55.30,[100.00,63.43,04.61]	20(0.5):A100,62.40,[100.00,19.64,22.13]	25(0.5):A100,60.10,[100.00,27.21,52.71]	30(0.5):A100,68.50,[100.00,24.04,22.44]	35(0.5):A100,63.70,[100.00,47.88,27.27]	40(0.5):A100,56.20,[100.00,15.86,21.66]	45(0.5):A100,60.10,[100.00,49.76,28.75]	
0(0.5):A100,54.90,[100.00,12.50,08.75]	5(0.5):A100,64.90,[100.00,46.70,17.50]	10(0.5):A100,56.50,[100.00,17.56,16.05]	15(0.5):A100,55.80,[100.00,63.43,04.61]	20(0.5):A100,62.90,[100.00,19.64,22.13]	25(0.5):A100,60.60,[100.00,27.21,52.71]	30(0.5):A100,69.00,[100.00,24.04,22.44]	35(0.5):B220,64.80,[100.00,133.94,27.27]	40(0.5):A100,56.70,[100.00,15.86,21.66]	45(0.5):A100,60.60,[100.00,49.76,28.75]	
0(0.5):C000,54.90,[100.00,12.50,04.38]	5(0.5):A100,65.40,[100.00,46.70,17.50]	10(0.5):A100,57.00,[100.00,17.56,16.05]	15(0.5):A100,56.30,[100.00,63.43,04.61]	20(0.5):C000,62.90,[100.00,19.64,11.07]	25(0.5):A100,61.10,[100.00,27.21,52.71]	30(0.5):A100,69.50,[100.00,24.04,22.44]	35(0.5):B000,64.80,[100.00,66.97,27.27]	40(0.5):A100,57.20,[100.00,15.86,21.66]	45(0.5):A100,61.10,[100.00,49.76,28.75]	
0(0.5):A100,55.40,[100.00,12.50,04.38]	5(0.5):A100,65.90,[100.00,46.70,17.50]	10(0.5):A100,57.50,[100.00,17.56,16.05]	15(0.5):A100,56.80,[100.00,63.43,04.61]	20(0.5):A100,63.40,[100.00,19.64,11.07]	25(0.5):A100,61.60,[100.00,27.21,52.71]	30(0.5):A100,70.00,[100.00,24.04,22.44]	35(0.5):A100,65.30,[100.00,66.97,27.27]	40(0.5):A100,57.70,[100.00,15.86,21.66]	45(0.5):A100,61.60,[100.00,49.76,28.75]	
0(0.5):A100,55.90,[100.00,12.50,04.38]	5(0.5):A100,66.40,[100.00,46.70,17.50]	10(0.5):A100,58.00,[100.00,17.56,16.05]	15(0.5):A100,57.30,[100.00,63.43,04.61]	20(0.5):A100,63.90,[100.00,19.64,11.07]	25(0.5):A100,62.10,[100.00,27.21,52.71]	30(0.5):A100,70.50,[100.00,24.04,22.44]	35(0.5):A100,65.80,[100.00,66.97,27.27]	40(0.5):A100,58.20,[100.00,15.86,21.66]	45(0.5):A100,62.10,[100.00,49.76,28.75]	
0(0.5):A100,56.40,[100.00,12.50,04.38]	5(0.5):A100,66.90,[100.00,46.70,17.50]	10(0.5):A100,58.50,[100.00,17.56,16.05]	15(0.5):A100,57.80,[100.00,63.43,04.61]	20(0.5):A100,64.40,[100.00,19.64,11.07]	25(0.5):A100,62.60,[100.00,27.21,52.71]	30(0.5):A100,71.00,[100.00,24.04,22.44]	35(0.5):A100,66.30,[100.00,66.97,27.27]	40(0.5):A100,58.70,[100.00,15.86,21.66]	45(0.5):A100,62.60,[100.00,49.76,28.75]	
0(0.5):A100,56.90,[100.00,12.50,04.38]	5(0.5):A100,67.40,[100.00,46.70,17.50]	10(0.5):A100,59.00,[100.00,17.56,16.05]	15(0.5):A100,58.30,[100.00,63.43,04.61]	20(0.5):A100,64.90,[100.00,19.64,11.07]	25(0.5):C180,63.50,[100.00,27.21,116.36]	30(0.5):A100,71.50,[100.00,24.04,22.44]	35(0.5):A100,66.80,[100.00,66.97,27.27]	40(0.5):A100,59.20,[100.00,15.86,21.66]	45(0.5):A100,63.10,[100.00,49.76,28.75]	
0(0.5):A100,57.40,[100.00,12.50,04.38]	5(0.5):A100,67.90,[100.00,46.70,17.50]	10(0.5):A100,59.50,[100.00,17.56,16.05]	15(0.5):A100,58.80,[100.00,63.43,04.61]	20(0.5):A100,65.40,[100.00,19.64,11.07]	25(0.5):C000,63.50,[100.00,27.21,58.18]	30(0.5):A100,72.00,[100.00,24.04,22.44]	35(0.5):A100,67.30,[100.00,66.97,27.27]	40(0.5):A100,59.70,[100.00,15.86,21.66]	45(0.5):A100,63.60,[100.00,49.76,28.75]	
0(0.5):A100,57.90,[100.00,12.50,04.38]	5(0.5):A100,68.40,[100.00,46.70,17.50]	10(0.5):A100,60.00,[100.00,17.56,16.05]	15(0.5):B220,59.90,[100.00,141.71,04.61]	20(0.5):A100,65.90,[100.00,19.64,11.07]	25(0.5):A100,64.00,[100.00,27.21,58.18]	30(0.5):A100,72.50,[100.00,24.04,22.44]	35(0.5):A100,67.80,[100.00,66.97,27.27]	40(0.5):A100,60.20,[100.00,15.86,21.66]	45(0.5):A100,64.10,[100.00,49.76,28.75]	
0(0.5):A100,58.40,[100.00,12.50,04.38]	5(0.5):A100,68.90,[100.00,46.70,17.50]	10(0.5):A100,60.50,[100.00,17.56,16.05]	15(0.5):B220,61.00,[100.00,180.86,04.61]	20(0.5):A100,66.40,[100.00,19.64,11.07]	25(0.5):C180,64.90,[100.00,27.21,119.09]	30(0.5):A100,73.00,[100.00,24.04,22.44]	35(0.5):A100,68.30,[100.00,66.97,27.27]	40(0.5):A100,60.70,[100.00,15.86,21.66]	45(0.5):A100,64.60,[100.00,49.76,28.75]	
0(0.5):A100,58.90,[100.00,12.50,04.38]	5(0.5):B000,68.90,[100.00,23.35,17.50]	10(0.5):A100,61.00,[100.00,17.56,16.05]	15(0.5):B220,62.10,[100.00,200.43,04.61]	20(0.5):A100,66.90,[100.00,19.64,11.07]	25(0.5):A100,65.40,[100.00,27.21,119.09]	30(0.5):A100,73.50,[100.00,24.04,22.44]	35(0.5):A100,68.80,[100.00,66.97,27.27]	40(0.5):A100,61.20,[100.00,15.86,21.66]	45(0.5):A100,65.10,[100.00,49.76,28.75]	
0(0.5):A100,59.40,[100.00,12.50,04.38]	5(0.5):A100,69.40,[100.00,23.35,17.50]	10(0.5):A100,61.50,[100.00,17.56,16.05]	15(0.5):B220,63.20,[100.00,210.21,04.61]	20(0.5):A100,67.40,[100.00,19.64,11.07]	25(0.5):C180,66.30,[100.00,27.21,149.54]	30(0.5):A100,74.00,[100.00,24.04,22.44]	35(0.5):B000,68.80,[100.00,33.48,27.27]	40(0.5):A100,61.70,[100.00,15.86,21.66]	45(0.5):A100,65.60,[100.00,49.76,28.75]	
0(0.5):A100,59.90,[100.00,12.50,04.38]	5(0.5):A100,69.90,[100.00,23.35,17.50]	10(0.5):A100,62.00,[100.00,17.56,16.05]	15(0.5):B220,64.30,[100.00,215.11,04.61]	20(0.5):A100,67.90,[100.00,19.64,11.07]	25(0.5):C000,66.30,[100.00,27.21,74.77]	30(0.5):A100,74.50,[100.00,24.04,22.44]	35(0.5):B000,68.80,[100.00,16.74,27.27]	40(0.5):A100,62.20,[100.00,15.86,21.66]	45(0.5):A100,66.10,[100.00,49.76,28.75]	
0(0.5):A100,60.40,[100.00,12.50,04.38]	5(0.5):A100,70.40,[100.00,23.35,17.50]	10(0.5):A100,62.50,[100.00,17.56,16.05]	15(0.5):B220,65.40,[100.00,217.55,04.61]	20(0.5):A100,68.40,[100.00,19.64,11.07]	25(0.5):A100,66.80,[100.00,27.21,74.77]	30(0.5):A100,75.00,[100.00,24.04,22.44]	35(0.5):A100,69.30,[100.00,16.74,27.27]	40(0.5):A100,62.70,[100.00,15.86,21.66]	45(0.5):A100,66.60,[100.00,49.76,28.75]	
0(0.5):A100,60.90,[100.00,12.50,04.38]	5(0.5):A100,70.90,[100.00,23.35,17.50]	10(0.5):A100,63.00,[100.00,17.56,16.05]	15(0.5):B000,65.40,[100.00,108.78,04.61]	20(0.5):A100,68.90,[100.00,19.64,11.07]	25(0.5):A100,67.30,[100.00,27.21,74.77]	30(0.5):A100,75.50,[100.00,24.04,22.44]	35(0.5):A100,69.80,[100.00,16.74,27.27]	40(0.5):A100,63.20,[100.00,15.86,21.66]	45(0.5):C180,67.50,[100.00,49.76,104.38]	
0(0.5):A100,61.40,[100.00,12.50,04.38]	5(0.5):A100,71.40,[100.00,23.35,17.50]	10(0.5):A100,63.50,[100.00,17.56,16.05]	15(0.5):A100,65.90,[100.00,108.78,04.61]	20(0.5):A100,69.40,[100.00,19.64,11.07]	25(0.5):A100,67.80,[100.00,27.21,74.77]	30(0.5):A100,76.00,[100.00,24.04,22.44]	35(0.5):A100,70.30,[100.00,16.74,27.27]	40(0.5):A100,63.70,[100.00,15.86,21.66]	45(0.5):C180,68.40,[100.00,49.76,142.19]	
0(0.5):A100,61.90,[100.00,12.50,04.38]	5(0.5):A100,71.90,[100.00,23.35,17.50]	10(0.5):A100,64.00,[100.00,17.56,16.05]	15(0.5):A100,66.40,[100.00,108.78,04.61]	20(0.5):A100,69.90,[100.00,19.64,11.07]	25(0.5):A100,68.30,[100.00,27.21,74.77]	30(0.5):A100,76.50,[100.00,24.04,22.44]	35(0.5):A100,70.80,[100.00,16.74,27.27]	40(0.5):A100,64.20,[100.00,15.86,21.66]	45(0.5):C000,68.40,[100.00,49.76,71.09]	
0(0.5):A100,62.40,[100.00,12.50,04.38]	5(0.5):B000,71.90,[100.00,11.67,17.50]	10(0.5):A100,64.50,[100.00,17.56,16.05]	15(0.5):B000,66.40,[100.00,54.39,04.61]	20(0.5):A100,70.40,[100.00,19.64,11.07]	25(0.5):A100,68.80,[100.00,27.21,74.77]	30(0.5):A100,77.00,[100.00,24.04,22.44]	35(0.5):A100,71.30,[100.00,16.74,27.27]	40(0.5):A100,64.70,[100.00,15.86,21.66]	45(0.5):C180,69.30,[100.00,49.76,125.55]	
0(0.5):A100,62.90,[100.00,12.50,04.38]	5(0.5):A100,72.40,[100.00,11.67,17.50]	10(0.5):A100,65.00,[100.00,17.56,16.05]	15(0.5):A100,66.90,[100.00,54.39,04.61]	20(0.5):B000,70.40,[100.00,09.82,11.07]	25(0.5):A100,69.30,[100.00,27.21,74.77]	30(0.5):A100,77.50,[100.00,24.04,22.44]	35(0.5):A100,71.80,[100.00,16.74,27.27]	40(0.5):A100,65.20,[100.00,15.86,21.66]	45(0.5):A100,69.80,[100.00,49.76,125.55]	
0(0.5):A100,63.40,[100.00,12.50,04.38]	5(0.5):A100,72.90,[100.00,11.67,17.50]	10(0.5):A100,65.50,[100.00,17.56,16.05]	15(0.5):B000,66.90,[100.00,27.19,04.61]	20(0.5):A100,70.90,[100.00,09.82,11.07]	25(0.5):A100,69.80,[100.00,27.21,74.77]	30(0.5):A100,78.00,[100.00,24.04,22.44]	35(0.5):A100,72.30,[100.00,16.74,27.27]	40(0.5):A100,65.70,[100.00,15.86,21.66]	45(0.5):C000,69.80,[100.00,49.76,62.77]	
0(0.5):A100,63.90,[100.00,12.50,04.38]	5(0.5):A100,73.40,[100.00,11.67,17.50]	10(0.5):C180,66.40,[100.00,17.56,98.02]	15(0.5):A100,67.40,[100.00,27.19,04.61]	20(0.5):A100,71.40,[100.00,09.82,11.07]	25(0.5):A100,70.30,[100.00,27.21,74.77]	30(0.5):A100,78.50,[100.00,24.04,22.44]	35(0.5):A100,72.80,[100.00,16.74,27.27]	40(0.5):A100,66.20,[100.00,15.86,21.66]	45(0.5):A100,70.30,[100.00,49.76,62.77]	
0(0.5):A100,64.40,[100.00,12.50,04.38]	5(0.5):A100,73.90,[100.00,11.67,17.50]	10(0.5):C180,67.30,[100.00,17.56,139.01]	15(0.5):A100,67.90,[100.00,27.19,04.61]	20(0.5):A100,71.90,[100.00,09.82,11.07]	25(0.5):C000,70.30,[100.00,27.21,37.39]	30(0.5):A100,79.00,[100.00,24.04,22.44]	35(0.5):A100,73.30,[100.00,16.74,27.27]	40(0.5):A100,66.70,[100.00,15.86,21.66]	45(0.5):A100,70.80,[100.00,49.76,62.77]	
0(0.5):A100,64.90,[100.00,12.50,04.38]	5(0.5):A100,74.40,[100.00,11.67,17.50]	10(0.5):C000,67.30,[100.00,17.56,69.51]	15(0.5):A100,68.40,[100.00,27.19,04.61]	20(0.5):A100,72.40,[100.00,09.82,11.07]	25(0.5):A100,70.80,[100.00,27.21,37.39]	30(0.5):A100,79.50,[100.00,24.04,22.44]	35(0.5):A100,73.80,[100.00,16.74,27.27]	40(0.5):A100,67.20,[100.00,15.86,21.66]	45(0.5):B000,70.80,[100.00,24.88,62.77]	
0(0.5):A100,65.40,[100.00,12.50,04.38]	5(0.5):A100,74.90,[100.00,11.67,17.50]	10(0.5):A100,67.80,[100.00,17.56,69.51]	15(0.5):A100,68.90,[100.00,27.19,04.61]	20(0.5):B000,72.40,[100.00,04.91,11.07]	25(0.5):A100,71.30,[100.00,27.21,37.39]	30(0.5):A100,80.00,[100.00,24.04,22.44]	35(0.5):A100,74.30,[100.00,16.74,27.27]	40(0.5):A100,67.70,[100.00,15.86,21.66]	45(0.5):A100,71.30,[100.00,24.88,62.77]	
0(0.5):A100,65.90,[100.00,12.50,04.38]	5(0.5):A100,75.40,[100.00,11.67,17.50]	10(0.5):A100,68.30,[100.00,17.56,69.51]	15(0.5):A100,69.40,[100.00,27.19,04.61]	20(0.5):A100,72.90,[100.00,04.91,11.07]	25(0.5):A100,71.80,[100.00,27.21,37.39]	30(0.5):A100,80.50,[100.00,24.04,22.44]	35(0.5):A100,74.80,[100.00,16.74,27.27]	40(0.5):A100,68.20,[100.00,15.86,21.66]	45(0.5):A100,71.80,[100.00,24.88,62.77]	
0(0.5):A100,66.40,[100.00,12.50,04.38]	5(0.5):A100,75.90,[100.00,11.67,17.50]	10(0.5):A100,68.80,[100.00,17.56,69.51]	15(0.5):A100,69.90,[100.00,27.19,04.61]	20(0.5):C000,72.90,[100.00,04.91,05.53]	25(0.5):A100,72.30,[100.00,27.21,37.39]	30(0.5):A100,81.00,[100.00,24.04,22.44]	35(0.5):A100,75.30,[100.00,16.74,27.27]	40(0.5):A100,68.70,[100.00,15.86,21.66]	45(0.5):A100,72.30,[100.00,24.88,62.77]	
0(0.5):A100,66.90,[100.00,12.50,04.38]	5(0.5):A100,76.40,[100.00,11.67,17.50]	10(0.5):A100,69.30,[100.00,17.56,69.51]	15(0.5):A100,70.40,[100.00,27.19,04.61]	20(0.5):A100,73.40,[100.00,04.91,05.53]	25(0.5):A100,72.80,[100.00,27.21,37.39]	30(0.5):A100,81.50,[100.00,24.04,22.44]	35(0.5):A100,75.80,[100.00,16.74,27.27]	40(0.5):A100,69.20,[100.00,15.86,21.66]	45(0.5):A100,72.80,[100.00,24.88,62.77]	
0(0.5):A100,67.40,[100.00,12.50,04.38]	5(0.5):A100,76.90,[100.00,11.67,17.50]	10(0.5):A100,69.80,[100.00,17.56,69.51]	15(0.5):A100,70.90,[100.00,27.19,04.61]	20(0.5):A100,73.90,[100.00,04.91,05.53]	25(0.5):A100,73.30,[100.00,27.21,37.39]	30(0.5):A100,82.00,[100.00,24.04,22.44]	35(0.5):A100,76.30,[100.00,16.74,27.27]	40(0.5):A100,69.70,[100.00,15.86,21.66]	45(0.5):A100,73.30,[100.00,24.88,62.77]	
0(0.5):A100,67.90,[100.00,12.50,04.38]	5(0.5):A100,77.40,[100.00,11.67,17.50]	10(0.5):A100,70.30,[100.00,17.56,69.51]	15(0.5):A100,71.40,[100.00,27.19,04.61]	20(0.5):A100,74.40,[100.00,04.91,05.53]	25(0.5):A100,73.80,[100.00,27.21,37.39]	30(0.5):A100,82.50,[100.00,24.04,22.44]	35(0.5):A100,76.80,[100.00,16.74,27.27]	40(0.5):A100,70.20,[100.00,15.86,21.66]	45(0.5):A100,73.80,[100.00,24.88,62.77]	
0(0.5):A100,68.40,[100.00,12.50,04.38]	5(0.5):A100,77.90,[100.00,11.67,17.50]	10(0.5):A100,70.80,[100.00,17.56,69.51]	15(0.5):A100,71.90,[100.00,27.19,04.61]	20(0.5):A100,74.90,[100.00,04.91,05.53]	25(0.5):A100,74.30,[100.00,27.21,37.39]	30(0.5):A100,83.00,[100.00,24.04,22.44]	35(0.5):A100,77.30,[100.00,16.74,27.27]	40(0.5):C000,70.20,[100.00,15.86,10.83]	45(0.5):A100,74.30,[100.00,24.88,62.77]	
0(0.5):A100,68.90,[100.00,12.50,04.38]	5(0.5):A100,78.40,[100.00,11.67,17.50]	10(0.5):A100,71.30,[100.00,17.56,69.51]	15(0.5):A100,72.40,[100.00,27.19,04.61]	20(0.5):A100,75.40,[100.00,04.91,05.53]	25(0.5):A100,74.80,[100.00,27.21,37.39]	30(0.5):A100,83.50,[100.00,24.04,22.44]	35(0.5):A100,77.80,[100.00,16.74,27.27]	40(0.5):A100,70.70,[100.00,15.86,10.83]	45(0.5):A100,74.80,[100.00,24.88,62.77]	
0(0.5):A100,69.40,[100.00,12.50,04.38]	5(0.5):A100,78.90,[100.00,11.67,17.50]	10(0.5):A100,71.80,[100.00,17.56,69.51]	15(0.5):B000,72.40,[100.00,13.60,04.61]	20(0.5):A100,75.90,[100.00,04.91,05.53]	25(0.5):A100,75.30,[100.00,27.21,37.39]	30(0.5):A100,84.00,[100.00,24.04,22.44]	35(0.5):A100,78.30,[100.00,16.74,27.27]	40(0.5):A100,71.20,[100.00,15.86,10.83]	45(0.5):A100,75.30,[100.00,24.88,62.77]	
0(0.5):A100,69.90,[100.00,12.50,04.38]	5(0.5):B220,80.00,[100.00,115.84,17.50]	10(0.5):A100,72.30,[100.00,17.56,69.51]	15(0.5):A100,72.90,[100.00,13.60,04.61]	20(0.5):A100,76.40,[100.00,04.91,05.53]	25(0.5):A100,75.80,[100.00,27.21,37.39]	30(0.5):A100,84.50,[100.00,24.04,22.44]	35(0.5):A100,78.80,[100.00,16.74,27.27]	40(0.5):A100,71.70,[100.00,15.86,10.83]	45(0.5):A100,75.80,[100.00,24.88,62.77]	
0(0.5):A100,70.40,[100.00,12.50,04.38]	5(0.5):B000,80.00,[100.00,57.92,17.50]	10(0.5):C180,73.20,[100.00,17.56,124.75]	15(0.5):A100,73.40,[100.00,13.60,04.61]	20(0.5):A100,76.90,[100.00,04.91,05.53]	25(0.5):A100,76.30,[100.00,27.21,37.39]	30(0.5):A100,85.00,[100.00,24.04,22.44]	35(0.5):A100,79.30,[100.00,16.74,27.27]	40(0.5):A100,72.20,[100.00,15.86,10.83]	45(0.5):A100,76.30,[100.00,24.88,62.77]	
0(0.5):A100,70.90,[100.00,12.50,04.38]	5(0.5):A100,80.50,[100.00,57.92,17.50]	10(0.5):C000,73.20,[100.00,17.56,62.38]	15(0.5):A100,73.90,[100.00,13.60,04.61]	20(0.5):A100,77.40,[100.00,04.91,05.53]	25(0.5):A100,76.80,[100.00,27.21,37.39]	30(0.5):A100,85.50,[100.00,24.04,22.44]	35(0.5):A100,79.80,[100.00,16.74,27.27]	40(0.5):A100,72.70,[100.00,15.86,10.83]	45(0.5):A100,76.80,[100.00,24.88,62.77]	
0(0.5):A100,71.40,[100.00,12.50,04.38]	5(0.5):A100,81.00,[100.00,57.92,17.50]	10(0.5):A100,73.70,[100.00,17.56,62.38]	15(0.5):A100,74.40,[100.00,13.60,04.61]	20(0.5):A100,77.90,[100.00,04.91,05.53]	25(0.5):A100,77.30,[100.00,27.21,37.39]	30(0.5):A100,86.00,[100.00,24.04,22.44]	35(0.5):A100,80.30,[100.00,16.74,27.27]	40(0.5):A100,73.20,[100.00,15.86,10.83]	45(0.5):C180,77.70,[100.00,24.88,121.39]	
0(0.5):A100,71.90,[100.00,12.50,04.38]	5(0.5):A100,81.50,[100.00,57.92,17.50]	10(0.5):C180,74.60,[100.00,17.56,121.19]	15(0.5):A100,74.90,[100.00,13.60,04.61]	20(0.5):A100,78.40,[100.00,04.91,05.53]	25(0.5):A100,77.80,[100.00,27.21,37.39]	30(0.5):A100,86.50,[100.00,24.04,22.44]	35(0.5):A100,80.80,[100.00,16.74,27.27]	40(0.5):A100,73.70,[100.00,15.86,10.83]	45(0.5):A100,78.20,[100.00,24.88,121.39]	
0(0.5):A100,72.40,[100.00,12.50,04.38]	5(0.5):A100,82.00,[100.00,57.92,17.50]	10(0.5):A100,75.10,[100.00,17.56,121.19]	15(0.5):A100,75.40,[100.00,13.60,04.61]	20(0.5):A100,78.90,[100.00,04.91,05.53]	25(0.5):A100,78.30,[100.00,27.21,37.39]	30(0.5):A100,87.00,[100.00,24.04,22.44]	35(0.5):A100,81.30,[100.00,16.74,27.27]	40(0.5):A100,74.20,[100.00,15.86,10.83]	45(0.5):C180,79.10,[100.00,24.88,150.69]	
0(0.5):A100,72.90,[100.00,12.50,04.38]	5(0.5):A100,82.50,[100.00,57.92,17.50]	10(0.5):C000,75.10,[100.00,17.56,60.59]	15(0.5):A100,75.90,[100.00,13.60,04.61]	20(0.5):A100,79.40,[100.00,04.91,05.53]	25(0.5):A100,78.80,[100.00,27.21,37.39]	30(0.5):A100,87.50,[100.00,24.04,22.44]	35(0.5):A100,81.80,[100.00,16.74,27.27]	40(0.5):A100,74.70,[100.00,15.86,10.83]	45(0.5):C000,79.10,[100.00,24.88,75.35]	
0(0.5):A100,73.40,[100.00,12.50,04.38]	5(0.5):A100,83.00,[100.00,57.92,17.50]	10(0.5):A100,75.60,[100.00,17.56,60.59]	15(0.5):A100,76.40,[100.00,13.60,04.61]	20(0.5):A100,79.90,[100.00,04.91,05.53]	25(0.5):A100,79.30,[100.00,27.21,37.39]	30(0.5):A100,88.00,[100.00,24.04,22.44]	35(0.5):A100,82.30,[100.00,16.74,27.27]	40(0.5):A100,75.20,[100.00,15.86,10.83]	45(0.5):A100,79.60,[100.00,24.88,75.35]	
0(0.5):A100,73.90,[100.00,12.50,04.38]	5(0.5):B000,83.00,[100.00,28.96,17.50]	10(0.5):A100,76.10,[100.00,17.56,60.59]	15(0.5):A100,76.90,[100.00,13.60,04.61]	20(0.5):A100,80.40,[100.00,04.91,05.53]	25(0.5):A100,79.80,[100.00,27.21,37.39]	30(0.5):A100,88.50,[100.00,24.04,22.44]	35(0.5):A100,82.80,[100.00,16.74,27.27]	40(0.5):A100,75.70,[100.00,15.86,10.83]	45(0.5):A100,80.10,[100.00,24.88,75.35]	
0(0.5):A100,74.40,[100.00,12.50,04.38]	5(0.5):A100,83.50,[100.00,28.96,17.50]	10(0.5):A100,76.60,[100.00,17.56,60.59]	15(0.5):A100,77.40,[100.00,13.60,04.61]	20(0.5):A100,80.90,[100.00,04.91,05.53]	25(0.5):A100,80.30,[100.00,27.21,37.39]	30(0.5):C000,88.50,[100.00,24.04,11.22]	35(0.5):A100,83.30,[100.00,16.74,27.27]	40(0.5):A100,76.20,[100.00,15.86,10.83]	45(0.5):A100,80.60,[100.00,24.88,75.35]	
0(0.5):A100,74.90,[100.00,12.50,04.38]	5(0.5):A100,84.00,[100.00,28.96,17.50]	10(0.5):A100,77.10,[100.00,17.56,60.59]	15(0.5):A100,77.90,[100.00,13.60,04.61]	20(0.5):A100,81.40,[100.00,04.91,05.53]	25(0.5):A100,80.80,[100.00,27.21,37.39]	30(0.5):A100,89.00,[100.00,24.04,11.22]	35(0.5):A100,83.80,[100.00,16.74,27.27]	40(0.5):A100,76.70,[100.00,15.86,10.83]	45(0.5):A100,81.10,[100.00,24.88,75.35]	
0(0.5):A100,75.40,[100.00,12.50,04.38]	5(0.5):A100,84.50,[100.00,28.96,17.50]	10(0.5):A100,77.60,[100.00,17.56,60.59]	15(0.5):A100,78.40,[100.00,13.60,04.61]	20(0.5):A100,81.90,[100.00,04.91,05.53]	25(0.5):A100,81.30,[100.00,27.21,37.39]	30(0.5):A100,89.50,[100.00,24.04,11.22]	35(0.5):A100,84.30,[100.00,16.74,27.27]	40(0.5):A100,77.20,[100.00,15.86,10.83]	45(0.5):A100,81.60,[100.00,24.88,75.35]	
0(0.5):A100,75.90,[100.00,12.50,04.38]	5(0.5):A100,85.00,[100.00,28.96,17.50]	10(0.5):A100,78.10,[100.00,17.56,60.59]	15(0.5):A100,78.90,[100.00,13.60,04.61]	20(0.5):A100,82.40,[100.00,04.91,05.53]	25(0.5):A100,81.80,[100.00,27.21,37.39]	30(0.5):A100,90.00,[100.00,24.04,11.22]	35(0.5):A100,84.80,[100.00,16.74,27.27]	40(0.5):A100,77.70,[100.00,15.86,10.83]	45(0.5):A100,82.10,[100.00,24.88,75.35]	
0(0.5):A100,76.40,[100.00,12.50,04.38]	5(0.5):A100,85.50,[100.00,28.96,17.50]	10(0.5):A100,78.60,[100.00,17.56,60.59]	15(0.5):A100,79.40,[100.00,13.60,04.61]	20(0.5):A100,82.90,[100.00,04.91,05.53]	25(0.5):A100,82.30,[100.00,27.21,37.39]	30(0.5):A100,90.50,[100.00,24.04,11.22]	35(0.5):A100,85.30,[100.00,16.74,27.27]	40(0.5):A100,78.20,[100.00,15.86,10.83]	45(0.5):A100,82.60,[100.00,24.88,75.35]	
0(0.5):A100,76.90,[100.00,12.50,04.38]	5(0.5):A100,86.00,[100.00,28.96,17.50]	10(0.5):B220,79.70,[100.00,118.78,60.59]	15(0.5):A100,79.90,[100.00,13.60,04.61]	20(0.5):A100,83.40,[100.00,04.91,05.53]	25(0.5):C180,83.20,[100.00,27.21,108.69]	30(0.5):A100,91.00,[100.00,24.04,11.22]	35(0.5):A100,85.80,[100.00,16.74,27.27]	40(0.5):A100,78.70,[100.00,15.86,10.83]	45(0.5):B000,82.60,[100.00,12.44,75.35]	
0(0.5):B000,76.90,[100.00,06.25,04.38]	5(0.5):A100,86.50,[100.00,28.96,17.50]	10(0.5):A100,80.20,[100.00,118.78,60.59]	15(0.5):A100,80.40,[100.00,13.60,04.61]	20(0.5):A100,83.90,[100.00,04.91,05.53]	25(0.5):A100,83.70,[100.00,27.21,108.69]	30(0.5):A100,91.50,[100.00,24.04,11.22]	35(0.5):A100,86.30,[100.00,16.74,27.27]	40(0.5):A100,79.20,[100.00,15.86,10.83]	45(0.5):A100,83.10,[100.00,12.44,75.35]	
0(0.5):A100,77.40,[100.00,06.25,04.38]	5(0.5):A100,87.00,[100.00,28.96,17.50]	10(0.5):B000,80.20,[100.00,59.39,60.59]	15(0.5):A100,80