each row consists of groups of data for each agent, in form:	agentNum:choice,fitness,[expA,expB,expC]where choice has letter of choice and number for reward received
each column consists of every trial for the same agent.
this entire file is from Generation 50

0:B220, 1.10,100.00,177.10,100.00	5:B000, 0.00,100.00,39.65,100.00	10:C180, 0.90,100.00,100.00,144.61	15:B000, 0.00,100.00, 8.60,100.00	20:C000, 0.00,100.00,100.00,50.37	25:C000, 0.00,100.00,100.00,25.36	30:A100, 0.50,100.00,100.00,100.00	35:C180, 0.90,100.00,100.00,153.23	40:A100, 0.50,100.00,100.00,100.00	45:C180, 0.90,100.00,100.00,155.03	
0:B000, 1.10,100.00,63.31,100.00	5:C180, 0.90,100.00,39.65,148.28	10:C180, 1.80,100.00,100.00,164.34	15:C000, 0.00,100.00, 8.60, 8.60	20:A100, 0.50,100.00,100.00,50.37	25:A100, 0.50,100.00,100.00,25.36	30:B220, 1.60,100.00,212.88,100.00	35:C000, 0.90,100.00,100.00,51.27	40:B220, 1.60,100.00,169.47,100.00	45:C180, 1.80,100.00,100.00,172.21	
0:A100, 1.60,100.00,63.31,100.00	5:C180, 1.80,100.00,39.65,167.43	10:C180, 2.70,100.00,100.00,173.07	15:A100, 0.50,100.00, 8.60, 8.60	20:B220, 1.60,100.00,159.56,50.37	25:A100, 1.00,100.00,100.00,25.36	30:B000, 1.60,100.00,12.62,100.00	35:A100, 1.40,100.00,100.00,51.27	40:B220, 2.70,100.00,198.72,100.00	45:C000, 1.80,100.00,100.00,53.74	
0:A100, 2.10,100.00,63.31,100.00	5:C000, 1.80,100.00,39.65,66.38	10:C180, 3.60,100.00,100.00,176.94	15:A100, 1.00,100.00, 8.60, 8.60	20:B220, 2.70,100.00,189.55,50.37	25:A100, 1.50,100.00,100.00,25.36	30:C000, 1.60,100.00,12.62, 5.93	35:A100, 1.90,100.00,100.00,51.27	40:B220, 3.80,100.00,211.04,100.00	45:B000, 1.80,100.00,31.21,53.74	
0:B220, 3.20,100.00,163.99,100.00	5:A100, 2.30,100.00,39.65,66.38	10:C000, 3.60,100.00,100.00,78.28	15:A100, 1.50,100.00, 8.60, 8.60	20:B220, 3.80,100.00,204.66,50.37	25:A100, 2.00,100.00,100.00,25.36	30:A100, 2.10,100.00,12.62, 5.93	35:A100, 2.40,100.00,100.00,51.27	40:B220, 4.90,100.00,216.23,100.00	45:C000, 1.80,100.00,31.21,16.77	
0:B000, 3.20,100.00,58.62,100.00	5:A100, 2.80,100.00,39.65,66.38	10:B000, 3.60,100.00,44.24,78.28	15:A100, 2.00,100.00, 8.60, 8.60	20:B220, 4.90,100.00,212.28,50.37	25:A100, 2.50,100.00,100.00,25.36	30:A100, 2.60,100.00,12.62, 5.93	35:A100, 2.90,100.00,100.00,51.27	40:B220, 6.00,100.00,218.41,100.00	45:A100, 2.30,100.00,31.21,16.77	
0:C180, 4.10,100.00,58.62,151.40	5:C180, 3.70,100.00,39.65,134.95	10:B000, 3.60,100.00,19.57,78.28	15:A100, 2.50,100.00, 8.60, 8.60	20:B000, 4.90,100.00,106.92,50.37	25:B220, 3.60,100.00,189.57,25.36	30:A100, 3.10,100.00,12.62, 5.93	35:A100, 3.40,100.00,100.00,51.27	40:B000, 6.00,100.00,91.97,100.00	45:A100, 2.80,100.00,31.21,16.77	
0:C180, 5.00,100.00,58.62,169.78	5:C000, 3.70,100.00,39.65,53.50	10:C180, 4.50,100.00,19.57,135.00	15:A100, 3.00,100.00, 8.60, 8.60	20:B220, 6.00,100.00,163.04,50.37	25:B220, 4.70,100.00,212.28,25.36	30:A100, 3.60,100.00,12.62, 5.93	35:B000, 3.40,100.00,33.46,51.27	40:A100, 6.50,100.00,91.97,100.00	45:A100, 3.30,100.00,31.21,16.77	
0:C180, 5.90,100.00,58.62,176.35	5:B000, 3.70,100.00,15.72,53.50	10:C000, 4.50,100.00,19.57,59.72	15:A100, 3.50,100.00, 8.60, 8.60	20:B000, 6.00,100.00,82.13,50.37	25:B220, 5.80,100.00,218.04,25.36	30:A100, 4.10,100.00,12.62, 5.93	35:C180, 4.30,100.00,33.46,136.93	40:C180, 7.40,100.00,91.97,146.31	45:A100, 3.80,100.00,31.21,16.77	
0:C180, 6.80,100.00,58.62,178.69	5:A100, 4.20,100.00,15.72,53.50	10:A100, 5.00,100.00,19.57,59.72	15:A100, 4.00,100.00, 8.60, 8.60	20:A100, 6.50,100.00,82.13,50.37	25:B220, 6.90,100.00,219.50,25.36	30:A100, 4.60,100.00,12.62, 5.93	35:C180, 5.20,100.00,33.46,165.59	40:A100, 7.90,100.00,91.97,146.31	45:A100, 4.30,100.00,31.21,16.77	
0:C000, 6.80,100.00,58.62,63.88	5:A100, 4.70,100.00,15.72,53.50	10:A100, 5.50,100.00,19.57,59.72	15:A100, 4.50,100.00, 8.60, 8.60	20:A100, 7.00,100.00,82.13,50.37	25:B220, 8.00,100.00,219.87,25.36	30:A100, 5.10,100.00,12.62, 5.93	35:C000, 5.20,100.00,33.46,55.40	40:C180, 8.80,100.00,91.97,165.81	45:A100, 4.80,100.00,31.21,16.77	
0:A100, 7.30,100.00,58.62,63.88	5:A100, 5.20,100.00,15.72,53.50	10:A100, 6.00,100.00,19.57,59.72	15:A100, 5.00,100.00, 8.60, 8.60	20:A100, 7.50,100.00,82.13,50.37	25:B220, 9.10,100.00,219.97,25.36	30:A100, 5.60,100.00,12.62, 5.93	35:A100, 5.70,100.00,33.46,55.40	40:C180, 9.70,100.00,91.97,174.03	45:A100, 5.30,100.00,31.21,16.77	
0:A100, 7.80,100.00,58.62,63.88	5:A100, 5.70,100.00,15.72,53.50	10:A100, 6.50,100.00,19.57,59.72	15:C000, 5.00,100.00, 8.60, 0.74	20:A100, 8.00,100.00,82.13,50.37	25:B220,10.20,100.00,219.99,25.36	30:A100, 6.10,100.00,12.62, 5.93	35:A100, 6.20,100.00,33.46,55.40	40:C000, 9.70,100.00,91.97,73.28	45:A100, 5.80,100.00,31.21,16.77	
0:A100, 8.30,100.00,58.62,63.88	5:A100, 6.20,100.00,15.72,53.50	10:A100, 7.00,100.00,19.57,59.72	15:A100, 5.50,100.00, 8.60, 0.74	20:C000, 8.00,100.00,82.13,25.37	25:B220,11.30,100.00,220.00,25.36	30:A100, 6.60,100.00,12.62, 5.93	35:A100, 6.70,100.00,33.46,55.40	40:A100,10.20,100.00,91.97,73.28	45:A100, 6.30,100.00,31.21,16.77	
0:A100, 8.80,100.00,58.62,63.88	5:A100, 6.70,100.00,15.72,53.50	10:A100, 7.50,100.00,19.57,59.72	15:A100, 6.00,100.00, 8.60, 0.74	20:A100, 8.50,100.00,82.13,25.37	25:B000,11.30,100.00,55.79,25.36	30:A100, 7.10,100.00,12.62, 5.93	35:A100, 7.20,100.00,33.46,55.40	40:A100,10.70,100.00,91.97,73.28	45:A100, 6.80,100.00,31.21,16.77	
0:A100, 9.30,100.00,58.62,63.88	5:A100, 7.20,100.00,15.72,53.50	10:A100, 8.00,100.00,19.57,59.72	15:A100, 6.50,100.00, 8.60, 0.74	20:A100, 9.00,100.00,82.13,25.37	25:A100,11.80,100.00,55.79,25.36	30:A100, 7.60,100.00,12.62, 5.93	35:A100, 7.70,100.00,33.46,55.40	40:A100,11.20,100.00,91.97,73.28	45:A100, 7.30,100.00,31.21,16.77	
0:B000, 9.30,100.00,20.96,63.88	5:A100, 7.70,100.00,15.72,53.50	10:A100, 8.50,100.00,19.57,59.72	15:A100, 7.00,100.00, 8.60, 0.74	20:B000, 9.00,100.00,41.37,25.37	25:A100,12.30,100.00,55.79,25.36	30:A100, 8.10,100.00,12.62, 5.93	35:A100, 8.20,100.00,33.46,55.40	40:A100,11.70,100.00,91.97,73.28	45:A100, 7.80,100.00,31.21,16.77	
0:A100, 9.80,100.00,20.96,63.88	5:A100, 8.20,100.00,15.72,53.50	10:A100, 9.00,100.00,19.57,59.72	15:A100, 7.50,100.00, 8.60, 0.74	20:A100, 9.50,100.00,41.37,25.37	25:B220,13.40,100.00,178.36,25.36	30:A100, 8.60,100.00,12.62, 5.93	35:A100, 8.70,100.00,33.46,55.40	40:B220,12.80,100.00,166.09,73.28	45:A100, 8.30,100.00,31.21,16.77	
0:A100,10.30,100.00,20.96,63.88	5:A100, 8.70,100.00,15.72,53.50	10:A100, 9.50,100.00,19.57,59.72	15:A100, 8.00,100.00, 8.60, 0.74	20:A100,10.00,100.00,41.37,25.37	25:B000,13.40,100.00,45.23,25.36	30:A100, 9.10,100.00,12.62, 5.93	35:B220, 9.80,100.00,157.59,55.40	40:B000,12.80,100.00,69.94,73.28	45:A100, 8.80,100.00,31.21,16.77	
0:A100,10.80,100.00,20.96,63.88	5:A100, 9.20,100.00,15.72,53.50	10:A100,10.00,100.00,19.57,59.72	15:A100, 8.50,100.00, 8.60, 0.74	20:A100,10.50,100.00,41.37,25.37	25:B000,13.40,100.00,11.47,25.36	30:A100, 9.60,100.00,12.62, 5.93	35:B220,10.90,100.00,199.12,55.40	40:A100,13.30,100.00,69.94,73.28	45:A100, 9.30,100.00,31.21,16.77	
0:C180,11.70,100.00,20.96,138.49	5:A100, 9.70,100.00,15.72,53.50	10:A100,10.50,100.00,19.57,59.72	15:A100, 9.00,100.00, 8.60, 0.74	20:A100,11.00,100.00,41.37,25.37	25:A100,13.90,100.00,11.47,25.36	30:A100,10.10,100.00,12.62, 5.93	35:B000,10.90,100.00,66.62,55.40	40:C180,14.20,100.00,69.94,135.06	45:A100, 9.80,100.00,31.21,16.77	
0:C180,12.60,100.00,20.96,165.16	5:A100,10.20,100.00,15.72,53.50	10:A100,11.00,100.00,19.57,59.72	15:A100, 9.50,100.00, 8.60, 0.74	20:A100,11.50,100.00,41.37,25.37	25:A100,14.40,100.00,11.47,25.36	30:A100,10.60,100.00,12.62, 5.93	35:B220,12.00,100.00,168.68,55.40	40:C000,14.20,100.00,69.94,56.88	45:A100,10.30,100.00,31.21,16.77	
0:C000,12.60,100.00,20.96,59.04	5:A100,10.70,100.00,15.72,53.50	10:A100,11.50,100.00,19.57,59.72	15:A100,10.00,100.00, 8.60, 0.74	20:A100,12.00,100.00,41.37,25.37	25:A100,14.90,100.00,11.47,25.36	30:A100,11.10,100.00,12.62, 5.93	35:B220,13.10,100.00,202.83,55.40	40:A100,14.70,100.00,69.94,56.88	45:A100,10.80,100.00,31.21,16.77	
0:C180,13.50,100.00,20.96,136.76	5:A100,11.20,100.00,15.72,53.50	10:A100,12.00,100.00,19.57,59.72	15:A100,10.50,100.00, 8.60, 0.74	20:A100,12.50,100.00,41.37,25.37	25:A100,15.40,100.00,11.47,25.36	30:A100,11.60,100.00,12.62, 5.93	35:B000,13.10,100.00,67.86,55.40	40:A100,15.20,100.00,69.94,56.88	45:A100,11.30,100.00,31.21,16.77	
0:C180,14.40,100.00,20.96,164.54	5:A100,11.70,100.00,15.72,53.50	10:A100,12.50,100.00,19.57,59.72	15:A100,11.00,100.00, 8.60, 0.74	20:A100,13.00,100.00,41.37,25.37	25:A100,15.90,100.00,11.47,25.36	30:A100,12.10,100.00,12.62, 5.93	35:A100,13.60,100.00,67.86,55.40	40:A100,15.70,100.00,69.94,56.88	45:A100,11.80,100.00,31.21,16.77	
0:C180,15.30,100.00,20.96,174.47	5:A100,12.20,100.00,15.72,53.50	10:A100,13.00,100.00,19.57,59.72	15:A100,11.50,100.00, 8.60, 0.74	20:A100,13.50,100.00,41.37,25.37	25:A100,16.40,100.00,11.47,25.36	30:A100,12.60,100.00,12.62, 5.93	35:C000,13.60,100.00,67.86,18.54	40:A100,16.20,100.00,69.94,56.88	45:A100,12.30,100.00,31.21,16.77	
0:C180,16.20,100.00,20.96,178.02	5:A100,12.70,100.00,15.72,53.50	10:A100,13.50,100.00,19.57,59.72	15:A100,12.00,100.00, 8.60, 0.74	20:A100,14.00,100.00,41.37,25.37	25:A100,16.90,100.00,11.47,25.36	30:A100,13.10,100.00,12.62, 5.93	35:A100,14.10,100.00,67.86,18.54	40:A100,16.70,100.00,69.94,56.88	45:A100,12.80,100.00,31.21,16.77	
0:C000,16.20,100.00,20.96,63.64	5:C180,13.60,100.00,15.72,129.85	10:A100,14.00,100.00,19.57,59.72	15:A100,12.50,100.00, 8.60, 0.74	20:A100,14.50,100.00,41.37,25.37	25:A100,17.40,100.00,11.47,25.36	30:A100,13.60,100.00,12.62, 5.93	35:A100,14.60,100.00,67.86,18.54	40:A100,17.20,100.00,69.94,56.88	45:A100,13.30,100.00,31.21,16.77	
0:A100,16.70,100.00,20.96,63.64	5:C180,14.50,100.00,15.72,160.12	10:A100,14.50,100.00,19.57,59.72	15:A100,13.00,100.00, 8.60, 0.74	20:A100,15.00,100.00,41.37,25.37	25:A100,17.90,100.00,11.47,25.36	30:A100,14.10,100.00,12.62, 5.93	35:A100,15.10,100.00,67.86,18.54	40:B000,17.20,100.00,29.45,56.88	45:A100,13.80,100.00,31.21,16.77	
0:B000,16.70,100.00, 7.49,63.64	5:C180,15.40,100.00,15.72,172.12	10:A100,15.00,100.00,19.57,59.72	15:A100,13.50,100.00, 8.60, 0.74	20:A100,15.50,100.00,41.37,25.37	25:A100,18.40,100.00,11.47,25.36	30:A100,14.60,100.00,12.62, 5.93	35:A100,15.60,100.00,67.86,18.54	40:A100,17.70,100.00,29.45,56.88	45:A100,14.30,100.00,31.21,16.77	
0:C180,17.60,100.00, 7.49,138.40	5:C180,16.30,100.00,15.72,176.88	10:A100,15.50,100.00,19.57,59.72	15:A100,14.00,100.00, 8.60, 0.74	20:A100,16.00,100.00,41.37,25.37	25:A100,18.90,100.00,11.47,25.36	30:A100,15.10,100.00,12.62, 5.93	35:A100,16.10,100.00,67.86,18.54	40:A100,18.20,100.00,29.45,56.88	45:A100,14.80,100.00,31.21,16.77	
0:C000,17.60,100.00, 7.49,49.48	5:C180,17.20,100.00,15.72,178.76	10:A100,16.00,100.00,19.57,59.72	15:A100,14.50,100.00, 8.60, 0.74	20:A100,16.50,100.00,41.37,25.37	25:A100,19.40,100.00,11.47,25.36	30:A100,15.60,100.00,12.62, 5.93	35:B220,17.20,100.00,169.10,18.54	40:A100,18.70,100.00,29.45,56.88	45:A100,15.30,100.00,31.21,16.77	
0:A100,18.10,100.00, 7.49,49.48	5:C000,17.20,100.00,15.72,70.87	10:A100,16.50,100.00,19.57,59.72	15:A100,15.00,100.00, 8.60, 0.74	20:A100,17.00,100.00,41.37,25.37	25:A100,19.90,100.00,11.47,25.36	30:A100,16.10,100.00,12.62, 5.93	35:B220,18.30,100.00,202.97,18.54	40:A100,19.20,100.00,29.45,56.88	45:A100,15.80,100.00,31.21,16.77	
0:A100,18.60,100.00, 7.49,49.48	5:A100,17.70,100.00,15.72,70.87	10:C180,17.40,100.00,19.57,126.79	15:A100,15.50,100.00, 8.60, 0.74	20:A100,17.50,100.00,41.37,25.37	25:A100,20.40,100.00,11.47,25.36	30:A100,16.60,100.00,12.62, 5.93	35:B000,18.30,100.00,67.91,18.54	40:A100,19.70,100.00,29.45,56.88	45:A100,16.30,100.00,31.21,16.77	
0:A100,19.10,100.00, 7.49,49.48	5:A100,18.20,100.00,15.72,70.87	10:C000,17.40,100.00,19.57,56.09	15:A100,16.00,100.00, 8.60, 0.74	20:A100,18.00,100.00,41.37,25.37	25:A100,20.90,100.00,11.47,25.36	30:A100,17.10,100.00,12.62, 5.93	35:A100,18.80,100.00,67.91,18.54	40:C000,19.70,100.00,29.45,23.95	45:A100,16.80,100.00,31.21,16.77	
0:A100,19.60,100.00, 7.49,49.48	5:A100,18.70,100.00,15.72,70.87	10:A100,17.90,100.00,19.57,56.09	15:A100,16.50,100.00, 8.60, 0.74	20:A100,18.50,100.00,41.37,25.37	25:A100,21.40,100.00,11.47,25.36	30:A100,17.60,100.00,12.62, 5.93	35:A100,19.30,100.00,67.91,18.54	40:A100,20.20,100.00,29.45,23.95	45:A100,17.30,100.00,31.21,16.77	
0:A100,20.10,100.00, 7.49,49.48	5:A100,19.20,100.00,15.72,70.87	10:A100,18.40,100.00,19.57,56.09	15:A100,17.00,100.00, 8.60, 0.74	20:A100,19.00,100.00,41.37,25.37	25:A100,21.90,100.00,11.47,25.36	30:A100,18.10,100.00,12.62, 5.93	35:A100,19.80,100.00,67.91,18.54	40:A100,20.70,100.00,29.45,23.95	45:A100,17.80,100.00,31.21,16.77	
0:A100,20.60,100.00, 7.49,49.48	5:A100,19.70,100.00,15.72,70.87	10:A100,18.90,100.00,19.57,56.09	15:A100,17.50,100.00, 8.60, 0.74	20:A100,19.50,100.00,41.37,25.37	25:A100,22.40,100.00,11.47,25.36	30:A100,18.60,100.00,12.62, 5.93	35:A100,20.30,100.00,67.91,18.54	40:A100,21.20,100.00,29.45,23.95	45:A100,18.30,100.00,31.21,16.77	
0:A100,21.10,100.00, 7.49,49.48	5:C180,20.60,100.00,15.72,136.74	10:A100,19.40,100.00,19.57,56.09	15:A100,18.00,100.00, 8.60, 0.74	20:B220,20.60,100.00,130.02,25.37	25:A100,22.90,100.00,11.47,25.36	30:A100,19.10,100.00,12.62, 5.93	35:A100,20.80,100.00,67.91,18.54	40:A100,21.70,100.00,29.45,23.95	45:A100,18.80,100.00,31.21,16.77	
0:A100,21.60,100.00, 7.49,49.48	5:C180,21.50,100.00,15.72,162.85	10:C000,19.40,100.00,19.57,24.82	15:A100,18.50,100.00, 8.60, 0.74	20:B000,20.60,100.00,65.49,25.37	25:A100,23.40,100.00,11.47,25.36	30:A100,19.60,100.00,12.62, 5.93	35:A100,21.30,100.00,67.91,18.54	40:A100,22.20,100.00,29.45,23.95	45:A100,19.30,100.00,31.21,16.77	
0:A100,22.10,100.00, 7.49,49.48	5:C180,22.40,100.00,15.72,173.20	10:C000,19.40,100.00,19.57,10.98	15:A100,19.00,100.00, 8.60, 0.74	20:A100,21.10,100.00,65.49,25.37	25:A100,23.90,100.00,11.47,25.36	30:A100,20.10,100.00,12.62, 5.93	35:A100,21.80,100.00,67.91,18.54	40:A100,22.70,100.00,29.45,23.95	45:A100,19.80,100.00,31.21,16.77	
0:A100,22.60,100.00, 7.49,49.48	5:C000,22.40,100.00,15.72,68.67	10:A100,19.90,100.00,19.57,10.98	15:A100,19.50,100.00, 8.60, 0.74	20:A100,21.60,100.00,65.49,25.37	25:A100,24.40,100.00,11.47,25.36	30:A100,20.60,100.00,12.62, 5.93	35:B220,22.90,100.00,169.11,18.54	40:A100,23.20,100.00,29.45,23.95	45:A100,20.30,100.00,31.21,16.77	
0:A100,23.10,100.00, 7.49,49.48	5:C180,23.30,100.00,15.72,135.86	10:A100,20.40,100.00,19.57,10.98	15:A100,20.00,100.00, 8.60, 0.74	20:A100,22.10,100.00,65.49,25.37	25:A100,24.90,100.00,11.47,25.36	30:A100,21.10,100.00,12.62, 5.93	35:B000,22.90,100.00,56.58,18.54	40:A100,23.70,100.00,29.45,23.95	45:A100,20.80,100.00,31.21,16.77	
0:C180,24.00,100.00, 7.49,133.34	5:C000,23.30,100.00,15.72,53.86	10:A100,20.90,100.00,19.57,10.98	15:A100,20.50,100.00, 8.60, 0.74	20:A100,22.60,100.00,65.49,25.37	25:A100,25.40,100.00,11.47,25.36	30:A100,21.60,100.00,12.62, 5.93	35:A100,23.40,100.00,56.58,18.54	40:A100,24.20,100.00,29.45,23.95	45:A100,21.30,100.00,31.21,16.77	
0:A100,24.50,100.00, 7.49,133.34	5:A100,23.80,100.00,15.72,53.86	10:A100,21.40,100.00,19.57,10.98	15:A100,21.00,100.00, 8.60, 0.74	20:A100,23.10,100.00,65.49,25.37	25:A100,25.90,100.00,11.47,25.36	30:A100,22.10,100.00,12.62, 5.93	35:A100,23.90,100.00,56.58,18.54	40:A100,24.70,100.00,29.45,23.95	45:A100,21.80,100.00,31.21,16.77	
0:C000,24.50,100.00, 7.49,47.67	5:A100,24.30,100.00,15.72,53.86	10:A100,21.90,100.00,19.57,10.98	15:A100,21.50,100.00, 8.60, 0.74	20:A100,23.60,100.00,65.49,25.37	25:A100,26.40,100.00,11.47,25.36	30:A100,22.60,100.00,12.62, 5.93	35:A100,24.40,100.00,56.58,18.54	40:A100,25.20,100.00,29.45,23.95	45:A100,22.30,100.00,31.21,16.77	
0:A100,25.00,100.00, 7.49,47.67	5:C180,25.20,100.00,15.72,129.99	10:A100,22.40,100.00,19.57,10.98	15:A100,22.00,100.00, 8.60, 0.74	20:A100,24.10,100.00,65.49,25.37	25:A100,26.90,100.00,11.47,25.36	30:A100,23.10,100.00,12.62, 5.93	35:A100,24.90,100.00,56.58,18.54	40:A100,25.70,100.00,29.45,23.95	45:A100,22.80,100.00,31.21,16.77	
0:A100,25.50,100.00, 7.49,47.67	5:C180,26.10,100.00,15.72,160.17	10:A100,22.90,100.00,19.57,10.98	15:A100,22.50,100.00, 8.60, 0.74	20:A100,24.60,100.00,65.49,25.37	25:A100,27.40,100.00,11.47,25.36	30:A100,23.60,100.00,12.62, 5.93	35:A100,25.40,100.00,56.58,18.54	40:A100,26.20,100.00,29.45,23.95	45:A100,23.30,100.00,31.21,16.77	
0:A100,26.00,100.00, 7.49,47.67	5:C000,26.10,100.00,15.72,63.50	10:A100,23.40,100.00,19.57,10.98	15:A100,23.00,100.00, 8.60, 0.74	20:A100,25.10,100.00,65.49,25.37	25:A100,27.90,100.00,11.47,25.36	30:A100,24.10,100.00,12.62, 5.93	35:A100,25.90,100.00,56.58,18.54	40:A100,26.70,100.00,29.45,23.95	45:A100,23.80,100.00,31.21,16.77	
0:A100,26.50,100.00, 7.49,47.67	5:A100,26.60,100.00,15.72,63.50	10:A100,23.90,100.00,19.57,10.98	15:A100,23.50,100.00, 8.60, 0.74	20:A100,25.60,100.00,65.49,25.37	25:A100,28.40,100.00,11.47,25.36	30:A100,24.60,100.00,12.62, 5.93	35:A100,26.40,100.00,56.58,18.54	40:A100,27.20,100.00,29.45,23.95	45:A100,24.30,100.00,31.21,16.77	
0:A100,27.00,100.00, 7.49,47.67	5:A100,27.10,100.00,15.72,63.50	10:A100,24.40,100.00,19.57,10.98	15:A100,24.00,100.00, 8.60, 0.74	20:A100,26.10,100.00,65.49,25.37	25:A100,28.90,100.00,11.47,25.36	30:A100,25.10,100.00,12.62, 5.93	35:A100,26.90,100.00,56.58,18.54	40:A100,27.70,100.00,29.45,23.95	45:A100,24.80,100.00,31.21,16.77	
0:C000,27.00,100.00, 7.49,17.04	5:A100,27.60,100.00,15.72,63.50	10:A100,24.90,100.00,19.57,10.98	15:A100,24.50,100.00, 8.60, 0.74	20:A100,26.60,100.00,65.49,25.37	25:A100,29.40,100.00,11.47,25.36	30:A100,25.60,100.00,12.62, 5.93	35:A100,27.40,100.00,56.58,18.54	40:C180,28.60,100.00,29.45,114.29	45:A100,25.30,100.00,31.21,16.77	
0:A100,27.50,100.00, 7.49,17.04	5:A100,28.10,100.00,15.72,63.50	10:A100,25.40,100.00,19.57,10.98	15:A100,25.00,100.00, 8.60, 0.74	20:A100,27.10,100.00,65.49,25.37	25:A100,29.90,100.00,11.47,25.36	30:A100,26.10,100.00,12.62, 5.93	35:A100,27.90,100.00,56.58,18.54	40:C000,28.60,100.00,29.45,48.13	45:A100,25.80,100.00,31.21,16.77	
0:A100,28.00,100.00, 7.49,17.04	5:A100,28.60,100.00,15.72,63.50	10:A100,25.90,100.00,19.57,10.98	15:A100,25.50,100.00, 8.60, 0.74	20:A100,27.60,100.00,65.49,25.37	25:A100,30.40,100.00,11.47,25.36	30:A100,26.60,100.00,12.62, 5.93	35:A100,28.40,100.00,56.58,18.54	40:C000,28.60,100.00,29.45,20.27	45:A100,26.30,100.00,31.21,16.77	
0:A100,28.50,100.00, 7.49,17.04	5:A100,29.10,100.00,15.72,63.50	10:A100,26.40,100.00,19.57,10.98	15:A100,26.00,100.00, 8.60, 0.74	20:A100,28.10,100.00,65.49,25.37	25:A100,30.90,100.00,11.47,25.36	30:A100,27.10,100.00,12.62, 5.93	35:A100,28.90,100.00,56.58,18.54	40:A100,29.10,100.00,29.45,20.27	45:A100,26.80,100.00,31.21,16.77	
0:A100,29.00,100.00, 7.49,17.04	5:A100,29.60,100.00,15.72,63.50	10:A100,26.90,100.00,19.57,10.98	15:A100,26.50,100.00, 8.60, 0.74	20:A100,28.60,100.00,65.49,25.37	25:A100,31.40,100.00,11.47,25.36	30:A100,27.60,100.00,12.62, 5.93	35:A100,29.40,100.00,56.58,18.54	40:A100,29.60,100.00,29.45,20.27	45:A100,27.30,100.00,31.21,16.77	
0:A100,29.50,100.00, 7.49,17.04	5:A100,30.10,100.00,15.72,63.50	10:B000,26.90,100.00, 8.66,10.98	15:A100,27.00,100.00, 8.60, 0.74	20:A100,29.10,100.00,65.49,25.37	25:A100,31.90,100.00,11.47,25.36	30:A100,28.10,100.00,12.62, 5.93	35:A100,29.90,100.00,56.58,18.54	40:A100,30.10,100.00,29.45,20.27	45:A100,27.80,100.00,31.21,16.77	
0:A100,30.00,100.00, 7.49,17.04	5:A100,30.60,100.00,15.72,63.50	10:A100,27.40,100.00, 8.66,10.98	15:A100,27.50,100.00, 8.60, 0.74	20:A100,29.60,100.00,65.49,25.37	25:A100,32.40,100.00,11.47,25.36	30:A100,28.60,100.00,12.62, 5.93	35:A100,30.40,100.00,56.58,18.54	40:A100,30.60,100.00,29.45,20.27	45:A100,28.30,100.00,31.21,16.77	
0:A100,30.50,100.00, 7.49,17.04	5:C180,31.50,100.00,15.72,133.81	10:A100,27.90,100.00, 8.66,10.98	15:A100,28.00,100.00, 8.60, 0.74	20:A100,30.10,100.00,65.49,25.37	25:A100,32.90,100.00,11.47,25.36	30:A100,29.10,100.00,12.62, 5.93	35:A100,30.90,100.00,56.58,18.54	40:A100,31.10,100.00,29.45,20.27	45:A100,28.80,100.00,31.21,16.77	
0:A100,31.00,100.00, 7.49,17.04	5:C180,32.40,100.00,15.72,161.69	10:A100,28.40,100.00, 8.66,10.98	15:A100,28.50,100.00, 8.60, 0.74	20:A100,30.60,100.00,65.49,25.37	25:A100,33.40,100.00,11.47,25.36	30:A100,29.60,100.00,12.62, 5.93	35:A100,31.40,100.00,56.58,18.54	40:B220,32.20,100.00,139.76,20.27	45:A100,29.30,100.00,31.21,16.77	
0:A100,31.50,100.00, 7.49,17.04	5:C000,32.40,100.00,15.72,64.10	10:A100,28.90,100.00, 8.66,10.98	15:A100,29.00,100.00, 8.60, 0.74	20:A100,31.10,100.00,65.49,25.37	25:A100,33.90,100.00,11.47,25.36	30:A100,30.10,100.00,12.62, 5.93	35:A100,31.90,100.00,56.58,18.54	40:B220,33.30,100.00,186.21,20.27	45:A100,29.80,100.00,31.21,16.77	
0:A100,32.00,100.00, 7.49,17.04	5:A100,32.90,100.00,15.72,64.10	10:A100,29.40,100.00, 8.66,10.98	15:A100,29.50,100.00, 8.60, 0.74	20:A100,31.60,100.00,65.49,25.37	25:A100,34.40,100.00,11.47,25.36	30:A100,30.60,100.00,12.62, 5.93	35:A100,32.40,100.00,56.58,18.54	40:B220,34.40,100.00,205.77,20.27	45:A100,30.30,100.00,31.21,16.77	
0:A100,32.50,100.00, 7.49,17.04	5:A100,33.40,100.00,15.72,64.10	10:A100,29.90,100.00, 8.66,10.98	15:A100,30.00,100.00, 8.60, 0.74	20:A100,32.10,100.00,65.49,25.37	25:A100,34.90,100.00,11.47,25.36	30:A100,31.10,100.00,12.62, 5.93	35:A100,32.90,100.00,56.58,18.54	40:B220,35.50,100.00,214.01,20.27	45:A100,30.80,100.00,31.21,16.77	
0:A100,33.00,100.00, 7.49,17.04	5:C180,34.30,100.00,15.72,134.05	10:A100,30.40,100.00, 8.66,10.98	15:B220,31.10,100.00,201.81, 0.74	20:A100,32.60,100.00,65.49,25.37	25:A100,35.40,100.00,11.47,25.36	30:A100,31.60,100.00,12.62, 5.93	35:A100,33.40,100.00,56.58,18.54	40:B000,35.50,100.00,90.12,20.27	45:A100,31.30,100.00,31.21,16.77	
0:A100,33.50,100.00, 7.49,17.04	5:A100,34.80,100.00,15.72,134.05	10:A100,30.90,100.00, 8.66,10.98	15:B220,32.20,100.00,218.44, 0.74	20:A100,33.10,100.00,65.49,25.37	25:A100,35.90,100.00,11.47,25.36	30:A100,32.10,100.00,12.62, 5.93	35:A100,33.90,100.00,56.58,18.54	40:A100,36.00,100.00,90.12,20.27	45:A100,31.80,100.00,31.21,16.77	
0:A100,34.00,100.00, 7.49,17.04	5:C180,35.70,100.00,15.72,161.78	10:A100,31.40,100.00, 8.66,10.98	15:B220,33.30,100.00,219.87, 0.74	20:A100,33.60,100.00,65.49,25.37	25:A100,36.40,100.00,11.47,25.36	30:A100,32.60,100.00,12.62, 5.93	35:A100,34.40,100.00,56.58,18.54	40:B220,37.10,100.00,165.31,20.27	45:A100,32.30,100.00,31.21,16.77	
0:A100,34.50,100.00, 7.49,17.04	5:C000,35.70,100.00,15.72,64.14	10:A100,31.90,100.00, 8.66,10.98	15:B220,34.40,100.00,219.99, 0.74	20:A100,34.10,100.00,65.49,25.37	25:A100,36.90,100.00,11.47,25.36	30:A100,33.10,100.00,12.62, 5.93	35:A100,34.90,100.00,56.58,18.54	40:B220,38.20,100.00,196.97,20.27	45:A100,32.80,100.00,31.21,16.77	
0:A100,35.00,100.00, 7.49,17.04	5:A100,36.20,100.00,15.72,64.14	10:A100,32.40,100.00, 8.66,10.98	15:B220,35.50,100.00,220.00, 0.74	20:A100,34.60,100.00,65.49,25.37	25:A100,37.40,100.00,11.47,25.36	30:A100,33.60,100.00,12.62, 5.93	35:A100,35.40,100.00,56.58,18.54	40:B220,39.30,100.00,210.30,20.27	45:A100,33.30,100.00,31.21,16.77	
0:A100,35.50,100.00, 7.49,17.04	5:A100,36.70,100.00,15.72,64.14	10:A100,32.90,100.00, 8.66,10.98	15:B220,36.60,100.00,220.00, 0.74	20:A100,35.10,100.00,65.49,25.37	25:A100,37.90,100.00,11.47,25.36	30:A100,34.10,100.00,12.62, 5.93	35:A100,35.90,100.00,56.58,18.54	40:B220,40.40,100.00,215.92,20.27	45:A100,33.80,100.00,31.21,16.77	
0:A100,36.00,100.00, 7.49,17.04	5:A100,37.20,100.00,15.72,64.14	10:A100,33.40,100.00, 8.66,10.98	15:B000,36.60,100.00,18.93, 0.74	20:A100,35.60,100.00,65.49,25.37	25:A100,38.40,100.00,11.47,25.36	30:A100,34.60,100.00,12.62, 5.93	35:A100,36.40,100.00,56.58,18.54	40:B220,41.50,100.00,218.28,20.27	45:A100,34.30,100.00,31.21,16.77	
0:A100,36.50,100.00, 7.49,17.04	5:A100,37.70,100.00,15.72,64.14	10:A100,33.90,100.00, 8.66,10.98	15:A100,37.10,100.00,18.93, 0.74	20:A100,36.10,100.00,65.49,25.37	25:A100,38.90,100.00,11.47,25.36	30:A100,35.10,100.00,12.62, 5.93	35:A100,36.90,100.00,56.58,18.54	40:B000,41.50,100.00,91.92,20.27	45:A100,34.80,100.00,31.21,16.77	
0:A100,37.00,100.00, 7.49,17.04	5:A100,38.20,100.00,15.72,64.14	10:A100,34.40,100.00, 8.66,10.98	15:A100,37.60,100.00,18.93, 0.74	20:B000,36.10,100.00,32.99,25.37	25:A100,39.40,100.00,11.47,25.36	30:A100,35.60,100.00,12.62, 5.93	35:A100,37.40,100.00,56.58,18.54	40:B000,41.50,100.00,38.71,20.27	45:A100,35.30,100.00,31.21,16.77	
0:A100,37.50,100.00, 7.49,17.04	5:A100,38.70,100.00,15.72,64.14	10:A100,34.90,100.00, 8.66,10.98	15:A100,38.10,100.00,18.93, 0.74	20:A100,36.60,100.00,32.99,25.37	25:A100,39.90,100.00,11.47,25.36	30:A100,36.10,100.00,12.62, 5.93	35:A100,37.90,100.00,56.58,18.54	40:A100,42.00,100.00,38.71,20.27	45:A100,35.80,100.00,31.21,16.77	
0:A100,38.00,100.00, 7.49,17.04	5:C180,39.60,100.00,15.72,134.07	10:A100,35.40,100.00, 8.66,10.98	15:A100,38.60,100.00,18.93, 0.74	20:A100,37.10,100.00,32.99,25.37	25:A100,40.40,100.00,11.47,25.36	30:A100,36.60,100.00,12.62, 5.93	35:A100,38.40,100.00,56.58,18.54	40:A100,42.50,100.00,38.71,20.27	45:A100,36.30,100.00,31.21,16.77	
0:A100,38.50,100.00, 7.49,17.04	5:C000,39.60,100.00,15.72,53.15	10:A100,35.90,100.00, 8.66,10.98	15:A100,39.10,100.00,18.93, 0.74	20:A100,37.60,100.00,32.99,25.37	25:A100,40.90,100.00,11.47,25.36	30:A100,37.10,100.00,12.62, 5.93	35:A100,38.90,100.00,56.58,18.54	40:A100,43.00,100.00,38.71,20.27	45:A100,36.80,100.00,31.21,16.77	
0:A100,39.00,100.00, 7.49,17.04	5:A100,40.10,100.00,15.72,53.15	10:A100,36.40,100.00, 8.66,10.98	15:A100,39.60,100.00,18.93, 0.74	20:A100,38.10,100.00,32.99,25.37	25:A100,41.40,100.00,11.47,25.36	30:A100,37.60,100.00,12.62, 5.93	35:A100,39.40,100.00,56.58,18.54	40:A100,43.50,100.00,38.71,20.27	45:A100,37.30,100.00,31.21,16.77	
0:A100,39.50,100.00, 7.49,17.04	5:C000,40.10,100.00,15.72,21.07	10:A100,36.90,100.00, 8.66,10.98	15:A100,40.10,100.00,18.93, 0.74	20:A100,38.60,100.00,32.99,25.37	25:A100,41.90,100.00,11.47,25.36	30:A100,38.10,100.00,12.62, 5.93	35:A100,39.90,100.00,56.58,18.54	40:A100,44.00,100.00,38.71,20.27	45:A100,37.80,100.00,31.21,16.77	
0:A100,40.00,100.00, 7.49,17.04	5:A100,40.60,100.00,15.72,21.07	10:A100,37.40,100.00, 8.66,10.98	15:A100,40.60,100.00,18.93, 0.74	20:A100,39.10,100.00,32.99,25.37	25:A100,42.40,100.00,11.47,25.36	30:A100,38.60,100.00,12.62, 5.93	35:B000,39.90,100.00,18.93,18.54	40:A100,44.50,100.00,38.71,20.27	45:A100,38.30,100.00,31.21,16.77	
0:A100,40.50,100.00, 7.49,17.04	5:B000,40.60,100.00, 6.23,21.07	10:A100,37.90,100.00, 8.66,10.98	15:A100,41.10,100.00,18.93, 0.74	20:A100,39.60,100.00,32.99,25.37	25:A100,42.90,100.00,11.47,25.36	30:A100,39.10,100.00,12.62, 5.93	35:A100,40.40,100.00,18.93,18.54	40:A100,45.00,100.00,38.71,20.27	45:A100,38.80,100.00,31.21,16.77	
0:A100,41.00,100.00, 7.49,17.04	5:A100,41.10,100.00, 6.23,21.07	10:A100,38.40,100.00, 8.66,10.98	15:A100,41.60,100.00,18.93, 0.74	20:A100,40.10,100.00,32.99,25.37	25:A100,43.40,100.00,11.47,25.36	30:A100,39.60,100.00,12.62, 5.93	35:A100,40.90,100.00,18.93,18.54	40:A100,45.50,100.00,38.71,20.27	45:A100,39.30,100.00,31.21,16.77	
0:A100,41.50,100.00, 7.49,17.04	5:A100,41.60,100.00, 6.23,21.07	10:A100,38.90,100.00, 8.66,10.98	15:A100,42.10,100.00,18.93, 0.74	20:A100,40.60,100.00,32.99,25.37	25:A100,43.90,100.00,11.47,25.36	30:A100,40.10,100.00,12.62, 5.93	35:A100,41.40,100.00,18.93,18.54	40:A100,46.00,100.00,38.71,20.27	45:A100,39.80,100.00,31.21,16.77	
0:A100,42.00,100.00, 7.49,17.04	5:A100,42.10,100.00, 6.23,21.07	10:A100,39.40,100.00, 8.66,10.98	15:A100,42.60,100.00,18.93, 0.74	20:A100,41.10,100.00,32.99,25.37	25:A100,44.40,100.00,11.47,25.36	30:A100,40.60,100.00,12.62, 5.93	35:A100,41.90,100.00,18.93,18.54	40:A100,46.50,100.00,38.71,20.27	45:A100,40.30,100.00,31.21,16.77	
0:B000,42.00,100.00, 2.68,17.04	5:C000,42.10,100.00, 6.23, 8.35	10:A100,39.90,100.00, 8.66,10.98	15:A100,43.10,100.00,18.93, 0.74	20:A100,41.60,100.00,32.99,25.37	25:A100,44.90,100.00,11.47,25.36	30:A100,41.10,100.00,12.62, 5.93	35:A100,42.40,100.00,18.93,18.54	40:A100,47.00,100.00,38.71,20.27	45:A100,40.80,100.00,31.21,16.77	
0:A100,42.50,100.00, 2.68,17.04	5:A100,42.60,100.00, 6.23, 8.35	10:A100,40.40,100.00, 8.66,10.98	15:A100,43.60,100.00,18.93, 0.74	20:A100,42.10,100.00,32.99,25.37	25:A100,45.40,100.00,11.47,25.36	30:A100,41.60,100.00,12.62, 5.93	35:A100,42.90,100.00,18.93,18.54	40:A100,47.50,100.00,38.71,20.27	45:A100,41.30,100.00,31.21,16.77	
0:A100,43.00,100.00, 2.68,17.04	5:A100,43.10,100.00, 6.23, 8.35	10:A100,40.90,100.00, 8.66,10.98	15:B220,44.70,100.00,202.70, 0.74	20:A100,42.60,100.00,32.99,25.37	25:A100,45.90,100.00,11.47,25.36	30:A100,42.10,100.00,12.62, 5.93	35:A100,43.40,100.00,18.93,18.54	40:A100,48.00,100.00,38.71,20.27	45:B000,41.30,100.00, 9.74,16.77	
0:A100,43.50,100.00, 2.68,17.04	5:A100,43.60,100.00, 6.23, 8.35	10:A100,41.40,100.00, 8.66,10.98	15:B000,44.70,100.00,17.44, 0.74	20:A100,43.10,100.00,32.99,25.37	25:A100,46.40,100.00,11.47,25.36	30:A100,42.60,100.00,12.62, 5.93	35:A100,43.90,100.00,18.93,18.54	40:A100,48.50,100.00,38.71,20.27	45:A100,41.80,100.00, 9.74,16.77	
0:A100,44.00,100.00, 2.68,17.04	5:A100,44.10,100.00, 6.23, 8.35	10:A100,41.90,100.00, 8.66,10.98	15:A100,45.20,100.00,17.44, 0.74	20:A100,43.60,100.00,32.99,25.37	25:A100,46.90,100.00,11.47,25.36	30:A100,43.10,100.00,12.62, 5.93	35:A100,44.40,100.00,18.93,18.54	40:A100,49.00,100.00,38.71,20.27	45:A100,42.30,100.00, 9.74,16.77	
0:A100,44.50,100.00, 2.68,17.04	5:A100,44.60,100.00, 6.23, 8.35	10:A100,42.40,100.00, 8.66,10.98	15:A100,45.70,100.00,17.44, 0.74	20:A100,44.10,100.00,32.99,25.37	25:A100,47.40,100.00,11.47,25.36	30:A100,43.60,100.00,12.62, 5.93	35:A100,44.90,100.00,18.93,18.54	40:A100,49.50,100.00,38.71,20.27	45:A100,42.80,100.00, 9.74,16.77	
0:A100,45.00,100.00, 2.68,17.04	5:A100,45.10,100.00, 6.23, 8.35	10:A100,42.90,100.00, 8.66,10.98	15:A100,46.20,100.00,17.44, 0.74	20:A100,44.60,100.00,32.99,25.37	25:A100,47.90,100.00,11.47,25.36	30:A100,44.10,100.00,12.62, 5.93	35:A100,45.40,100.00,18.93,18.54	40:A100,50.00,100.00,38.71,20.27	45:A100,43.30,100.00, 9.74,16.77	
0:A100,45.50,100.00, 2.68,17.04	5:A100,45.60,100.00, 6.23, 8.35	10:A100,43.40,100.00, 8.66,10.98	15:A100,46.70,100.00,17.44, 0.74	20:A100,45.10,100.00,32.99,25.37	25:A100,48.40,100.00,11.47,25.36	30:A100,44.60,100.00,12.62, 5.93	35:A100,45.90,100.00,18.93,18.54	40:A100,50.50,100.00,38.71,20.27	45:A100,43.80,100.00, 9.74,16.77	
0:A100,46.00,100.00, 2.68,17.04	5:A100,46.10,100.00, 6.23, 8.35	10:A100,43.90,100.00, 8.66,10.98	15:A100,47.20,100.00,17.44, 0.74	20:A100,45.60,100.00,32.99,25.37	25:A100,48.90,100.00,11.47,25.36	30:A100,45.10,100.00,12.62, 5.93	35:A100,46.40,100.00,18.93,18.54	40:A100,51.00,100.00,38.71,20.27	45:A100,44.30,100.00, 9.74,16.77	
0:A100,46.50,100.00, 2.68,17.04	5:A100,46.60,100.00, 6.23, 8.35	10:A100,44.40,100.00, 8.66,10.98	15:A100,47.70,100.00,17.44, 0.74	20:A100,46.10,100.00,32.99,25.37	25:A100,49.40,100.00,11.47,25.36	30:A100,45.60,100.00,12.62, 5.93	35:A100,46.90,100.00,18.93,18.54	40:A100,51.50,100.00,38.71,20.27	45:A100,44.80,100.00, 9.74,16.77	
0:A100,47.00,100.00, 2.68,17.04	5:B000,46.60,100.00, 2.47, 8.35	10:A100,44.90,100.00, 8.66,10.98	15:A100,48.20,100.00,17.44, 0.74	20:C000,46.10,100.00,32.99,12.78	25:A100,49.90,100.00,11.47,25.36	30:A100,46.10,100.00,12.62, 5.93	35:A100,47.40,100.00,18.93,18.54	40:A100,52.00,100.00,38.71,20.27	45:A100,45.30,100.00, 9.74,16.77	
0:A100,47.50,100.00, 2.68,17.04	5:A100,47.10,100.00, 2.47, 8.35	10:A100,45.40,100.00, 8.66,10.98	15:A100,48.70,100.00,17.44, 0.74	20:A100,46.60,100.00,32.99,12.78	25:A100,50.40,100.00,11.47,25.36	30:A100,46.60,100.00,12.62, 5.93	35:A100,47.90,100.00,18.93,18.54	40:A100,52.50,100.00,38.71,20.27	45:A100,45.80,100.00, 9.74,16.77	
0:A100,48.00,100.00, 2.68,17.04	5:A100,47.60,100.00, 2.47, 8.35	10:A100,45.90,100.00, 8.66,10.98	15:A100,49.20,100.00,17.44, 0.74	20:A100,47.10,100.00,32.99,12.78	25:A100,50.90,100.00,11.47,25.36	30:A100,47.10,100.00,12.62, 5.93	35:A100,48.40,100.00,18.93,18.54	40:A100,53.00,100.00,38.71,20.27	45:A100,46.30,100.00, 9.74,16.77	
0:A100,48.50,100.00, 2.68,17.04	5:A100,48.10,100.00, 2.47, 8.35	10:A100,46.40,100.00, 8.66,10.98	15:A100,49.70,100.00,17.44, 0.74	20:A100,47.60,100.00,32.99,12.78	25:A100,51.40,100.00,11.47,25.36	30:A100,47.60,100.00,12.62, 5.93	35:A100,48.90,100.00,18.93,18.54	40:A100,53.50,100.00,38.71,20.27	45:A100,46.80,100.00, 9.74,16.77	
0:A100,49.00,100.00, 2.68,17.04	5:A100,48.60,100.00, 2.47, 8.35	10:A100,46.90,100.00, 8.66,10.98	15:A100,50.20,100.00,17.44, 0.74	20:A100,48.10,100.00,32.99,12.78	25:A100,51.90,100.00,11.47,25.36	30:A100,48.10,100.00,12.62, 5.93	35:A100,49.40,100.00,18.93,18.54	40:A100,54.00,100.00,38.71,20.27	45:A100,47.30,100.00, 9.74,16.77	
0:A100,49.50,100.00, 2.68,17.04	5:A100,49.10,100.00, 2.47, 8.35	10:A100,47.40,100.00, 8.66,10.98	15:A100,50.70,100.00,17.44, 0.74	20:A100,48.60,100.00,32.99,12.78	25:A100,52.40,100.00,11.47,25.36	30:C000,48.10,100.00,12.62, 0.35	35:A100,49.90,100.00,18.93,18.54	40:A100,54.50,100.00,38.71,20.27	45:A100,47.80,100.00, 9.74,16.77	
0:A100,50.00,100.00, 2.68,17.04	5:A100,49.60,100.00, 2.47, 8.35	10:A100,47.90,100.00, 8.66,10.98	15:A100,51.20,100.00,17.44, 0.74	20:A100,49.10,100.00,32.99,12.78	25:A100,52.90,100.00,11.47,25.36	30:A100,48.60,100.00,12.62, 0.35	35:A100,50.40,100.00,18.93,18.54	40:A100,55.00,100.00,38.71,20.27	45:A100,48.30,100.00, 9.74,16.77	
0:A100,50.50,100.00, 2.68,17.04	5:A100,50.10,100.00, 2.47, 8.35	10:A100,48.40,100.00, 8.66,10.98	15:A100,51.70,100.00,17.44, 0.74	20:A100,49.60,100.00,32.99,12.78	25:A100,53.40,100.00,11.47,25.36	30:A100,49.10,100.00,12.62, 0.35	35:A100,50.90,100.00,18.93,18.54	40:A100,55.50,100.00,38.71,20.27	45:A100,48.80,100.00, 9.74,16.77	
0:A100,51.00,100.00, 2.68,17.04	5:A100,50.60,100.00, 2.47, 8.35	10:C180,49.30,100.00, 8.66,105.22	15:A100,52.20,100.00,17.44, 0.74	20:A100,50.10,100.00,32.99,12.78	25:A100,53.90,100.00,11.47,25.36	30:A100,49.60,100.00,12.62, 0.35	35:A100,51.40,100.00,18.93,18.54	40:A100,56.00,100.00,38.71,20.27	45:A100,49.30,100.00, 9.74,16.77	
0:A100,51.50,100.00, 2.68,17.04	5:A100,51.10,100.00, 2.47, 8.35	10:A100,49.80,100.00, 8.66,105.22	15:A100,52.70,100.00,17.44, 0.74	20:A100,50.60,100.00,32.99,12.78	25:A100,54.40,100.00,11.47,25.36	30:A100,50.10,100.00,12.62, 0.35	35:A100,51.90,100.00,18.93,18.54	40:A100,56.50,100.00,38.71,20.27	45:A100,49.80,100.00, 9.74,16.77	
0:C180,52.40,100.00, 2.68,121.74	5:A100,51.60,100.00, 2.47, 8.35	10:C000,49.80,100.00, 8.66,46.55	15:A100,53.20,100.00,17.44, 0.74	20:B000,50.60,100.00,16.62,12.78	25:A100,54.90,100.00,11.47,25.36	30:A100,50.60,100.00,12.62, 0.35	35:A100,52.40,100.00,18.93,18.54	40:A100,57.00,100.00,38.71,20.27	45:A100,50.30,100.00, 9.74,16.77	
0:C000,52.40,100.00, 2.68,43.52	5:A100,52.10,100.00, 2.47, 8.35	10:A100,50.30,100.00, 8.66,46.55	15:A100,53.70,100.00,17.44, 0.74	20:A100,51.10,100.00,16.62,12.78	25:A100,55.40,100.00,11.47,25.36	30:A100,51.10,100.00,12.62, 0.35	35:A100,52.90,100.00,18.93,18.54	40:A100,57.50,100.00,38.71,20.27	45:A100,50.80,100.00, 9.74,16.77	
0:A100,52.90,100.00, 2.68,43.52	5:A100,52.60,100.00, 2.47, 8.35	10:A100,50.80,100.00, 8.66,46.55	15:A100,54.20,100.00,17.44, 0.74	20:A100,51.60,100.00,16.62,12.78	25:A100,55.90,100.00,11.47,25.36	30:A100,51.60,100.00,12.62, 0.35	35:A100,53.40,100.00,18.93,18.54	40:A100,58.00,100.00,38.71,20.27	45:A100,51.30,100.00, 9.74,16.77	
0:A100,53.40,100.00, 2.68,43.52	5:A100,53.10,100.00, 2.47, 8.35	10:A100,51.30,100.00, 8.66,46.55	15:A100,54.70,100.00,17.44, 0.74	20:A100,52.10,100.00,16.62,12.78	25:A100,56.40,100.00,11.47,25.36	30:A100,52.10,100.00,12.62, 0.35	35:A100,53.90,100.00,18.93,18.54	40:A100,58.50,100.00,38.71,20.27	45:A100,51.80,100.00, 9.74,16.77	
0:A100,53.90,100.00, 2.68,43.52	5:A100,53.60,100.00, 2.47, 8.35	10:A100,51.80,100.00, 8.66,46.55	15:A100,55.20,100.00,17.44, 0.74	20:A100,52.60,100.00,16.62,12.78	25:A100,56.90,100.00,11.47,25.36	30:A100,52.60,100.00,12.62, 0.35	35:A100,54.40,100.00,18.93,18.54	40:A100,59.00,100.00,38.71,20.27	45:A100,52.30,100.00, 9.74,16.77	
0:A100,54.40,100.00, 2.68,43.52	5:A100,54.10,100.00, 2.47, 8.35	10:A100,52.30,100.00, 8.66,46.55	15:A100,55.70,100.00,17.44, 0.74	20:A100,53.10,100.00,16.62,12.78	25:A100,57.40,100.00,11.47,25.36	30:A100,53.10,100.00,12.62, 0.35	35:A100,54.90,100.00,18.93,18.54	40:A100,59.50,100.00,38.71,20.27	45:A100,52.80,100.00, 9.74,16.77	
0:A100,54.90,100.00, 2.68,43.52	5:A100,54.60,100.00, 2.47, 8.35	10:A100,52.80,100.00, 8.66,46.55	15:A100,56.20,100.00,17.44, 0.74	20:A100,53.60,100.00,16.62,12.78	25:A100,57.90,100.00,11.47,25.36	30:A100,53.60,100.00,12.62, 0.35	35:A100,55.40,100.00,18.93,18.54	40:A100,60.00,100.00,38.71,20.27	45:A100,53.30,100.00, 9.74,16.77	
0:A100,55.40,100.00, 2.68,43.52	5:A100,55.10,100.00, 2.47, 8.35	10:A100,53.30,100.00, 8.66,46.55	15:A100,56.70,100.00,17.44, 0.74	20:A100,54.10,100.00,16.62,12.78	25:A100,58.40,100.00,11.47,25.36	30:A100,54.10,100.00,12.62, 0.35	35:A100,55.90,100.00,18.93,18.54	40:A100,60.50,100.00,38.71,20.27	45:A100,53.80,100.00, 9.74,16.77	
0:A100,55.90,100.00, 2.68,43.52	5:A100,55.60,100.00, 2.47, 8.35	10:A100,53.80,100.00, 8.66,46.55	15:A100,57.20,100.00,17.44, 0.74	20:A100,54.60,100.00,16.62,12.78	25:C000,58.40,100.00,11.47, 6.43	30:A100,54.60,100.00,12.62, 0.35	35:A100,56.40,100.00,18.93,18.54	40:A100,61.00,100.00,38.71,20.27	45:A100,54.30,100.00, 9.74,16.77	
0:A100,56.40,100.00, 2.68,43.52	5:A100,56.10,100.00, 2.47, 8.35	10:A100,54.30,100.00, 8.66,46.55	15:A100,57.70,100.00,17.44, 0.74	20:A100,55.10,100.00,16.62,12.78	25:A100,58.90,100.00,11.47, 6.43	30:A100,55.10,100.00,12.62, 0.35	35:A100,56.90,100.00,18.93,18.54	40:B000,61.00,100.00,16.30,20.27	45:A100,54.80,100.00, 9.74,16.77	
0:A100,56.90,100.00, 2.68,43.52	5:A100,56.60,100.00, 2.47, 8.35	10:A100,54.80,100.00, 8.66,46.55	15:A100,58.20,100.00,17.44, 0.74	20:A100,55.60,100.00,16.62,12.78	25:A100,59.40,100.00,11.47, 6.43	30:A100,55.60,100.00,12.62, 0.35	35:A100,57.40,100.00,18.93,18.54	40:A100,61.50,100.00,16.30,20.27	45:A100,55.30,100.00, 9.74,16.77	
0:A100,57.40,100.00, 2.68,43.52	5:A100,57.10,100.00, 2.47, 8.35	10:A100,55.30,100.00, 8.66,46.55	15:A100,58.70,100.00,17.44, 0.74	20:A100,56.10,100.00,16.62,12.78	25:A100,59.90,100.00,11.47, 6.43	30:A100,56.10,100.00,12.62, 0.35	35:A100,57.90,100.00,18.93,18.54	40:A100,62.00,100.00,16.30,20.27	45:A100,55.80,100.00, 9.74,16.77	
0:A100,57.90,100.00, 2.68,43.52	5:A100,57.60,100.00, 2.47, 8.35	10:A100,55.80,100.00, 8.66,46.55	15:A100,59.20,100.00,17.44, 0.74	20:A100,56.60,100.00,16.62,12.78	25:A100,60.40,100.00,11.47, 6.43	30:A100,56.60,100.00,12.62, 0.35	35:A100,58.40,100.00,18.93,18.54	40:C180,62.90,100.00,16.30,112.74	45:A100,56.30,100.00, 9.74,16.77	
0:A100,58.40,100.00, 2.68,43.52	5:A100,58.10,100.00, 2.47, 8.35	10:A100,56.30,100.00, 8.66,46.55	15:A100,59.70,100.00,17.44, 0.74	20:A100,57.10,100.00,16.62,12.78	25:A100,60.90,100.00,11.47, 6.43	30:A100,57.10,100.00,12.62, 0.35	35:A100,58.90,100.00,18.93,18.54	40:A100,63.40,100.00,16.30,112.74	45:A100,56.80,100.00, 9.74,16.77	
0:A100,58.90,100.00, 2.68,43.52	5:A100,58.60,100.00, 2.47, 8.35	10:C000,56.30,100.00, 8.66,20.60	15:A100,60.20,100.00,17.44, 0.74	20:A100,57.60,100.00,16.62,12.78	25:A100,61.40,100.00,11.47, 6.43	30:A100,57.60,100.00,12.62, 0.35	35:A100,59.40,100.00,18.93,18.54	40:A100,63.90,100.00,16.30,112.74	45:A100,57.30,100.00, 9.74,16.77	
0:A100,59.40,100.00, 2.68,43.52	5:A100,59.10,100.00, 2.47, 8.35	10:A100,56.80,100.00, 8.66,20.60	15:A100,60.70,100.00,17.44, 0.74	20:A100,58.10,100.00,16.62,12.78	25:A100,61.90,100.00,11.47, 6.43	30:A100,58.10,100.00,12.62, 0.35	35:A100,59.90,100.00,18.93,18.54	40:C180,64.80,100.00,16.30,151.67	45:C000,57.30,100.00, 9.74, 5.23	
0:A100,59.90,100.00, 2.68,43.52	5:A100,59.60,100.00, 2.47, 8.35	10:A100,57.30,100.00, 8.66,20.60	15:A100,61.20,100.00,17.44, 0.74	20:A100,58.60,100.00,16.62,12.78	25:A100,62.40,100.00,11.47, 6.43	30:A100,58.60,100.00,12.62, 0.35	35:A100,60.40,100.00,18.93,18.54	40:C000,64.80,100.00,16.30,63.87	45:A100,57.80,100.00, 9.74, 5.23	
0:A100,60.40,100.00, 2.68,43.52	5:A100,60.10,100.00, 2.47, 8.35	10:A100,57.80,100.00, 8.66,20.60	15:A100,61.70,100.00,17.44, 0.74	20:A100,59.10,100.00,16.62,12.78	25:A100,62.90,100.00,11.47, 6.43	30:A100,59.10,100.00,12.62, 0.35	35:A100,60.90,100.00,18.93,18.54	40:A100,65.30,100.00,16.30,63.87	45:A100,58.30,100.00, 9.74, 5.23	
0:A100,60.90,100.00, 2.68,43.52	5:A100,60.60,100.00, 2.47, 8.35	10:A100,58.30,100.00, 8.66,20.60	15:A100,62.20,100.00,17.44, 0.74	20:A100,59.60,100.00,16.62,12.78	25:A100,63.40,100.00,11.47, 6.43	30:A100,59.60,100.00,12.62, 0.35	35:A100,61.40,100.00,18.93,18.54	40:A100,65.80,100.00,16.30,63.87	45:A100,58.80,100.00, 9.74, 5.23	
0:A100,61.40,100.00, 2.68,43.52	5:A100,61.10,100.00, 2.47, 8.35	10:A100,58.80,100.00, 8.66,20.60	15:A100,62.70,100.00,17.44, 0.74	20:A100,60.10,100.00,16.62,12.78	25:A100,63.90,100.00,11.47, 6.43	30:A100,60.10,100.00,12.62, 0.35	35:A100,61.90,100.00,18.93,18.54	40:C180,66.70,100.00,16.30,131.10	45:A100,59.30,100.00, 9.74, 5.23	
0:A100,61.90,100.00, 2.68,43.52	5:A100,61.60,100.00, 2.47, 8.35	10:A100,59.30,100.00, 8.66,20.60	15:A100,63.20,100.00,17.44, 0.74	20:A100,60.60,100.00,16.62,12.78	25:A100,64.40,100.00,11.47, 6.43	30:A100,60.60,100.00,12.62, 0.35	35:A100,62.40,100.00,18.93,18.54	40:C000,66.70,100.00,16.30,55.21	45:A100,59.80,100.00, 9.74, 5.23	
0:A100,62.40,100.00, 2.68,43.52	5:A100,62.10,100.00, 2.47, 8.35	10:A100,59.80,100.00, 8.66,20.60	15:A100,63.70,100.00,17.44, 0.74	20:A100,61.10,100.00,16.62,12.78	25:A100,64.90,100.00,11.47, 6.43	30:A100,61.10,100.00,12.62, 0.35	35:A100,62.90,100.00,18.93,18.54	40:A100,67.20,100.00,16.30,55.21	45:A100,60.30,100.00, 9.74, 5.23	
0:A100,62.90,100.00, 2.68,43.52	5:A100,62.60,100.00, 2.47, 8.35	10:A100,60.30,100.00, 8.66,20.60	15:A100,64.20,100.00,17.44, 0.74	20:A100,61.60,100.00,16.62,12.78	25:A100,65.40,100.00,11.47, 6.43	30:A100,61.60,100.00,12.62, 0.35	35:A100,63.40,100.00,18.93,18.54	40:C000,67.20,100.00,16.30,23.25	45:A100,60.80,100.00, 9.74, 5.23	
0:A100,63.40,100.00, 2.68,43.52	5:A100,63.10,100.00, 2.47, 8.35	10:A100,60.80,100.00, 8.66,20.60	15:A100,64.70,100.00,17.44, 0.74	20:A100,62.10,100.00,16.62,12.78	25:A100,65.90,100.00,11.47, 6.43	30:A100,62.10,100.00,12.62, 0.35	35:A100,63.90,100.00,18.93,18.54	40:B220,68.30,100.00,134.22,23.25	45:A100,61.30,100.00, 9.74, 5.23	
0:C180,64.30,100.00, 2.68,131.21	5:A100,63.60,100.00, 2.47, 8.35	10:A100,61.30,100.00, 8.66,20.60	15:A100,65.20,100.00,17.44, 0.74	20:A100,62.60,100.00,16.62,12.78	25:A100,66.40,100.00,11.47, 6.43	30:A100,62.60,100.00,12.62, 0.35	35:A100,64.40,100.00,18.93,18.54	40:B000,68.30,100.00,56.52,23.25	45:A100,61.80,100.00, 9.74, 5.23	
0:C000,64.30,100.00, 2.68,46.91	5:A100,64.10,100.00, 2.47, 8.35	10:A100,61.80,100.00, 8.66,20.60	15:A100,65.70,100.00,17.44, 0.74	20:A100,63.10,100.00,16.62,12.78	25:A100,66.90,100.00,11.47, 6.43	30:A100,63.10,100.00,12.62, 0.35	35:A100,64.90,100.00,18.93,18.54	40:A100,68.80,100.00,56.52,23.25	45:A100,62.30,100.00, 9.74, 5.23	
0:A100,64.80,100.00, 2.68,46.91	5:C180,65.00,100.00, 2.47,111.95	10:A100,62.30,100.00, 8.66,20.60	15:A100,66.20,100.00,17.44, 0.74	20:A100,63.60,100.00,16.62,12.78	25:A100,67.40,100.00,11.47, 6.43	30:A100,63.60,100.00,12.62, 0.35	35:A100,65.40,100.00,18.93,18.54	40:A100,69.30,100.00,56.52,23.25	45:A100,62.80,100.00, 9.74, 5.23	
0:A100,65.30,100.00, 2.68,46.91	5:C180,65.90,100.00, 2.47,153.02	10:A100,62.80,100.00, 8.66,20.60	15:A100,66.70,100.00,17.44, 0.74	20:A100,64.10,100.00,16.62,12.78	25:A100,67.90,100.00,11.47, 6.43	30:A100,64.10,100.00,12.62, 0.35	35:A100,65.90,100.00,18.93,18.54	40:A100,69.80,100.00,56.52,23.25	45:A100,63.30,100.00, 9.74, 5.23	
0:A100,65.80,100.00, 2.68,46.91	5:C000,65.90,100.00, 2.47,60.67	10:A100,63.30,100.00, 8.66,20.60	15:A100,67.20,100.00,17.44, 0.74	20:A100,64.60,100.00,16.62,12.78	25:A100,68.40,100.00,11.47, 6.43	30:A100,64.60,100.00,12.62, 0.35	35:A100,66.40,100.00,18.93,18.54	40:A100,70.30,100.00,56.52,23.25	45:A100,63.80,100.00, 9.74, 5.23	
0:A100,66.30,100.00, 2.68,46.91	5:A100,66.40,100.00, 2.47,60.67	10:A100,63.80,100.00, 8.66,20.60	15:A100,67.70,100.00,17.44, 0.74	20:A100,65.10,100.00,16.62,12.78	25:A100,68.90,100.00,11.47, 6.43	30:A100,65.10,100.00,12.62, 0.35	35:A100,66.90,100.00,18.93,18.54	40:A100,70.80,100.00,56.52,23.25	45:A100,64.30,100.00, 9.74, 5.23	
0:A100,66.80,100.00, 2.68,46.91	5:A100,66.90,100.00, 2.47,60.67	10:A100,64.30,100.00, 8.66,20.60	15:A100,68.20,100.00,17.44, 0.74	20:A100,65.60,100.00,16.62,12.78	25:A100,69.40,100.00,11.47, 6.43	30:A100,65.60,100.00,12.62, 0.35	35:A100,67.40,100.00,18.93,18.54	40:A100,71.30,100.00,56.52,23.25	45:A100,64.80,100.00, 9.74, 5.23	
0:A100,67.30,100.00, 2.68,46.91	5:C180,67.80,100.00, 2.47,132.69	10:A100,64.80,100.00, 8.66,20.60	15:A100,68.70,100.00,17.44, 0.74	20:A100,66.10,100.00,16.62,12.78	25:A100,69.90,100.00,11.47, 6.43	30:A100,66.10,100.00,12.62, 0.35	35:A100,67.90,100.00,18.93,18.54	40:A100,71.80,100.00,56.52,23.25	45:C180,65.70,100.00, 9.74,125.46	
0:A100,67.80,100.00, 2.68,46.91	5:C000,67.80,100.00, 2.47,52.61	10:A100,65.30,100.00, 8.66,20.60	15:A100,69.20,100.00,17.44, 0.74	20:A100,66.60,100.00,16.62,12.78	25:A100,70.40,100.00,11.47, 6.43	30:A100,66.60,100.00,12.62, 0.35	35:A100,68.40,100.00,18.93,18.54	40:A100,72.30,100.00,56.52,23.25	45:C000,65.70,100.00, 9.74,39.15	
0:A100,68.30,100.00, 2.68,46.91	5:A100,68.30,100.00, 2.47,52.61	10:A100,65.80,100.00, 8.66,20.60	15:A100,69.70,100.00,17.44, 0.74	20:A100,67.10,100.00,16.62,12.78	25:A100,70.90,100.00,11.47, 6.43	30:A100,67.10,100.00,12.62, 0.35	35:A100,68.90,100.00,18.93,18.54	40:A100,72.80,100.00,56.52,23.25	45:A100,66.20,100.00, 9.74,39.15	
0:A100,68.80,100.00, 2.68,46.91	5:A100,68.80,100.00, 2.47,52.61	10:A100,66.30,100.00, 8.66,20.60	15:A100,70.20,100.00,17.44, 0.74	20:A100,67.60,100.00,16.62,12.78	25:B220,72.00,100.00,167.11, 6.43	30:A100,67.60,100.00,12.62, 0.35	35:A100,69.40,100.00,18.93,18.54	40:A100,73.30,100.00,56.52,23.25	45:A100,66.70,100.00, 9.74,39.15	
0:A100,69.30,100.00, 2.68,46.91	5:A100,69.30,100.00, 2.47,52.61	10:A100,66.80,100.00, 8.66,20.60	15:A100,70.70,100.00,17.44, 0.74	20:A100,68.10,100.00,16.62,12.78	25:B000,72.00,100.00,42.38, 6.43	30:A100,68.10,100.00,12.62, 0.35	35:A100,69.90,100.00,18.93,18.54	40:A100,73.80,100.00,56.52,23.25	45:A100,67.20,100.00, 9.74,39.15	
0:A100,69.80,100.00, 2.68,46.91	5:C180,70.20,100.00, 2.47,129.49	10:A100,67.30,100.00, 8.66,20.60	15:A100,71.20,100.00,17.44, 0.74	20:A100,68.60,100.00,16.62,12.78	25:A100,72.50,100.00,42.38, 6.43	30:A100,68.60,100.00,12.62, 0.35	35:A100,70.40,100.00,18.93,18.54	40:A100,74.30,100.00,56.52,23.25	45:A100,67.70,100.00, 9.74,39.15	
0:C180,70.70,100.00, 2.68,132.42	5:C000,70.20,100.00, 2.47,51.34	10:A100,67.80,100.00, 8.66,20.60	15:A100,71.70,100.00,17.44, 0.74	20:A100,69.10,100.00,16.62,12.78	25:A100,73.00,100.00,42.38, 6.43	30:A100,69.10,100.00,12.62, 0.35	35:A100,70.90,100.00,18.93,18.54	40:A100,74.80,100.00,56.52,23.25	45:A100,68.20,100.00, 9.74,39.15	
0:C000,70.70,100.00, 2.68,47.34	5:A100,70.70,100.00, 2.47,51.34	10:A100,68.30,100.00, 8.66,20.60	15:A100,72.20,100.00,17.44, 0.74	20:A100,69.60,100.00,16.62,12.78	25:B000,73.00,100.00,10.75, 6.43	30:A100,69.60,100.00,12.62, 0.35	35:A100,71.40,100.00,18.93,18.54	40:A100,75.30,100.00,56.52,23.25	45:A100,68.70,100.00, 9.74,39.15	
0:A100,71.20,100.00, 2.68,47.34	5:A100,71.20,100.00, 2.47,51.34	10:A100,68.80,100.00, 8.66,20.60	15:A100,72.70,100.00,17.44, 0.74	20:A100,70.10,100.00,16.62,12.78	25:A100,73.50,100.00,10.75, 6.43	30:A100,70.10,100.00,12.62, 0.35	35:B000,71.40,100.00, 6.33,18.54	40:B220,76.40,100.00,151.16,23.25	45:A100,69.20,100.00, 9.74,39.15	
0:A100,71.70,100.00, 2.68,47.34	5:C180,72.10,100.00, 2.47,128.99	10:A100,69.30,100.00, 8.66,20.60	15:A100,73.20,100.00,17.44, 0.74	20:A100,70.60,100.00,16.62,12.78	25:A100,74.00,100.00,10.75, 6.43	30:A100,70.60,100.00,12.62, 0.35	35:A100,71.90,100.00, 6.33,18.54	40:B000,76.40,100.00,63.65,23.25	45:A100,69.70,100.00, 9.74,39.15	
0:A100,72.20,100.00, 2.68,47.34	5:C000,72.10,100.00, 2.47,51.14	10:A100,69.80,100.00, 8.66,20.60	15:A100,73.70,100.00,17.44, 0.74	20:A100,71.10,100.00,16.62,12.78	25:A100,74.50,100.00,10.75, 6.43	30:A100,71.10,100.00,12.62, 0.35	35:A100,72.40,100.00, 6.33,18.54	40:A100,76.90,100.00,63.65,23.25	45:A100,70.20,100.00, 9.74,39.15	
0:A100,72.70,100.00, 2.68,47.34	5:A100,72.60,100.00, 2.47,51.14	10:A100,70.30,100.00, 8.66,20.60	15:A100,74.20,100.00,17.44, 0.74	20:A100,71.60,100.00,16.62,12.78	25:A100,75.00,100.00,10.75, 6.43	30:A100,71.60,100.00,12.62, 0.35	35:A100,72.90,100.00, 6.33,18.54	40:A100,77.40,100.00,63.65,23.25	45:A100,70.70,100.00, 9.74,39.15	
0:A100,73.20,100.00, 2.68,47.34	5:A100,73.10,100.00, 2.47,51.14	10:A100,70.80,100.00, 8.66,20.60	15:A100,74.70,100.00,17.44, 0.74	20:A100,72.10,100.00,16.62,12.78	25:A100,75.50,100.00,10.75, 6.43	30:A100,72.10,100.00,12.62, 0.35	35:A100,73.40,100.00, 6.33,18.54	40:A100,77.90,100.00,63.65,23.25	45:A100,71.20,100.00, 9.74,39.15	
0:A100,73.70,100.00, 2.68,47.34	5:A100,73.60,100.00, 2.47,51.14	10:A100,71.30,100.00, 8.66,20.60	15:A100,75.20,100.00,17.44, 0.74	20:A100,72.60,100.00,16.62,12.78	25:A100,76.00,100.00,10.75, 6.43	30:A100,72.60,100.00,12.62, 0.35	35:A100,73.90,100.00, 6.33,18.54	40:B000,77.90,100.00,26.81,23.25	45:A100,71.70,100.00, 9.74,39.15	
0:A100,74.20,100.00, 2.68,47.34	5:A100,74.10,100.00, 2.47,51.14	10:A100,71.80,100.00, 8.66,20.60	15:A100,75.70,100.00,17.44, 0.74	20:A100,73.10,100.00,16.62,12.78	25:A100,76.50,100.00,10.75, 6.43	30:A100,73.10,100.00,12.62, 0.35	35:A100,74.40,100.00, 6.33,18.54	40:A100,78.40,100.00,26.81,23.25	45:A100,72.20,100.00, 9.74,39.15	
0:A100,74.70,100.00, 2.68,47.34	5:A100,74.60,100.00, 2.47,51.14	10:A100,72.30,100.00, 8.66,20.60	15:A100,76.20,100.00,17.44, 0.74	20:A100,73.60,100.00,16.62,12.78	25:A100,77.00,100.00,10.75, 6.43	30:A100,73.60,100.00,12.62, 0.35	35:A100,74.90,100.00, 6.33,18.54	40:A100,78.90,100.00,26.81,23.25	45:B000,72.20,100.00, 3.04,39.15	
0:A100,75.20,100.00, 2.68,47.34	5:A100,75.10,100.00, 2.47,51.14	10:A100,72.80,100.00, 8.66,20.60	15:A100,76.70,100.00,17.44, 0.74	20:A100,74.10,100.00,16.62,12.78	25:A100,77.50,100.00,10.75, 6.43	30:A100,74.10,100.00,12.62, 0.35	35:A100,75.40,100.00, 6.33,18.54	40:A100,79.40,100.00,26.81,23.25	45:A100,72.70,100.00, 3.04,39.15	
0:A100,75.70,100.00, 2.68,47.34	5:A100,75.60,100.00, 2.47,51.14	10:A100,73.30,100.00, 8.66,20.60	15:A100,77.20,100.00,17.44, 0.74	20:A100,74.60,100.00,16.62,12.78	25:A100,78.00,100.00,10.75, 6.43	30:A100,74.60,100.00,12.62, 0.35	35:A100,75.90,100.00, 6.33,18.54	40:A100,79.90,100.00,26.81,23.25	45:A100,73.20,100.00, 3.04,39.15	
0:A100,76.20,100.00, 2.68,47.34	5:C000,75.60,100.00, 2.47,20.27	10:C000,73.30,100.00, 8.66, 9.11	15:A100,77.70,100.00,17.44, 0.74	20:A100,75.10,100.00,16.62,12.78	25:A100,78.50,100.00,10.75, 6.43	30:A100,75.10,100.00,12.62, 0.35	35:A100,76.40,100.00, 6.33,18.54	40:A100,80.40,100.00,26.81,23.25	45:A100,73.70,100.00, 3.04,39.15	
0:A100,76.70,100.00, 2.68,47.34	5:A100,76.10,100.00, 2.47,20.27	10:A100,73.80,100.00, 8.66, 9.11	15:A100,78.20,100.00,17.44, 0.74	20:A100,75.60,100.00,16.62,12.78	25:A100,79.00,100.00,10.75, 6.43	30:A100,75.60,100.00,12.62, 0.35	35:A100,76.90,100.00, 6.33,18.54	40:A100,80.90,100.00,26.81,23.25	45:A100,74.20,100.00, 3.04,39.15	
0:A100,77.20,100.00, 2.68,47.34	5:A100,76.60,100.00, 2.47,20.27	10:A100,74.30,100.00, 8.66, 9.11	15:A100,78.70,100.00,17.44, 0.74	20:A100,76.10,100.00,16.62,12.78	25:A100,79.50,100.00,10.75, 6.43	30:A100,76.10,100.00,12.62, 0.35	35:A100,77.40,100.00, 6.33,18.54	40:A100,81.40,100.00,26.81,23.25	45:A100,74.70,100.00, 3.04,39.15	
0:C000,77.20,100.00, 2.68,16.92	5:A100,77.10,100.00, 2.47,20.27	10:A100,74.80,100.00, 8.66, 9.11	15:A100,79.20,100.00,17.44, 0.74	20:A100,76.60,100.00,16.62,12.78	25:A100,80.00,100.00,10.75, 6.43	30:A100,76.60,100.00,12.62, 0.35	35:A100,77.90,100.00, 6.33,18.54	40:A100,81.90,100.00,26.81,23.25	45:A100,75.20,100.00, 3.04,39.15	
0:A100,77.70,100.00, 2.68,16.92	5:C180,78.00,100.00, 2.47,116.68	10:A100,75.30,100.00, 8.66, 9.11	15:A100,79.70,100.00,17.44, 0.74	20:A100,77.10,100.00,16.62,12.78	25:A100,80.50,100.00,10.75, 6.43	30:A100,77.10,100.00,12.62, 0.35	35:A100,78.40,100.00, 6.33,18.54	40:A100,82.40,100.00,26.81,23.25	45:A100,75.70,100.00, 3.04,39.15	
0:A100,78.20,100.00, 2.68,16.92	5:C180,78.90,100.00, 2.47,154.90	10:A100,75.80,100.00, 8.66, 9.11	15:A100,80.20,100.00,17.44, 0.74	20:A100,77.60,100.00,16.62,12.78	25:A100,81.00,100.00,10.75, 6.43	30:A100,77.60,100.00,12.62, 0.35	35:A100,78.90,100.00, 6.33,18.54	40:A100,82.90,100.00,26.81,23.25	45:A100,76.20,100.00, 3.04,39.15	
0:A100,78.70,100.00, 2.68,16.92	5:C000,78.90,100.00, 2.47,61.41	10:A100,76.30,100.00, 8.66, 9.11	15:A100,80.70,100.00,17.44, 0.74	20:A100,78.10,100.00,16.62,12.78	25:A100,81.50,100.00,10.75, 6.43	30:A100,78.10,100.00,12.62, 0.35	35:A100,79.40,100.00, 6.33,18.54	40:A100,83.40,100.00,26.81,23.25	45:A100,76.70,100.00, 3.04,39.15	
0:A100,79.20,100.00, 2.68,16.92	5:A100,79.40,100.00, 2.47,61.41	10:A100,76.80,100.00, 8.66, 9.11	15:A100,81.20,100.00,17.44, 0.74	20:A100,78.60,100.00,16.62,12.78	25:A100,82.00,100.00,10.75, 6.43	30:A100,78.60,100.00,12.62, 0.35	35:C000,79.40,100.00, 6.33, 6.20	40:A100,83.90,100.00,26.81,23.25	45:A100,77.20,100.00, 3.04,39.15	
0:A100,79.70,100.00, 2.68,16.92	5:A100,79.90,100.00, 2.47,61.41	10:A100,77.30,100.00, 8.66, 9.11	15:A100,81.70,100.00,17.44, 0.74	20:A100,79.10,100.00,16.62,12.78	25:A100,82.50,100.00,10.75, 6.43	30:A100,79.10,100.00,12.62, 0.35	35:A100,79.90,100.00, 6.33, 6.20	40:A100,84.40,100.00,26.81,23.25	45:A100,77.70,100.00, 3.04,39.15	
0:A100,80.20,100.00, 2.68,16.92	5:C000,79.90,100.00, 2.47,24.35	10:A100,77.80,100.00, 8.66, 9.11	15:A100,82.20,100.00,17.44, 0.74	20:B000,79.10,100.00, 8.37,12.78	25:A100,83.00,100.00,10.75, 6.43	30:A100,79.60,100.00,12.62, 0.35	35:A100,80.40,100.00, 6.33, 6.20	40:A100,84.90,100.00,26.81,23.25	45:A100,78.20,100.00, 3.04,39.15	
0:A100,80.70,100.00, 2.68,16.92	5:A100,80.40,100.00, 2.47,24.35	10:A100,78.30,100.00, 8.66, 9.11	15:A100,82.70,100.00,17.44, 0.74	20:A100,79.60,100.00, 8.37,12.78	25:A100,83.50,100.00,10.75, 6.43	30:A100,80.10,100.00,12.62, 0.35	35:A100,80.90,100.00, 6.33, 6.20	40:A100,85.40,100.00,26.81,23.25	45:A100,78.70,100.00, 3.04,39.15	
0:A100,81.20,100.00, 2.68,16.92	5:A100,80.90,100.00, 2.47,24.35	10:A100,78.80,100.00, 8.66, 9.11	15:A100,83.20,100.00,17.44, 0.74	20:A100,80.10,100.00, 8.37,12.78	25:A100,84.00,100.00,10.75, 6.43	30:A100,80.60,100.00,12.62, 0.35	35:A100,81.40,100.00, 6.33, 6.20	40:A100,85.90,100.00,26.81,23.25	45:A100,79.20,100.00, 3.04,39.15	
0:A100,81.70,100.00, 2.68,16.92	5:A100,81.40,100.00, 2.47,24.35	10:A100,79.30,100.00, 8.66, 9.11	15:A100,83.70,100.00,17.44, 0.74	20:A100,80.60,100.00, 8.37,12.78	25:B220,85.10,100.00,166.93, 6.43	30:A100,81.10,100.00,12.62, 0.35	35:A100,81.90,100.00, 6.33, 6.20	40:C180,86.80,100.00,26.81,113.99	45:A100,79.70,100.00, 3.04,39.15	
0:A100,82.20,100.00, 2.68,16.92	5:A100,81.90,100.00, 2.47,24.35	10:A100,79.80,100.00, 8.66, 9.11	15:A100,84.20,100.00,17.44, 0.74	20:A100,81.10,100.00, 8.37,12.78	25:B220,86.20,100.00,206.54, 6.43	30:A100,81.60,100.00,12.62, 0.35	35:A100,82.40,100.00, 6.33, 6.20	40:A100,87.30,100.00,26.81,113.99	45:A100,80.20,100.00, 3.04,39.15	
0:A100,82.70,100.00, 2.68,16.92	5:A100,82.40,100.00, 2.47,24.35	10:A100,80.30,100.00, 8.66, 9.11	15:A100,84.70,100.00,17.44, 0.74	20:A100,81.60,100.00, 8.37,12.78	25:B220,87.30,100.00,216.59, 6.43	30:A100,82.10,100.00,12.62, 0.35	35:A100,82.90,100.00, 6.33, 6.20	40:C180,88.20,100.00,26.81,152.20	45:A100,80.70,100.00, 3.04,39.15	
0:A100,83.20,100.00, 2.68,16.92	5:A100,82.90,100.00, 2.47,24.35	10:A100,80.80,100.00, 8.66, 9.11	15:A100,85.20,100.00,17.44, 0.74	20:A100,82.10,100.00, 8.37,12.78	25:B000,87.30,100.00,54.93, 6.43	30:A100,82.60,100.00,12.62, 0.35	35:A100,83.40,100.00, 6.33, 6.20	40:C000,88.20,100.00,26.81,64.09	45:A100,81.20,100.00, 3.04,39.15	
0:A100,83.70,100.00, 2.68,16.92	5:A100,83.40,100.00, 2.47,24.35	10:A100,81.30,100.00, 8.66, 9.11	15:A100,85.70,100.00,17.44, 0.74	20:A100,82.60,100.00, 8.37,12.78	25:A100,87.80,100.00,54.93, 6.43	30:A100,83.10,100.00,12.62, 0.35	35:A100,83.90,100.00, 6.33, 6.20	40:A100,88.70,100.00,26.81,64.09	45:A100,81.70,100.00, 3.04,39.15	
0:A100,84.20,100.00, 2.68,16.92	5:A100,83.90,100.00, 2.47,24.35	10:A100,81.80,100.00, 8.66, 9.11	15:A100,86.20,100.00,17.44, 0.74	20:A100,83.10,100.00, 8.37,12.78	25:A100,88.30,100.00,54.93, 6.43	30:A100,83.60,100.00,12.62, 0.35	35:A100,84.40,100.00, 6.33, 6.20	40:A100,89.20,100.00,26.81,64.09	45:A100,82.20,100.00, 3.04,39.15	
0:A100,84.70,100.00, 2.68,16.92	5:A100,84.40,100.00, 2.47,24.35	10:A100,82.30,100.00, 8.66, 9.11	15:A100,86.70,100.00,17.44, 0.74	20:A100,83.60,100.00, 8.37,12.78	25:A100,88.80,100.00,54.93, 6.43	30:A100,84.10,100.00,12.62, 0.35	35:A100,84.90,100.00, 6.33, 6.20	40:A100,89.70,100.00,26.81,64.09	45:A100,82.70,100.00, 3.04,39.15	
0:A100,85.20,100.00, 2.68,16.92	5:A100,84.90,100.00, 2.47,24.35	10:A100,82.80,100.00, 8.66, 9.11	15:A100,87.20,100.00,17.44, 0.74	20:A100,84.10,100.00, 8.37,12.78	25:A100,89.30,100.00,54.93, 6.43	30:A100,84.60,100.00,12.62, 0.35	35:A100,85.40,100.00, 6.33, 6.20	40:A100,90.20,100.00,26.81,64.09	45:A100,83.20,100.00, 3.04,39.15	
0:A100,85.70,100.00, 2.68,16.92	5:A100,85.40,100.00, 2.47,24.35	10:A100,83.30,100.00, 8.66, 9.11	15:A100,87.70,100.00,17.44, 0.74	20:A100,84.60,100.00, 8.37,12.78	25:A100,89.80,100.00,54.93, 6.43	30:A100,85.10,100.00,12.62, 0.35	35:A100,85.90,100.00, 6.33, 6.20	40:C180,91.10,100.00,26.81,131.19	45:A100,83.70,100.00, 3.04,39.15	
0:A100,86.20,100.00, 2.68,16.92	5:A100,85.90,100.00, 2.47,24.35	10:A100,83.80,100.00, 8.66, 9.11	15:A100,88.20,100.00,17.44, 0.74	20:A100,85.10,100.