each row consists of groups of data for each agent, in form:	agentNum:choice,fitness,[expA,expB,expC]where choice has letter of choice and number for reward received
each column consists of every trial for the same agent.
this entire file is from Generation 200

0:B000,00.00,[100.00,28.98,100.00]	5:A100,00.50,[100.00,100.00,100.00]	10:C000,00.00,[100.00,100.00,24.01]	15:C180,00.90,[100.00,100.00,170.59]	20:C000,00.00,[100.00,100.00,07.18]	25:B220,01.10,[100.00,196.27,100.00]	30:B000,00.00,[100.00,14.34,100.00]	35:B220,01.10,[100.00,205.02,100.00]	40:C180,00.90,[100.00,100.00,176.76]	45:A100,00.50,[100.00,100.00,100.00]	
0:A100,00.50,[100.00,28.98,100.00]	5:B220,01.60,[100.00,209.00,100.00]	10:A100,00.50,[100.00,100.00,24.01]	15:C180,01.80,[100.00,100.00,178.89]	20:B220,01.10,[100.00,211.38,07.18]	25:B000,01.10,[100.00,38.82,100.00]	30:B220,01.10,[100.00,190.50,100.00]	35:B000,01.10,[100.00,25.60,100.00]	40:C000,00.90,[100.00,100.00,07.15]	45:A100,01.00,[100.00,100.00,100.00]	
0:A100,01.00,[100.00,28.98,100.00]	5:B220,02.70,[100.00,218.99,100.00]	10:A100,01.00,[100.00,100.00,24.01]	15:B000,01.80,[100.00,11.76,178.89]	20:B000,01.10,[100.00,15.18,07.18]	25:C000,01.10,[100.00,38.82,19.78]	30:B000,01.10,[100.00,27.32,100.00]	35:A100,01.60,[100.00,25.60,100.00]	40:B000,00.90,[100.00,04.05,07.15]	45:C180,01.90,[100.00,100.00,170.51]	
0:C000,01.00,[100.00,28.98,28.98]	5:B000,02.70,[100.00,20.07,100.00]	10:B000,01.00,[100.00,24.01,24.01]	15:C180,02.70,[100.00,11.76,179.87]	20:A100,01.60,[100.00,15.18,07.18]	25:A100,01.60,[100.00,38.82,19.78]	30:C180,02.00,[100.00,27.32,168.53]	35:A100,02.10,[100.00,25.60,100.00]	40:A100,01.40,[100.00,04.05,07.15]	45:C000,01.90,[100.00,100.00,20.23]	
0:A100,01.50,[100.00,28.98,28.98]	5:B000,02.70,[100.00,01.84,100.00]	10:A100,01.50,[100.00,24.01,24.01]	15:C180,03.60,[100.00,11.76,179.98]	20:A100,02.10,[100.00,15.18,07.18]	25:A100,02.10,[100.00,38.82,19.78]	30:C000,02.00,[100.00,27.32,24.17]	35:C180,03.00,[100.00,25.60,170.01]	40:A100,01.90,[100.00,04.05,07.15]	45:A100,02.40,[100.00,100.00,20.23]	
0:A100,02.00,[100.00,28.98,28.98]	5:C000,02.70,[100.00,01.84,09.17]	10:A100,02.00,[100.00,24.01,24.01]	15:C000,03.60,[100.00,11.76,21.16]	20:A100,02.60,[100.00,15.18,07.18]	25:A100,02.60,[100.00,38.82,19.78]	30:A100,02.50,[100.00,27.32,24.17]	35:C180,03.90,[100.00,25.60,178.75]	40:A100,02.40,[100.00,04.05,07.15]	45:B220,03.50,[100.00,205.76,20.23]	
0:A100,02.50,[100.00,28.98,28.98]	5:A100,03.20,[100.00,01.84,09.17]	10:A100,02.50,[100.00,24.01,24.01]	15:A100,04.10,[100.00,11.76,21.16]	20:A100,03.10,[100.00,15.18,07.18]	25:A100,03.10,[100.00,38.82,19.78]	30:A100,03.00,[100.00,27.32,24.17]	35:C000,03.90,[100.00,25.60,22.32]	40:A100,02.90,[100.00,04.05,07.15]	45:B000,03.50,[100.00,24.42,20.23]	
0:A100,03.00,[100.00,28.98,28.98]	5:A100,03.70,[100.00,01.84,09.17]	10:A100,03.00,[100.00,24.01,24.01]	15:A100,04.60,[100.00,11.76,21.16]	20:A100,03.60,[100.00,15.18,07.18]	25:A100,03.60,[100.00,38.82,19.78]	30:A100,03.50,[100.00,27.32,24.17]	35:A100,04.40,[100.00,25.60,22.32]	40:A100,03.40,[100.00,04.05,07.15]	45:A100,04.00,[100.00,24.42,20.23]	
0:A100,03.50,[100.00,28.98,28.98]	5:A100,04.20,[100.00,01.84,09.17]	10:A100,03.50,[100.00,24.01,24.01]	15:A100,05.10,[100.00,11.76,21.16]	20:A100,04.10,[100.00,15.18,07.18]	25:A100,04.10,[100.00,38.82,19.78]	30:A100,04.00,[100.00,27.32,24.17]	35:A100,04.90,[100.00,25.60,22.32]	40:A100,03.90,[100.00,04.05,07.15]	45:A100,04.50,[100.00,24.42,20.23]	
0:A100,04.00,[100.00,28.98,28.98]	5:A100,04.70,[100.00,01.84,09.17]	10:A100,04.00,[100.00,24.01,24.01]	15:A100,05.60,[100.00,11.76,21.16]	20:A100,04.60,[100.00,15.18,07.18]	25:A100,04.60,[100.00,38.82,19.78]	30:A100,04.50,[100.00,27.32,24.17]	35:A100,05.40,[100.00,25.60,22.32]	40:A100,04.40,[100.00,04.05,07.15]	45:A100,05.00,[100.00,24.42,20.23]	
0:A100,04.50,[100.00,28.98,28.98]	5:A100,05.20,[100.00,01.84,09.17]	10:A100,04.50,[100.00,24.01,24.01]	15:A100,06.10,[100.00,11.76,21.16]	20:A100,05.10,[100.00,15.18,07.18]	25:C000,04.60,[100.00,38.82,03.91]	30:A100,05.00,[100.00,27.32,24.17]	35:A100,05.90,[100.00,25.60,22.32]	40:A100,04.90,[100.00,04.05,07.15]	45:A100,05.50,[100.00,24.42,20.23]	
0:A100,05.00,[100.00,28.98,28.98]	5:A100,05.70,[100.00,01.84,09.17]	10:A100,05.00,[100.00,24.01,24.01]	15:A100,06.60,[100.00,11.76,21.16]	20:A100,05.60,[100.00,15.18,07.18]	25:A100,05.10,[100.00,38.82,03.91]	30:A100,05.50,[100.00,27.32,24.17]	35:A100,06.40,[100.00,25.60,22.32]	40:A100,05.40,[100.00,04.05,07.15]	45:A100,06.00,[100.00,24.42,20.23]	
0:A100,05.50,[100.00,28.98,28.98]	5:B220,06.80,[100.00,200.00,09.17]	10:A100,05.50,[100.00,24.01,24.01]	15:A100,07.10,[100.00,11.76,21.16]	20:A100,06.10,[100.00,15.18,07.18]	25:A100,05.60,[100.00,38.82,03.91]	30:A100,06.00,[100.00,27.32,24.17]	35:A100,06.90,[100.00,25.60,22.32]	40:A100,05.90,[100.00,04.05,07.15]	45:A100,06.50,[100.00,24.42,20.23]	
0:A100,06.00,[100.00,28.98,28.98]	5:B220,07.90,[100.00,218.17,09.17]	10:A100,06.00,[100.00,24.01,24.01]	15:A100,07.60,[100.00,11.76,21.16]	20:A100,06.60,[100.00,15.18,07.18]	25:A100,06.10,[100.00,38.82,03.91]	30:A100,06.50,[100.00,27.32,24.17]	35:A100,07.40,[100.00,25.60,22.32]	40:A100,06.40,[100.00,04.05,07.15]	45:A100,07.00,[100.00,24.42,20.23]	
0:A100,06.50,[100.00,28.98,28.98]	5:B000,07.90,[100.00,20.00,09.17]	10:A100,06.50,[100.00,24.01,24.01]	15:A100,08.10,[100.00,11.76,21.16]	20:A100,07.10,[100.00,15.18,07.18]	25:A100,06.60,[100.00,38.82,03.91]	30:A100,07.00,[100.00,27.32,24.17]	35:A100,07.90,[100.00,25.60,22.32]	40:A100,06.90,[100.00,04.05,07.15]	45:A100,07.50,[100.00,24.42,20.23]	
0:A100,07.00,[100.00,28.98,28.98]	5:A100,08.40,[100.00,20.00,09.17]	10:A100,07.00,[100.00,24.01,24.01]	15:A100,08.60,[100.00,11.76,21.16]	20:A100,07.60,[100.00,15.18,07.18]	25:A100,07.10,[100.00,38.82,03.91]	30:A100,07.50,[100.00,27.32,24.17]	35:A100,08.40,[100.00,25.60,22.32]	40:A100,07.40,[100.00,04.05,07.15]	45:A100,08.00,[100.00,24.42,20.23]	
0:A100,07.50,[100.00,28.98,28.98]	5:A100,08.90,[100.00,20.00,09.17]	10:A100,07.50,[100.00,24.01,24.01]	15:A100,09.10,[100.00,11.76,21.16]	20:A100,08.10,[100.00,15.18,07.18]	25:A100,07.60,[100.00,38.82,03.91]	30:A100,08.00,[100.00,27.32,24.17]	35:B000,08.40,[100.00,03.20,22.32]	40:A100,07.90,[100.00,04.05,07.15]	45:A100,08.50,[100.00,24.42,20.23]	
0:A100,08.00,[100.00,28.98,28.98]	5:A100,09.40,[100.00,20.00,09.17]	10:A100,08.00,[100.00,24.01,24.01]	15:A100,09.60,[100.00,11.76,21.16]	20:A100,08.60,[100.00,15.18,07.18]	25:A100,08.10,[100.00,38.82,03.91]	30:A100,08.50,[100.00,27.32,24.17]	35:A100,08.90,[100.00,03.20,22.32]	40:A100,08.40,[100.00,04.05,07.15]	45:A100,09.00,[100.00,24.42,20.23]	
0:A100,08.50,[100.00,28.98,28.98]	5:A100,09.90,[100.00,20.00,09.17]	10:A100,08.50,[100.00,24.01,24.01]	15:A100,10.10,[100.00,11.76,21.16]	20:A100,09.10,[100.00,15.18,07.18]	25:A100,08.60,[100.00,38.82,03.91]	30:A100,09.00,[100.00,27.32,24.17]	35:A100,09.40,[100.00,03.20,22.32]	40:A100,08.90,[100.00,04.05,07.15]	45:A100,09.50,[100.00,24.42,20.23]	
0:A100,09.00,[100.00,28.98,28.98]	5:A100,10.40,[100.00,20.00,09.17]	10:A100,09.00,[100.00,24.01,24.01]	15:A100,10.60,[100.00,11.76,21.16]	20:A100,09.60,[100.00,15.18,07.18]	25:A100,09.10,[100.00,38.82,03.91]	30:A100,09.50,[100.00,27.32,24.17]	35:A100,09.90,[100.00,03.20,22.32]	40:A100,09.40,[100.00,04.05,07.15]	45:A100,10.00,[100.00,24.42,20.23]	
0:A100,09.50,[100.00,28.98,28.98]	5:A100,10.90,[100.00,20.00,09.17]	10:A100,09.50,[100.00,24.01,24.01]	15:C180,11.50,[100.00,11.76,161.33]	20:A100,10.10,[100.00,15.18,07.18]	25:A100,09.60,[100.00,38.82,03.91]	30:C180,10.40,[100.00,27.32,157.65]	35:A100,10.40,[100.00,03.20,22.32]	40:C000,09.40,[100.00,04.05,00.29]	45:A100,10.50,[100.00,24.42,20.23]	
0:B220,10.60,[100.00,164.64,28.98]	5:A100,11.40,[100.00,20.00,09.17]	10:A100,10.00,[100.00,24.01,24.01]	15:C180,12.40,[100.00,11.76,177.80]	20:A100,10.60,[100.00,15.18,07.18]	25:A100,10.10,[100.00,38.82,03.91]	30:C180,11.30,[100.00,27.32,176.79]	35:A100,10.90,[100.00,03.20,22.32]	40:A100,09.90,[100.00,04.05,00.29]	45:A100,11.00,[100.00,24.42,20.23]	
0:B220,11.70,[100.00,203.96,28.98]	5:A100,11.90,[100.00,20.00,09.17]	10:A100,10.50,[100.00,24.01,24.01]	15:C180,13.30,[100.00,11.76,179.74]	20:A100,11.10,[100.00,15.18,07.18]	25:A100,10.60,[100.00,38.82,03.91]	30:C000,11.30,[100.00,27.32,25.36]	35:A100,11.40,[100.00,03.20,22.32]	40:A100,10.40,[100.00,04.05,00.29]	45:A100,11.50,[100.00,24.42,20.23]	
0:A100,12.20,[100.00,203.96,28.98]	5:A100,12.40,[100.00,20.00,09.17]	10:A100,11.00,[100.00,24.01,24.01]	15:C180,14.20,[100.00,11.76,179.97]	20:A100,11.60,[100.00,15.18,07.18]	25:A100,11.10,[100.00,38.82,03.91]	30:A100,11.80,[100.00,27.32,25.36]	35:A100,11.90,[100.00,03.20,22.32]	40:A100,10.90,[100.00,04.05,00.29]	45:A100,12.00,[100.00,24.42,20.23]	
0:B000,12.20,[100.00,59.11,28.98]	5:A100,12.90,[100.00,20.00,09.17]	10:A100,11.50,[100.00,24.01,24.01]	15:C000,14.20,[100.00,11.76,21.16]	20:A100,12.10,[100.00,15.18,07.18]	25:A100,11.60,[100.00,38.82,03.91]	30:C000,11.80,[100.00,27.32,03.64]	35:A100,12.40,[100.00,03.20,22.32]	40:A100,11.40,[100.00,04.05,00.29]	45:A100,12.50,[100.00,24.42,20.23]	
0:B000,12.20,[100.00,17.13,28.98]	5:A100,13.40,[100.00,20.00,09.17]	10:A100,12.00,[100.00,24.01,24.01]	15:A100,14.70,[100.00,11.76,21.16]	20:A100,12.60,[100.00,15.18,07.18]	25:A100,12.10,[100.00,38.82,03.91]	30:A100,12.30,[100.00,27.32,03.64]	35:A100,12.90,[100.00,03.20,22.32]	40:A100,11.90,[100.00,04.05,00.29]	45:A100,13.00,[100.00,24.42,20.23]	
0:A100,12.70,[100.00,17.13,28.98]	5:A100,13.90,[100.00,20.00,09.17]	10:A100,12.50,[100.00,24.01,24.01]	15:A100,15.20,[100.00,11.76,21.16]	20:A100,13.10,[100.00,15.18,07.18]	25:A100,12.60,[100.00,38.82,03.91]	30:A100,12.80,[100.00,27.32,03.64]	35:A100,13.40,[100.00,03.20,22.32]	40:A100,12.40,[100.00,04.05,00.29]	45:A100,13.50,[100.00,24.42,20.23]	
0:A100,13.20,[100.00,17.13,28.98]	5:A100,14.40,[100.00,20.00,09.17]	10:A100,13.00,[100.00,24.01,24.01]	15:A100,15.70,[100.00,11.76,21.16]	20:A100,13.60,[100.00,15.18,07.18]	25:A100,13.10,[100.00,38.82,03.91]	30:A100,13.30,[100.00,27.32,03.64]	35:A100,13.90,[100.00,03.20,22.32]	40:A100,12.90,[100.00,04.05,00.29]	45:A100,14.00,[100.00,24.42,20.23]	
0:A100,13.70,[100.00,17.13,28.98]	5:A100,14.90,[100.00,20.00,09.17]	10:A100,13.50,[100.00,24.01,24.01]	15:C180,16.60,[100.00,11.76,161.33]	20:A100,14.10,[100.00,15.18,07.18]	25:B220,14.20,[100.00,184.16,03.91]	30:A100,13.80,[100.00,27.32,03.64]	35:A100,14.40,[100.00,03.20,22.32]	40:A100,13.40,[100.00,04.05,00.29]	45:A100,14.50,[100.00,24.42,20.23]	
0:A100,14.20,[100.00,17.13,28.98]	5:A100,15.40,[100.00,20.00,09.17]	10:A100,14.00,[100.00,24.01,24.01]	15:C180,17.50,[100.00,11.76,177.80]	20:A100,14.60,[100.00,15.18,07.18]	25:B220,15.30,[100.00,212.91,03.91]	30:A100,14.30,[100.00,27.32,03.64]	35:A100,14.90,[100.00,03.20,22.32]	40:B000,13.40,[100.00,00.16,00.29]	45:A100,15.00,[100.00,24.42,20.23]	
0:A100,14.70,[100.00,17.13,28.98]	5:A100,15.90,[100.00,20.00,09.17]	10:A100,14.50,[100.00,24.01,24.01]	15:C180,18.40,[100.00,11.76,179.74]	20:A100,15.10,[100.00,15.18,07.18]	25:B000,15.30,[100.00,42.11,03.91]	30:A100,14.80,[100.00,27.32,03.64]	35:A100,15.40,[100.00,03.20,22.32]	40:A100,13.90,[100.00,00.16,00.29]	45:A100,15.50,[100.00,24.42,20.23]	
0:A100,15.20,[100.00,17.13,28.98]	5:A100,16.40,[100.00,20.00,09.17]	10:A100,15.00,[100.00,24.01,24.01]	15:C000,18.40,[100.00,11.76,21.13]	20:A100,15.60,[100.00,15.18,07.18]	25:A100,15.80,[100.00,42.11,03.91]	30:A100,15.30,[100.00,27.32,03.64]	35:A100,15.90,[100.00,03.20,22.32]	40:A100,14.40,[100.00,00.16,00.29]	45:A100,16.00,[100.00,24.42,20.23]	
0:A100,15.70,[100.00,17.13,28.98]	5:A100,16.90,[100.00,20.00,09.17]	10:A100,15.50,[100.00,24.01,24.01]	15:A100,18.90,[100.00,11.76,21.13]	20:A100,16.10,[100.00,15.18,07.18]	25:A100,16.30,[100.00,42.11,03.91]	30:A100,15.80,[100.00,27.32,03.64]	35:A100,16.40,[100.00,03.20,22.32]	40:A100,14.90,[100.00,00.16,00.29]	45:A100,16.50,[100.00,24.42,20.23]	
0:A100,16.20,[100.00,17.13,28.98]	5:A100,17.40,[100.00,20.00,09.17]	10:A100,16.00,[100.00,24.01,24.01]	15:A100,19.40,[100.00,11.76,21.13]	20:A100,16.60,[100.00,15.18,07.18]	25:A100,16.80,[100.00,42.11,03.91]	30:A100,16.30,[100.00,27.32,03.64]	35:A100,16.90,[100.00,03.20,22.32]	40:A100,15.40,[100.00,00.16,00.29]	45:A100,17.00,[100.00,24.42,20.23]	
0:A100,16.70,[100.00,17.13,28.98]	5:A100,17.90,[100.00,20.00,09.17]	10:A100,16.50,[100.00,24.01,24.01]	15:A100,19.90,[100.00,11.76,21.13]	20:A100,17.10,[100.00,15.18,07.18]	25:A100,17.30,[100.00,42.11,03.91]	30:A100,16.80,[100.00,27.32,03.64]	35:A100,17.40,[100.00,03.20,22.32]	40:A100,15.90,[100.00,00.16,00.29]	45:A100,17.50,[100.00,24.42,20.23]	
0:A100,17.20,[100.00,17.13,28.98]	5:A100,18.40,[100.00,20.00,09.17]	10:A100,17.00,[100.00,24.01,24.01]	15:A100,20.40,[100.00,11.76,21.13]	20:A100,17.60,[100.00,15.18,07.18]	25:A100,17.80,[100.00,42.11,03.91]	30:A100,17.30,[100.00,27.32,03.64]	35:A100,17.90,[100.00,03.20,22.32]	40:A100,16.40,[100.00,00.16,00.29]	45:A100,18.00,[100.00,24.42,20.23]	
0:A100,17.70,[100.00,17.13,28.98]	5:A100,18.90,[100.00,20.00,09.17]	10:A100,17.50,[100.00,24.01,24.01]	15:A100,20.90,[100.00,11.76,21.13]	20:A100,18.10,[100.00,15.18,07.18]	25:A100,18.30,[100.00,42.11,03.91]	30:A100,17.80,[100.00,27.32,03.64]	35:A100,18.40,[100.00,03.20,22.32]	40:A100,16.90,[100.00,00.16,00.29]	45:A100,18.50,[100.00,24.42,20.23]	
0:A100,18.20,[100.00,17.13,28.98]	5:A100,19.40,[100.00,20.00,09.17]	10:A100,18.00,[100.00,24.01,24.01]	15:A100,21.40,[100.00,11.76,21.13]	20:A100,18.60,[100.00,15.18,07.18]	25:A100,18.80,[100.00,42.11,03.91]	30:A100,18.30,[100.00,27.32,03.64]	35:A100,18.90,[100.00,03.20,22.32]	40:A100,17.40,[100.00,00.16,00.29]	45:A100,19.00,[100.00,24.42,20.23]	
0:A100,18.70,[100.00,17.13,28.98]	5:A100,19.90,[100.00,20.00,09.17]	10:A100,18.50,[100.00,24.01,24.01]	15:B220,22.50,[100.00,195.52,21.13]	20:A100,19.10,[100.00,15.18,07.18]	25:A100,19.30,[100.00,42.11,03.91]	30:A100,18.80,[100.00,27.32,03.64]	35:A100,19.40,[100.00,03.20,22.32]	40:A100,17.90,[100.00,00.16,00.29]	45:A100,19.50,[100.00,24.42,20.23]	
0:A100,19.20,[100.00,17.13,28.98]	5:A100,20.40,[100.00,20.00,09.17]	10:A100,19.00,[100.00,24.01,24.01]	15:B000,22.50,[100.00,22.99,21.13]	20:A100,19.60,[100.00,15.18,07.18]	25:A100,19.80,[100.00,42.11,03.91]	30:A100,19.30,[100.00,27.32,03.64]	35:A100,19.90,[100.00,03.20,22.32]	40:A100,18.40,[100.00,00.16,00.29]	45:A100,20.00,[100.00,24.42,20.23]	
0:A100,19.70,[100.00,17.13,28.98]	5:A100,20.90,[100.00,20.00,09.17]	10:A100,19.50,[100.00,24.01,24.01]	15:A100,23.00,[100.00,22.99,21.13]	20:A100,20.10,[100.00,15.18,07.18]	25:A100,20.30,[100.00,42.11,03.91]	30:A100,19.80,[100.00,27.32,03.64]	35:A100,20.40,[100.00,03.20,22.32]	40:A100,18.90,[100.00,00.16,00.29]	45:A100,20.50,[100.00,24.42,20.23]	
0:A100,20.20,[100.00,17.13,28.98]	5:A100,21.40,[100.00,20.00,09.17]	10:B220,20.60,[100.00,172.94,24.01]	15:A100,23.50,[100.00,22.99,21.13]	20:A100,20.60,[100.00,15.18,07.18]	25:A100,20.80,[100.00,42.11,03.91]	30:A100,20.30,[100.00,27.32,03.64]	35:A100,20.90,[100.00,03.20,22.32]	40:A100,19.40,[100.00,00.16,00.29]	45:A100,21.00,[100.00,24.42,20.23]	
0:A100,20.70,[100.00,17.13,28.98]	5:A100,21.90,[100.00,20.00,09.17]	10:B000,20.60,[100.00,41.53,24.01]	15:A100,24.00,[100.00,22.99,21.13]	20:A100,21.10,[100.00,15.18,07.18]	25:C180,21.70,[100.00,42.11,145.17]	30:A100,20.80,[100.00,27.32,03.64]	35:A100,21.40,[100.00,03.20,22.32]	40:A100,19.90,[100.00,00.16,00.29]	45:A100,21.50,[100.00,24.42,20.23]	
0:A100,21.20,[100.00,17.13,28.98]	5:A100,22.40,[100.00,20.00,09.17]	10:A100,21.10,[100.00,41.53,24.01]	15:A100,24.50,[100.00,22.99,21.13]	20:A100,21.60,[100.00,15.18,07.18]	25:A100,22.20,[100.00,42.11,145.17]	30:A100,21.30,[100.00,27.32,03.64]	35:A100,21.90,[100.00,03.20,22.32]	40:A100,20.40,[100.00,00.16,00.29]	45:A100,22.00,[100.00,24.42,20.23]	
0:A100,21.70,[100.00,17.13,28.98]	5:A100,22.90,[100.00,20.00,09.17]	10:A100,21.60,[100.00,41.53,24.01]	15:A100,25.00,[100.00,22.99,21.13]	20:A100,22.10,[100.00,15.18,07.18]	25:C000,22.20,[100.00,42.11,28.71]	30:A100,21.80,[100.00,27.32,03.64]	35:A100,22.40,[100.00,03.20,22.32]	40:A100,20.90,[100.00,00.16,00.29]	45:A100,22.50,[100.00,24.42,20.23]	
0:A100,22.20,[100.00,17.13,28.98]	5:A100,23.40,[100.00,20.00,09.17]	10:A100,22.10,[100.00,41.53,24.01]	15:A100,25.50,[100.00,22.99,21.13]	20:A100,22.60,[100.00,15.18,07.18]	25:A100,22.70,[100.00,42.11,28.71]	30:A100,22.30,[100.00,27.32,03.64]	35:A100,22.90,[100.00,03.20,22.32]	40:A100,21.40,[100.00,00.16,00.29]	45:A100,23.00,[100.00,24.42,20.23]	
0:C180,23.10,[100.00,17.13,136.23]	5:A100,23.90,[100.00,20.00,09.17]	10:A100,22.60,[100.00,41.53,24.01]	15:A100,26.00,[100.00,22.99,21.13]	20:A100,23.10,[100.00,15.18,07.18]	25:A100,23.20,[100.00,42.11,28.71]	30:A100,22.80,[100.00,27.32,03.64]	35:A100,23.40,[100.00,03.20,22.32]	40:A100,21.90,[100.00,00.16,00.29]	45:A100,23.50,[100.00,24.42,20.23]	
0:A100,23.60,[100.00,17.13,136.23]	5:A100,24.40,[100.00,20.00,09.17]	10:A100,23.10,[100.00,41.53,24.01]	15:A100,26.50,[100.00,22.99,21.13]	20:A100,23.60,[100.00,15.18,07.18]	25:A100,23.70,[100.00,42.11,28.71]	30:A100,23.30,[100.00,27.32,03.64]	35:A100,23.90,[100.00,03.20,22.32]	40:A100,22.40,[100.00,00.16,00.29]	45:A100,24.00,[100.00,24.42,20.23]	
0:C180,24.50,[100.00,17.13,167.32]	5:A100,24.90,[100.00,20.00,09.17]	10:A100,23.60,[100.00,41.53,24.01]	15:C000,26.50,[100.00,22.99,02.48]	20:A100,24.10,[100.00,15.18,07.18]	25:A100,24.20,[100.00,42.11,28.71]	30:A100,23.80,[100.00,27.32,03.64]	35:A100,24.40,[100.00,03.20,22.32]	40:A100,22.90,[100.00,00.16,00.29]	45:A100,24.50,[100.00,24.42,20.23]	
0:C000,24.50,[100.00,17.13,48.49]	5:A100,25.40,[100.00,20.00,09.17]	10:B000,23.60,[100.00,09.97,24.01]	15:A100,27.00,[100.00,22.99,02.48]	20:A100,24.60,[100.00,15.18,07.18]	25:A100,24.70,[100.00,42.11,28.71]	30:A100,24.30,[100.00,27.32,03.64]	35:A100,24.90,[100.00,03.20,22.32]	40:A100,23.40,[100.00,00.16,00.29]	45:A100,25.00,[100.00,24.42,20.23]	
0:A100,25.00,[100.00,17.13,48.49]	5:A100,25.90,[100.00,20.00,09.17]	10:A100,24.10,[100.00,09.97,24.01]	15:A100,27.50,[100.00,22.99,02.48]	20:A100,25.10,[100.00,15.18,07.18]	25:A100,25.20,[100.00,42.11,28.71]	30:A100,24.80,[100.00,27.32,03.64]	35:A100,25.40,[100.00,03.20,22.32]	40:A100,23.90,[100.00,00.16,00.29]	45:A100,25.50,[100.00,24.42,20.23]	
0:A100,25.50,[100.00,17.13,48.49]	5:A100,26.40,[100.00,20.00,09.17]	10:C180,25.00,[100.00,09.97,142.54]	15:A100,28.00,[100.00,22.99,02.48]	20:A100,25.60,[100.00,15.18,07.18]	25:A100,25.70,[100.00,42.11,28.71]	30:A100,25.30,[100.00,27.32,03.64]	35:A100,25.90,[100.00,03.20,22.32]	40:A100,24.40,[100.00,00.16,00.29]	45:A100,26.00,[100.00,24.42,20.23]	
0:A100,26.00,[100.00,17.13,48.49]	5:A100,26.90,[100.00,20.00,09.17]	10:C000,25.00,[100.00,09.97,34.23]	15:A100,28.50,[100.00,22.99,02.48]	20:A100,26.10,[100.00,15.18,07.18]	25:A100,26.20,[100.00,42.11,28.71]	30:A100,25.80,[100.00,27.32,03.64]	35:A100,26.40,[100.00,03.20,22.32]	40:A100,24.90,[100.00,00.16,00.29]	45:A100,26.50,[100.00,24.42,20.23]	
0:A100,26.50,[100.00,17.13,48.49]	5:A100,27.40,[100.00,20.00,09.17]	10:A100,25.50,[100.00,09.97,34.23]	15:A100,29.00,[100.00,22.99,02.48]	20:A100,26.60,[100.00,15.18,07.18]	25:A100,26.70,[100.00,42.11,28.71]	30:A100,26.30,[100.00,27.32,03.64]	35:A100,26.90,[100.00,03.20,22.32]	40:A100,25.40,[100.00,00.16,00.29]	45:A100,27.00,[100.00,24.42,20.23]	
0:A100,27.00,[100.00,17.13,48.49]	5:A100,27.90,[100.00,20.00,09.17]	10:A100,26.00,[100.00,09.97,34.23]	15:A100,29.50,[100.00,22.99,02.48]	20:A100,27.10,[100.00,15.18,07.18]	25:A100,27.20,[100.00,42.11,28.71]	30:A100,26.80,[100.00,27.32,03.64]	35:A100,27.40,[100.00,03.20,22.32]	40:A100,25.90,[100.00,00.16,00.29]	45:A100,27.50,[100.00,24.42,20.23]	
0:A100,27.50,[100.00,17.13,48.49]	5:A100,28.40,[100.00,20.00,09.17]	10:A100,26.50,[100.00,09.97,34.23]	15:A100,30.00,[100.00,22.99,02.48]	20:A100,27.60,[100.00,15.18,07.18]	25:A100,27.70,[100.00,42.11,28.71]	30:A100,27.30,[100.00,27.32,03.64]	35:A100,27.90,[100.00,03.20,22.32]	40:A100,26.40,[100.00,00.16,00.29]	45:A100,28.00,[100.00,24.42,20.23]	
0:A100,28.00,[100.00,17.13,48.49]	5:A100,28.90,[100.00,20.00,09.17]	10:A100,27.00,[100.00,09.97,34.23]	15:A100,30.50,[100.00,22.99,02.48]	20:A100,28.10,[100.00,15.18,07.18]	25:A100,28.20,[100.00,42.11,28.71]	30:A100,27.80,[100.00,27.32,03.64]	35:A100,28.40,[100.00,03.20,22.32]	40:A100,26.90,[100.00,00.16,00.29]	45:A100,28.50,[100.00,24.42,20.23]	
0:A100,28.50,[100.00,17.13,48.49]	5:B220,30.00,[100.00,201.67,09.17]	10:A100,27.50,[100.00,09.97,34.23]	15:A100,31.00,[100.00,22.99,02.48]	20:A100,28.60,[100.00,15.18,07.18]	25:A100,28.70,[100.00,42.11,28.71]	30:A100,28.30,[100.00,27.32,03.64]	35:A100,28.90,[100.00,03.20,22.32]	40:A100,27.40,[100.00,00.16,00.29]	45:A100,29.00,[100.00,24.42,20.23]	
0:A100,29.00,[100.00,17.13,48.49]	5:B000,30.00,[100.00,18.48,09.17]	10:A100,28.00,[100.00,09.97,34.23]	15:A100,31.50,[100.00,22.99,02.48]	20:A100,29.10,[100.00,15.18,07.18]	25:A100,29.20,[100.00,42.11,28.71]	30:A100,28.80,[100.00,27.32,03.64]	35:A100,29.40,[100.00,03.20,22.32]	40:A100,27.90,[100.00,00.16,00.29]	45:A100,29.50,[100.00,24.42,20.23]	
0:A100,29.50,[100.00,17.13,48.49]	5:A100,30.50,[100.00,18.48,09.17]	10:A100,28.50,[100.00,09.97,34.23]	15:A100,32.00,[100.00,22.99,02.48]	20:A100,29.60,[100.00,15.18,07.18]	25:B000,29.20,[100.00,08.33,28.71]	30:A100,29.30,[100.00,27.32,03.64]	35:A100,29.90,[100.00,03.20,22.32]	40:A100,28.40,[100.00,00.16,00.29]	45:A100,30.00,[100.00,24.42,20.23]	
0:A100,30.00,[100.00,17.13,48.49]	5:A100,31.00,[100.00,18.48,09.17]	10:B000,28.50,[100.00,02.39,34.23]	15:A100,32.50,[100.00,22.99,02.48]	20:A100,30.10,[100.00,15.18,07.18]	25:A100,29.70,[100.00,08.33,28.71]	30:A100,29.80,[100.00,27.32,03.64]	35:A100,30.40,[100.00,03.20,22.32]	40:A100,28.90,[100.00,00.16,00.29]	45:A100,30.50,[100.00,24.42,20.23]	
0:A100,30.50,[100.00,17.13,48.49]	5:A100,31.50,[100.00,18.48,09.17]	10:A100,29.00,[100.00,02.39,34.23]	15:A100,33.00,[100.00,22.99,02.48]	20:A100,30.60,[100.00,15.18,07.18]	25:A100,30.20,[100.00,08.33,28.71]	30:A100,30.30,[100.00,27.32,03.64]	35:A100,30.90,[100.00,03.20,22.32]	40:A100,29.40,[100.00,00.16,00.29]	45:A100,31.00,[100.00,24.42,20.23]	
0:A100,31.00,[100.00,17.13,48.49]	5:A100,32.00,[100.00,18.48,09.17]	10:A100,29.50,[100.00,02.39,34.23]	15:A100,33.50,[100.00,22.99,02.48]	20:A100,31.10,[100.00,15.18,07.18]	25:A100,30.70,[100.00,08.33,28.71]	30:A100,30.80,[100.00,27.32,03.64]	35:A100,31.40,[100.00,03.20,22.32]	40:A100,29.90,[100.00,00.16,00.29]	45:C180,31.90,[100.00,24.42,161.04]	
0:A100,31.50,[100.00,17.13,48.49]	5:A100,32.50,[100.00,18.48,09.17]	10:A100,30.00,[100.00,02.39,34.23]	15:A100,34.00,[100.00,22.99,02.48]	20:A100,31.60,[100.00,15.18,07.18]	25:A100,31.20,[100.00,08.33,28.71]	30:B220,31.90,[100.00,192.36,03.64]	35:A100,31.90,[100.00,03.20,22.32]	40:A100,30.40,[100.00,00.16,00.29]	45:C180,32.80,[100.00,24.42,177.75]	
0:A100,32.00,[100.00,17.13,48.49]	5:A100,33.00,[100.00,18.48,09.17]	10:C000,30.00,[100.00,02.39,08.22]	15:A100,34.50,[100.00,22.99,02.48]	20:A100,32.10,[100.00,15.18,07.18]	25:A100,31.70,[100.00,08.33,28.71]	30:B000,31.90,[100.00,27.59,03.64]	35:A100,32.40,[100.00,03.20,22.32]	40:A100,30.90,[100.00,00.16,00.29]	45:C180,33.70,[100.00,24.42,179.73]	
0:A100,32.50,[100.00,17.13,48.49]	5:A100,33.50,[100.00,18.48,09.17]	10:A100,30.50,[100.00,02.39,08.22]	15:A100,35.00,[100.00,22.99,02.48]	20:A100,32.60,[100.00,15.18,07.18]	25:A100,32.20,[100.00,08.33,28.71]	30:A100,32.40,[100.00,27.59,03.64]	35:A100,32.90,[100.00,03.20,22.32]	40:A100,31.40,[100.00,00.16,00.29]	45:C180,34.60,[100.00,24.42,179.97]	
0:A100,33.00,[100.00,17.13,48.49]	5:A100,34.00,[100.00,18.48,09.17]	10:A100,31.00,[100.00,02.39,08.22]	15:A100,35.50,[100.00,22.99,02.48]	20:A100,33.10,[100.00,15.18,07.18]	25:A100,32.70,[100.00,08.33,28.71]	30:A100,32.90,[100.00,27.59,03.64]	35:A100,33.40,[100.00,03.20,22.32]	40:A100,31.90,[100.00,00.16,00.29]	45:C000,34.60,[100.00,24.42,21.36]	
0:A100,33.50,[100.00,17.13,48.49]	5:A100,34.50,[100.00,18.48,09.17]	10:A100,31.50,[100.00,02.39,08.22]	15:A100,36.00,[100.00,22.99,02.48]	20:A100,33.60,[100.00,15.18,07.18]	25:A100,33.20,[100.00,08.33,28.71]	30:B220,34.00,[100.00,192.40,03.64]	35:A100,33.90,[100.00,03.20,22.32]	40:A100,32.40,[100.00,00.16,00.29]	45:A100,35.10,[100.00,24.42,21.36]	
0:C000,33.50,[100.00,17.13,14.05]	5:A100,35.00,[100.00,18.48,09.17]	10:A100,32.00,[100.00,02.39,08.22]	15:A100,36.50,[100.00,22.99,02.48]	20:A100,34.10,[100.00,15.18,07.18]	25:A100,33.70,[100.00,08.33,28.71]	30:B000,34.00,[100.00,27.60,03.64]	35:A100,34.40,[100.00,03.20,22.32]	40:A100,32.90,[100.00,00.16,00.29]	45:A100,35.60,[100.00,24.42,21.36]	
0:A100,34.00,[100.00,17.13,14.05]	5:A100,35.50,[100.00,18.48,09.17]	10:A100,32.50,[100.00,02.39,08.22]	15:A100,37.00,[100.00,22.99,02.48]	20:A100,34.60,[100.00,15.18,07.18]	25:A100,34.20,[100.00,08.33,28.71]	30:A100,34.50,[100.00,27.60,03.64]	35:A100,34.90,[100.00,03.20,22.32]	40:A100,33.40,[100.00,00.16,00.29]	45:A100,36.10,[100.00,24.42,21.36]	
0:A100,34.50,[100.00,17.13,14.05]	5:A100,36.00,[100.00,18.48,09.17]	10:A100,33.00,[100.00,02.39,08.22]	15:A100,37.50,[100.00,22.99,02.48]	20:A100,35.10,[100.00,15.18,07.18]	25:A100,34.70,[100.00,08.33,28.71]	30:A100,35.00,[100.00,27.60,03.64]	35:A100,35.40,[100.00,03.20,22.32]	40:A100,33.90,[100.00,00.16,00.29]	45:A100,36.60,[100.00,24.42,21.36]	
0:A100,35.00,[100.00,17.13,14.05]	5:A100,36.50,[100.00,18.48,09.17]	10:A100,33.50,[100.00,02.39,08.22]	15:A100,38.00,[100.00,22.99,02.48]	20:A100,35.60,[100.00,15.18,07.18]	25:A100,35.20,[100.00,08.33,28.71]	30:A100,35.50,[100.00,27.60,03.64]	35:A100,35.90,[100.00,03.20,22.32]	40:B000,33.90,[100.00,00.01,00.29]	45:A100,37.10,[100.00,24.42,21.36]	
0:A100,35.50,[100.00,17.13,14.05]	5:A100,37.00,[100.00,18.48,09.17]	10:A100,34.00,[100.00,02.39,08.22]	15:A100,38.50,[100.00,22.99,02.48]	20:A100,36.10,[100.00,15.18,07.18]	25:A100,35.70,[100.00,08.33,28.71]	30:A100,36.00,[100.00,27.60,03.64]	35:A100,36.40,[100.00,03.20,22.32]	40:A100,34.40,[100.00,00.01,00.29]	45:A100,37.60,[100.00,24.42,21.36]	
0:A100,36.00,[100.00,17.13,14.05]	5:A100,37.50,[100.00,18.48,09.17]	10:A100,34.50,[100.00,02.39,08.22]	15:A100,39.00,[100.00,22.99,02.48]	20:A100,36.60,[100.00,15.18,07.18]	25:A100,36.20,[100.00,08.33,28.71]	30:A100,36.50,[100.00,27.60,03.64]	35:A100,36.90,[100.00,03.20,22.32]	40:A100,34.90,[100.00,00.01,00.29]	45:A100,38.10,[100.00,24.42,21.36]	
0:A100,36.50,[100.00,17.13,14.05]	5:A100,38.00,[100.00,18.48,09.17]	10:A100,35.00,[100.00,02.39,08.22]	15:A100,39.50,[100.00,22.99,02.48]	20:A100,37.10,[100.00,15.18,07.18]	25:A100,36.70,[100.00,08.33,28.71]	30:A100,37.00,[100.00,27.60,03.64]	35:A100,37.40,[100.00,03.20,22.32]	40:A100,35.40,[100.00,00.01,00.29]	45:A100,38.60,[100.00,24.42,21.36]	
0:A100,37.00,[100.00,17.13,14.05]	5:A100,38.50,[100.00,18.48,09.17]	10:A100,35.50,[100.00,02.39,08.22]	15:A100,40.00,[100.00,22.99,02.48]	20:A100,37.60,[100.00,15.18,07.18]	25:A100,37.20,[100.00,08.33,28.71]	30:A100,37.50,[100.00,27.60,03.64]	35:A100,37.90,[100.00,03.20,22.32]	40:A100,35.90,[100.00,00.01,00.29]	45:A100,39.10,[100.00,24.42,21.36]	
0:A100,37.50,[100.00,17.13,14.05]	5:A100,39.00,[100.00,18.48,09.17]	10:A100,36.00,[100.00,02.39,08.22]	15:A100,40.50,[100.00,22.99,02.48]	20:A100,38.10,[100.00,15.18,07.18]	25:A100,37.70,[100.00,08.33,28.71]	30:A100,38.00,[100.00,27.60,03.64]	35:A100,38.40,[100.00,03.20,22.32]	40:A100,36.40,[100.00,00.01,00.29]	45:A100,39.60,[100.00,24.42,21.36]	
0:A100,38.00,[100.00,17.13,14.05]	5:A100,39.50,[100.00,18.48,09.17]	10:A100,36.50,[100.00,02.39,08.22]	15:A100,41.00,[100.00,22.99,02.48]	20:A100,38.60,[100.00,15.18,07.18]	25:A100,38.20,[100.00,08.33,28.71]	30:A100,38.50,[100.00,27.60,03.64]	35:A100,38.90,[100.00,03.20,22.32]	40:A100,36.90,[100.00,00.01,00.29]	45:A100,40.10,[100.00,24.42,21.36]	
0:A100,38.50,[100.00,17.13,14.05]	5:A100,40.00,[100.00,18.48,09.17]	10:A100,37.00,[100.00,02.39,08.22]	15:A100,41.50,[100.00,22.99,02.48]	20:A100,39.10,[100.00,15.18,07.18]	25:A100,38.70,[100.00,08.33,28.71]	30:A100,39.00,[100.00,27.60,03.64]	35:A100,39.40,[100.00,03.20,22.32]	40:A100,37.40,[100.00,00.01,00.29]	45:A100,40.60,[100.00,24.42,21.36]	
0:C180,39.40,[100.00,17.13,131.91]	5:A100,40.50,[100.00,18.48,09.17]	10:A100,37.50,[100.00,02.39,08.22]	15:A100,42.00,[100.00,22.99,02.48]	20:A100,39.60,[100.00,15.18,07.18]	25:A100,39.20,[100.00,08.33,28.71]	30:A100,39.50,[100.00,27.60,03.64]	35:A100,39.90,[100.00,03.20,22.32]	40:A100,37.90,[100.00,00.01,00.29]	45:A100,41.10,[100.00,24.42,21.36]	
0:A100,39.90,[100.00,17.13,131.91]	5:A100,41.00,[100.00,18.48,09.17]	10:A100,38.00,[100.00,02.39,08.22]	15:A100,42.50,[100.00,22.99,02.48]	20:A100,40.10,[100.00,15.18,07.18]	25:A100,39.70,[100.00,08.33,28.71]	30:A100,40.00,[100.00,27.60,03.64]	35:A100,40.40,[100.00,03.20,22.32]	40:A100,38.40,[100.00,00.01,00.29]	45:A100,41.60,[100.00,24.42,21.36]	
0:C000,39.90,[100.00,17.13,38.23]	5:A100,41.50,[100.00,18.48,09.17]	10:A100,38.50,[100.00,02.39,08.22]	15:A100,43.00,[100.00,22.99,02.48]	20:A100,40.60,[100.00,15.18,07.18]	25:A100,40.20,[100.00,08.33,28.71]	30:A100,40.50,[100.00,27.60,03.64]	35:A100,40.90,[100.00,03.20,22.32]	40:A100,38.90,[100.00,00.01,00.29]	45:C000,41.60,[100.00,24.42,02.53]	
0:A100,40.40,[100.00,17.13,38.23]	5:A100,42.00,[100.00,18.48,09.17]	10:B220,39.60,[100.00,167.75,08.22]	15:A100,43.50,[100.00,22.99,02.48]	20:A100,41.10,[100.00,15.18,07.18]	25:A100,40.70,[100.00,08.33,28.71]	30:A100,41.00,[100.00,27.60,03.64]	35:A100,41.40,[100.00,03.20,22.32]	40:C180,39.80,[100.00,00.01,172.73]	45:A100,42.10,[100.00,24.42,02.53]	
0:A100,40.90,[100.00,17.13,38.23]	5:A100,42.50,[100.00,18.48,09.17]	10:B000,39.60,[100.00,40.28,08.22]	15:A100,44.00,[100.00,22.99,02.48]	20:A100,41.60,[100.00,15.18,07.18]	25:A100,41.20,[100.00,08.33,28.71]	30:A100,41.50,[100.00,27.60,03.64]	35:A100,41.90,[100.00,03.20,22.32]	40:C000,39.80,[100.00,00.01,06.99]	45:A100,42.60,[100.00,24.42,02.53]	
0:A100,41.40,[100.00,17.13,38.23]	5:A100,43.00,[100.00,18.48,09.17]	10:A100,40.10,[100.00,40.28,08.22]	15:A100,44.50,[100.00,22.99,02.48]	20:A100,42.10,[100.00,15.18,07.18]	25:A100,41.70,[100.00,08.33,28.71]	30:A100,42.00,[100.00,27.60,03.64]	35:A100,42.40,[100.00,03.20,22.32]	40:A100,40.30,[100.00,00.01,06.99]	45:A100,43.10,[100.00,24.42,02.53]	
0:A100,41.90,[100.00,17.13,38.23]	5:A100,43.50,[100.00,18.48,09.17]	10:A100,40.60,[100.00,40.28,08.22]	15:A100,45.00,[100.00,22.99,02.48]	20:A100,42.60,[100.00,15.18,07.18]	25:A100,42.20,[100.00,08.33,28.71]	30:A100,42.50,[100.00,27.60,03.64]	35:A100,42.90,[100.00,03.20,22.32]	40:A100,40.80,[100.00,00.01,06.99]	45:B000,43.10,[100.00,02.90,02.53]	
0:A100,42.40,[100.00,17.13,38.23]	5:A100,44.00,[100.00,18.48,09.17]	10:A100,41.10,[100.00,40.28,08.22]	15:A100,45.50,[100.00,22.99,02.48]	20:A100,43.10,[100.00,15.18,07.18]	25:A100,42.70,[100.00,08.33,28.71]	30:A100,43.00,[100.00,27.60,03.64]	35:A100,43.40,[100.00,03.20,22.32]	40:A100,41.30,[100.00,00.01,06.99]	45:A100,43.60,[100.00,02.90,02.53]	
0:A100,42.90,[100.00,17.13,38.23]	5:A100,44.50,[100.00,18.48,09.17]	10:A100,41.60,[100.00,40.28,08.22]	15:A100,46.00,[100.00,22.99,02.48]	20:A100,43.60,[100.00,15.18,07.18]	25:A100,43.20,[100.00,08.33,28.71]	30:A100,43.50,[100.00,27.60,03.64]	35:A100,43.90,[100.00,03.20,22.32]	40:A100,41.80,[100.00,00.01,06.99]	45:A100,44.10,[100.00,02.90,02.53]	
0:A100,43.40,[100.00,17.13,38.23]	5:A100,45.00,[100.00,18.48,09.17]	10:A100,42.10,[100.00,40.28,08.22]	15:A100,46.50,[100.00,22.99,02.48]	20:A100,44.10,[100.00,15.18,07.18]	25:A100,43.70,[100.00,08.33,28.71]	30:A100,44.00,[100.00,27.60,03.64]	35:A100,44.40,[100.00,03.20,22.32]	40:A100,42.30,[100.00,00.01,06.99]	45:A100,44.60,[100.00,02.90,02.53]	
0:A100,43.90,[100.00,17.13,38.23]	5:A100,45.50,[100.00,18.48,09.17]	10:A100,42.60,[100.00,40.28,08.22]	15:A100,47.00,[100.00,22.99,02.48]	20:A100,44.60,[100.00,15.18,07.18]	25:A100,44.20,[100.00,08.33,28.71]	30:A100,44.50,[100.00,27.60,03.64]	35:A100,44.90,[100.00,03.20,22.32]	40:A100,42.80,[100.00,00.01,06.99]	45:A100,45.10,[100.00,02.90,02.53]	
0:A100,44.40,[100.00,17.13,38.23]	5:A100,46.00,[100.00,18.48,09.17]	10:A100,43.10,[100.00,40.28,08.22]	15:A100,47.50,[100.00,22.99,02.48]	20:A100,45.10,[100.00,15.18,07.18]	25:A100,44.70,[100.00,08.33,28.71]	30:A100,45.00,[100.00,27.60,03.64]	35:A100,45.40,[100.00,03.20,22.32]	40:A100,43.30,[100.00,00.01,06.99]	45:A100,45.60,[100.00,02.90,02.53]	
0:A100,44.90,[100.00,17.13,38.23]	5:A100,46.50,[100.00,18.48,09.17]	10:A100,43.60,[100.00,40.28,08.22]	15:A100,48.00,[100.00,22.99,02.48]	20:A100,45.60,[100.00,15.18,07.18]	25:A100,45.20,[100.00,08.33,28.71]	30:A100,45.50,[100.00,27.60,03.64]	35:A100,45.90,[100.00,03.20,22.32]	40:A100,43.80,[100.00,00.01,06.99]	45:A100,46.10,[100.00,02.90,02.53]	
0:A100,45.40,[100.00,17.13,38.23]	5:A100,47.00,[100.00,18.48,09.17]	10:A100,44.10,[100.00,40.28,08.22]	15:A100,48.50,[100.00,22.99,02.48]	20:A100,46.10,[100.00,15.18,07.18]	25:A100,45.70,[100.00,08.33,28.71]	30:A100,46.00,[100.00,27.60,03.64]	35:A100,46.40,[100.00,03.20,22.32]	40:A100,44.30,[100.00,00.01,06.99]	45:A100,46.60,[100.00,02.90,02.53]	
0:A100,45.90,[100.00,17.13,38.23]	5:A100,47.50,[100.00,18.48,09.17]	10:A100,44.60,[100.00,40.28,08.22]	15:C000,48.50,[100.00,22.99,00.29]	20:A100,46.60,[100.00,15.18,07.18]	25:A100,46.20,[100.00,08.33,28.71]	30:A100,46.50,[100.00,27.60,03.64]	35:A100,46.90,[100.00,03.20,22.32]	40:A100,44.80,[100.00,00.01,06.99]	45:A100,47.10,[100.00,02.90,02.53]	
0:A100,46.40,[100.00,17.13,38.23]	5:A100,48.00,[100.00,18.48,09.17]	10:A100,45.10,[100.00,40.28,08.22]	15:A100,49.00,[100.00,22.99,00.29]	20:A100,47.10,[100.00,15.18,07.18]	25:A100,46.70,[100.00,08.33,28.71]	30:A100,47.00,[100.00,27.60,03.64]	35:A100,47.40,[100.00,03.20,22.32]	40:A100,45.30,[100.00,00.01,06.99]	45:A100,47.60,[100.00,02.90,02.53]	
0:A100,46.90,[100.00,17.13,38.23]	5:A100,48.50,[100.00,18.48,09.17]	10:A100,45.60,[100.00,40.28,08.22]	15:A100,49.50,[100.00,22.99,00.29]	20:C000,47.10,[100.00,15.18,00.52]	25:A100,47.20,[100.00,08.33,28.71]	30:A100,47.50,[100.00,27.60,03.64]	35:A100,47.90,[100.00,03.20,22.32]	40:A100,45.80,[100.00,00.01,06.99]	45:A100,48.10,[100.00,02.90,02.53]	
0:A100,47.40,[100.00,17.13,38.23]	5:B220,49.60,[100.00,201.53,09.17]	10:A100,46.10,[100.00,40.28,08.22]	15:B220,50.60,[100.00,196.84,00.29]	20:A100,47.60,[100.00,15.18,00.52]	25:A100,47.70,[100.00,08.33,28.71]	30:A100,48.00,[100.00,27.60,03.64]	35:A100,48.40,[100.00,03.20,22.32]	40:A100,46.30,[100.00,00.01,06.99]	45:A100,48.60,[100.00,02.90,02.53]	
0:A100,47.90,[100.00,17.13,38.23]	5:B000,49.60,[100.00,18.47,09.17]	10:A100,46.60,[100.00,40.28,08.22]	15:B000,50.60,[100.00,23.14,00.29]	20:A100,48.10,[100.00,15.18,00.52]	25:A100,48.20,[100.00,08.33,28.71]	30:A100,48.50,[100.00,27.60,03.64]	35:A100,48.90,[100.00,03.20,22.32]	40:A100,46.80,[100.00,00.01,06.99]	45:A100,49.10,[100.00,02.90,02.53]	
0:A100,48.40,[100.00,17.13,38.23]	5:A100,50.10,[100.00,18.47,09.17]	10:A100,47.10,[100.00,40.28,08.22]	15:A100,51.10,[100.00,23.14,00.29]	20:A100,48.60,[100.00,15.18,00.52]	25:A100,48.70,[100.00,08.33,28.71]	30:A100,49.00,[100.00,27.60,03.64]	35:A100,49.40,[100.00,03.20,22.32]	40:A100,47.30,[100.00,00.01,06.99]	45:A100,49.60,[100.00,02.90,02.53]	
0:A100,48.90,[100.00,17.13,38.23]	5:A100,50.60,[100.00,18.47,09.17]	10:A100,47.60,[100.00,40.28,08.22]	15:A100,51.60,[100.00,23.14,00.29]	20:A100,49.10,[100.00,15.18,00.52]	25:A100,49.20,[100.00,08.33,28.71]	30:A100,49.50,[100.00,27.60,03.64]	35:A100,49.90,[100.00,03.20,22.32]	40:A100,47.80,[100.00,00.01,06.99]	45:A100,50.10,[100.00,02.90,02.53]	
0:C180,49.80,[100.00,17.13,138.91]	5:A100,51.10,[100.00,18.47,09.17]	10:A100,48.10,[100.00,40.28,08.22]	15:A100,52.10,[100.00,23.14,00.29]	20:A100,49.60,[100.00,15.18,00.52]	25:A100,49.70,[100.00,08.33,28.71]	30:A100,50.00,[100.00,27.60,03.64]	35:A100,50.40,[100.00,03.20,22.32]	40:A100,48.30,[100.00,00.01,06.99]	45:A100,50.60,[100.00,02.90,02.53]	
0:C000,49.80,[100.00,17.13,40.26]	5:A100,51.60,[100.00,18.47,09.17]	10:A100,48.60,[100.00,40.28,08.22]	15:A100,52.60,[100.00,23.14,00.29]	20:A100,50.10,[100.00,15.18,00.52]	25:A100,50.20,[100.00,08.33,28.71]	30:A100,50.50,[100.00,27.60,03.64]	35:A100,50.90,[100.00,03.20,22.32]	40:A100,48.80,[100.00,00.01,06.99]	45:A100,51.10,[100.00,02.90,02.53]	
0:A100,50.30,[100.00,17.13,40.26]	5:A100,52.10,[100.00,18.47,09.17]	10:A100,49.10,[100.00,40.28,08.22]	15:A100,53.10,[100.00,23.14,00.29]	20:A100,50.60,[100.00,15.18,00.52]	25:B000,50.20,[100.00,01.65,28.71]	30:A100,51.00,[100.00,27.60,03.64]	35:A100,51.40,[100.00,03.20,22.32]	40:A100,49.30,[100.00,00.01,06.99]	45:A100,51.60,[100.00,02.90,02.53]	
0:C180,51.20,[100.00,17.13,139.50]	5:A100,52.60,[100.00,18.47,09.17]	10:A100,49.60,[100.00,40.28,08.22]	15:A100,53.60,[100.00,23.14,00.29]	20:C000,50.60,[100.00,15.18,00.04]	25:A100,50.70,[100.00,01.65,28.71]	30:A100,51.50,[100.00,27.60,03.64]	35:A100,51.90,[100.00,03.20,22.32]	40:A100,49.80,[100.00,00.01,06.99]	45:A100,52.10,[100.00,02.90,02.53]	
0:C000,51.20,[100.00,17.13,40.43]	5:A100,53.10,[100.00,18.47,09.17]	10:A100,50.10,[100.00,40.28,08.22]	15:B000,53.60,[100.00,02.72,00.29]	20:A100,51.10,[100.00,15.18,00.04]	25:A100,51.20,[100.00,01.65,28.71]	30:A100,52.00,[100.00,27.60,03.64]	35:A100,52.40,[100.00,03.20,22.32]	40:A100,50.30,[100.00,00.01,06.99]	45:A100,52.60,[100.00,02.90,02.53]	
0:A100,51.70,[100.00,17.13,40.43]	5:A100,53.60,[100.00,18.47,09.17]	10:A100,50.60,[100.00,40.28,08.22]	15:A100,54.10,[100.00,02.72,00.29]	20:A100,51.60,[100.00,15.18,00.04]	25:A100,51.70,[100.00,01.65,28.71]	30:A100,52.50,[100.00,27.60,03.64]	35:A100,52.90,[100.00,03.20,22.32]	40:A100,50.80,[100.00,00.01,06.99]	45:A100,53.10,[100.00,02.90,02.53]	
0:A100,52.20,[100.00,17.13,40.43]	5:A100,54.10,[100.00,18.47,09.17]	10:A100,51.10,[100.00,40.28,08.22]	15:A100,54.60,[100.00,02.72,00.29]	20:A100,52.10,[100.00,15.18,00.04]	25:A100,52.20,[100.00,01.65,28.71]	30:A100,53.00,[100.00,27.60,03.64]	35:A100,53.40,[100.00,03.20,22.32]	40:A100,51.30,[100.00,00.01,06.99]	45:A100,53.60,[100.00,02.90,02.53]	
0:A100,52.70,[100.00,17.13,40.43]	5:A100,54.60,[100.00,18.47,09.17]	10:A100,51.60,[100.00,40.28,08.22]	15:A100,55.10,[100.00,02.72,00.29]	20:A100,52.60,[100.00,15.18,00.04]	25:A100,52.70,[100.00,01.65,28.71]	30:A100,53.50,[100.00,27.60,03.64]	35:A100,53.90,[100.00,03.20,22.32]	40:A100,51.80,[100.00,00.01,06.99]	45:A100,54.10,[100.00,02.90,02.53]	
0:A100,53.20,[100.00,17.13,40.43]	5:A100,55.10,[100.00,18.47,09.17]	10:A100,52.10,[100.00,40.28,08.22]	15:A100,55.60,[100.00,02.72,00.29]	20:A100,53.10,[100.00,15.18,00.04]	25:A100,53.20,[100.00,01.65,28.71]	30:A100,54.00,[100.00,27.60,03.64]	35:A100,54.40,[100.00,03.20,22.32]	40:A100,52.30,[100.00,00.01,06.99]	45:A100,54.60,[100.00,02.90,02.53]	
0:A100,53.70,[100.00,17.13,40.43]	5:B220,56.20,[100.00,201.53,09.17]	10:A100,52.60,[100.00,40.28,08.22]	15:A100,56.10,[100.00,02.72,00.29]	20:A100,53.60,[100.00,15.18,00.04]	25:A100,53.70,[100.00,01.65,28.71]	30:A100,54.50,[100.00,27.60,03.64]	35:A100,54.90,[100.00,03.20,22.32]	40:A100,52.80,[100.00,00.01,06.99]	45:A100,55.10,[100.00,02.90,02.53]	
0:A100,54.20,[100.00,17.13,40.43]	5:B000,56.20,[100.00,18.47,09.17]	10:A100,53.10,[100.00,40.28,08.22]	15:A100,56.60,[100.00,02.72,00.29]	20:A100,54.10,[100.00,15.18,00.04]	25:A100,54.20,[100.00,01.65,28.71]	30:A100,55.00,[100.00,27.60,03.64]	35:A100,55.40,[100.00,03.20,22.32]	40:A100,53.30,[100.00,00.01,06.99]	45:A100,55.60,[100.00,02.90,02.53]	
0:A100,54.70,[100.00,17.13,40.43]	5:A100,56.70,[100.00,18.47,09.17]	10:A100,53.60,[100.00,40.28,08.22]	15:A100,57.10,[100.00,02.72,00.29]	20:A100,54.60,[100.00,15.18,00.04]	25:A100,54.70,[100.00,01.65,28.71]	30:A100,55.50,[100.00,27.60,03.64]	35:A100,55.90,[100.00,03.20,22.32]	40:A100,53.80,[100.00,00.01,06.99]	45:A100,56.10,[100.00,02.90,02.53]	
0:A100,55.20,[100.00,17.13,40.43]	5:A100,57.20,[100.00,18.47,09.17]	10:A100,54.10,[100.00,40.28,08.22]	15:A100,57.60,[100.00,02.72,00.29]	20:A100,55.10,[100.00,15.18,00.04]	25:A100,55.20,[100.00,01.65,28.71]	30:A100,56.00,[100.00,27.60,03.64]	35:A100,56.40,[100.00,03.20,22.32]	40:A100,54.30,[100.00,00.01,06.99]	45:A100,56.60,[100.00,02.90,02.53]	
0:A100,55.70,[100.00,17.13,40.43]	5:A100,57.70,[100.00,18.47,09.17]	10:A100,54.60,[100.00,40.28,08.22]	15:A100,58.10,[100.00,02.72,00.29]	20:A100,55.60,[100.00,15.18,00.04]	25:A100,55.70,[100.00,01.65,28.71]	30:A100,56.50,[100.00,27.60,03.64]	35:A100,56.90,[100.00,03.20,22.32]	40:A100,54.80,[100.00,00.01,06.99]	45:A100,57.10,[100.00,02.90,02.53]	
0:A100,56.20,[100.00,17.13,40.43]	5:A100,58.20,[100.00,18.47,09.17]	10:A100,55.10,[100.00,40.28,08.22]	15:A100,58.60,[100.00,02.72,00.29]	20:A100,56.10,[100.00,15.18,00.04]	25:A100,56.20,[100.00,01.65,28.71]	30:A100,57.00,[100.00,27.60,03.64]	35:A100,57.40,[100.00,03.20,22.32]	40:A100,55.30,[100.00,00.01,06.99]	45:A100,57.60,[100.00,02.90,02.53]	
0:A100,56.70,[100.00,17.13,40.43]	5:A100,58.70,[100.00,18.47,09.17]	10:A100,55.60,[100.00,40.28,08.22]	15:A100,59.10,[100.00,02.72,00.29]	20:A100,56.60,[100.00,15.18,00.04]	25:A100,56.70,[100.00,01.65,28.71]	30:A100,57.50,[100.00,27.60,03.64]	35:A100,57.90,[100.00,03.20,22.32]	40:A100,55.80,[100.00,00.01,06.99]	45:A100,58.10,[100.00,02.90,02.53]	
0:A100,57.20,[100.00,17.13,40.43]	5:A100,59.20,[100.00,18.47,09.17]	10:B220,56.70,[100.00,176.85,08.22]	15:A100,59.60,[100.00,02.72,00.29]	20:A100,57.10,[100.00,15.18,00.04]	25:A100,57.20,[100.00,01.65,28.71]	30:A100,58.00,[100.00,27.60,03.64]	35:A100,58.40,[100.00,03.20,22.32]	40:A100,56.30,[100.00,00.01,06.99]	45:A100,58.60,[100.00,02.90,02.53]	
0:A100,57.70,[100.00,17.13,40.43]	5:A100,59.70,[100.00,18.47,09.17]	10:B000,56.70,[100.00,42.46,08.22]	15:A100,60.10,[100.00,02.72,00.29]	20:A100,57.60,[100.00,15.18,00.04]	25:A100,57.70,[100.00,01.65,28.71]	30:A100,58.50,[100.00,27.60,03.64]	35:A100,58.90,[100.00,03.20,22.32]	40:A100,56.80,[100.00,00.01,06.99]	45:A100,59.10,[100.00,02.90,02.53]	
0:A100,58.20,[100.00,17.13,40.43]	5:A100,60.20,[100.00,18.47,09.17]	10:A100,57.20,[100.00,42.46,08.22]	15:A100,60.60,[100.00,02.72,00.29]	20:A100,58.10,[100.00,15.18,00.04]	25:A100,58.20,[100.00,01.65,28.71]	30:A100,59.00,[100.00,27.60,03.64]	35:A100,59.40,[100.00,03.20,22.32]	40:A100,57.30,[100.00,00.01,06.99]	45:A100,59.60,[100.00,02.90,02.53]	
0:A100,58.70,[100.00,17.13,40.43]	5:A100,60.70,[100.00,18.47,09.17]	10:A100,57.70,[100.00,42.46,08.22]	15:A100,61.10,[100.00,02.72,00.29]	20:A100,58.60,[100.00,15.18,00.04]	25:A100,58.70,[100.00,01.65,28.71]	30:A100,59.50,[100.00,27.60,03.64]	35:A100,59.90,[100.00,03.20,22.32]	40:A100,57.80,[100.00,00.01,06.99]	45:A100,60.10,[100.00,02.90,02.53]	
0:A100,59.20,[100.00,17.13,40.43]	5:A100,61.20,[100.00,18.47,09.17]	10:A100,58.20,[100.00,42.46,08.22]	15:A100,61.60,[100.00,02.72,00.29]	20:A100,59.10,[100.00,15.18,00.04]	25:A100,59.20,[100.00,01.65,28.71]	30:A100,60.00,[100.00,27.60,03.64]	35:A100,60.40,[100.00,03.20,22.32]	40:A100,58.30,[100.00,00.01,06.99]	45:A100,60.60,[100.00,02.90,02.53]	
0:A100,59.70,[100.00,17.13,40.43]	5:A100,61.70,[100.00,18.47,09.17]	10:A100,58.70,[100.00,42.46,08.22]	15:A100,62.10,[100.00,02.72,00.29]	20:A100,59.60,[100.00,15.18,00.04]	25:A100,59.70,[100.00,01.65,28.71]	30:A100,60.50,[100.00,27.60,03.64]	35:A100,60.90,[100.00,03.20,22.32]	40:A100,58.80,[100.00,00.01,06.99]	45:A100,61.10,[100.00,02.90,02.53]	
0:A100,60.20,[100.00,17.13,40.43]	5:A100,62.20,[100.00,18.47,09.17]	10:A100,59.20,[100.00,42.46,08.22]	15:A100,62.60,[100.00,02.72,00.29]	20:A100,60.10,[100.00,15.18,00.04]	25:A100,60.20,[100.00,01.65,28.71]	30:A100,61.00,[100.00,27.60,03.64]	35:A100,61.40,[100.00,03.20,22.32]	40:A100,59.30,[100.00,00.01,06.99]	45:A100,61.60,[100.00,02.90,02.53]	
0:C180,61.10,[100.00,17.13,139.55]	5:A100,62.70,[100.00,18.47,09.17]	10:A100,59.70,[100.00,42.46,08.22]	15:A100,63.10,[100.00,02.72,00.29]	20:A100,60.60,[100.00,15.18,00.04]	25:A100,60.70,[100.00,01.65,28.71]	30:A100,61.50,[100.00,27.60,03.64]	35:A100,61.90,[100.00,03.20,22.32]	40:A100,59.80,[100.00,00.01,06.99]	45:A100,62.10,[100.00,02.90,02.53]	
0:C180,62.00,[100.00,17.13,168.28]	5:A100,63.20,[100.00,18.47,09.17]	10:A100,60.20,[100.00,42.46,08.22]	15:A100,63.60,[100.00,02.72,00.29]	20:A100,61.10,[100.00,15.18,00.04]	25:C000,60.70,[100.00,01.65,05.68]	30:A100,62.00,[100.00,27.60,03.64]	35:A100,62.40,[100.00,03.20,22.32]	40:A100,60.30,[100.00,00.01,06.99]	45:A100,62.60,[100.00,02.90,02.53]	
0:C000,62.00,[100.00,17.13,48.77]	5:A100,63.70,[100.00,18.47,09.17]	10:A100,60.70,[100.00,42.46,08.22]	15:A100,64.10,[100.00,02.72,00.29]	20:A100,61.60,[100.00,15.18,00.04]	25:A100,61.20,[100.00,01.65,05.68]	30:B220,63.10,[100.00,192.40,03.64]	35:A100,62.90,[100.00,03.20,22.32]	40:A100,60.80,[100.00,00.01,06.99]	45:A100,63.10,[100.00,02.90,02.53]	
0:A100,62.50,[100.00,17.13,48.77]	5:A100,64.20,[100.00,18.47,09.17]	10:A100,61.20,[100.00,42.46,08.22]	15:A100,64.60,[100.00,02.72,00.29]	20:A100,62.10,[100.00,15.18,00.04]	25:A100,61.70,[100.00,01.65,05.68]	30:B000,63.10,[100.00,27.60,03.64]	35:A100,63.40,[100.00,03.20,22.32]	40:A100,61.30,[100.00,00.01,06.99]	45:A100,63.60,[100.00,02.90,02.53]	
0:A100,63.00,[100.00,17.13,48.77]	5:A100,64.70,[100.00,18.47,09.17]	10:A100,61.70,[100.00,42.46,08.22]	15:A100,65.10,[100.00,02.72,00.29]	20:A100,62.60,[100.00,15.18,00.04]	25:A100,62.20,[100.00,01.65,05.68]	30:A100,63.60,[100.00,27.60,03.64]	35:A100,63.90,[100.00,03.20,22.32]	40:A100,61.80,[100.00,00.01,06.99]	45:A100,64.10,[100.00,02.90,02.53]	
0:A100,63.50,[100.00,17.13,48.77]	5:A100,65.20,[100.00,18.47,09.17]	10:A100,62.20,[100.00,42.46,08.22]	15:A100,65.60,[100.00,02.72,00.29]	20:A100,63.10,[100.00,15.18,00.04]	25:A100,62.70,[100.00,01.65,05.68]	30:A100,64.10,[100.00,27.60,03.64]	35:A100,64.40,[100.00,03.20,22.32]	40:A100,62.30,[100.00,00.01,06.99]	45:A100,64.60,[100.00,02.90,02.53]	
0:A100,64.00,[100.00,17.13,48.77]	5:A100,65.70,[100.00,18.47,09.17]	10:A100,62.70,[100.00,42.46,08.22]	15:A100,66.10,[100.00,02.72,00.29]	20:A100,63.60,[100.00,15.18,00.04]	25:A100,63.20,[100.00,01.65,05.68]	30:A100,64.60,[100.00,27.60,03.64]	35:A100,64.90,[100.00,03.20,22.32]	40:A100,62.80,[100.00,00.01,06.99]	45:A100,65.10,[100.00,02.90,02.53]	
0:A100,64.50,[100.00,17.13,48.77]	5:A100,66.20,[100.00,18.47,09.17]	10:A100,63.20,[100.00,42.46,08.22]	15:A100,66.60,[100.00,02.72,00.29]	20:A100,64.10,[100.00,15.18,00.04]	25:A100,63.70,[100.00,01.65,05.68]	30:A100,65.10,[100.00,27.60,03.64]	35:A100,65.40,[100.00,03.20,22.32]	40:A100,63.30,[100.00,00.01,06.99]	45:A100,65.60,[100.00,02.90,02.53]	
0:A100,65.00,[100.00,17.13,48.77]	5:A100,66.70,[100.00,18.47,09.17]	10:A100,63.70,[100.00,42.46,08.22]	15:A100,67.10,[100.00,02.72,00.29]	20:A100,64.60,[100.00,15.18,00.04]	25:A100,64.20,[100.00,01.65,05.68]	30:A100,65.60,[100.00,27.60,03.64]	35:A100,65.90,[100.00,03.20,22.32]	40:A100,63.80,[100.00,00.01,06.99]	45:A100,66.10,[100.00,02.90,02.53]	
0:C000,65.00,[100.00,17.13,14.13]	5:A100,67.20,[100.00,18.47,09.17]	10:A100,64.20,[100.00,42.46,08.22]	15:A100,67.60,[100.00,02.72,00.29]	20:A100,65.10,[100.00,15.18,00.04]	25:A100,64.70,[100.00,01.65,05.68]	30:A100,66.10,[100.00,27.60,03.64]	35:A100,66.40,[100.00,03.20,22.32]	40:A100,64.30,[100.00,00.01,06.99]	45:A100,66.60,[100.00,02.90,02.53]	
0:A100,65.50,[100.00,17.13,14.13]	5:A100,67.70,[100.00,18.47,09.17]	10:A100,64.70,[100.00,42.46,08.22]	15:A100,68.10,[100.00,02.72,00.29]	20:A100,65.60,[100.00,15.18,00.04]	25:A100,65.20,[100.00,01.65,05.68]	30:A100,66.60,[100.00,27.60,03.64]	35:A100,66.90,[100.00,03.20,22.32]	40:A100,64.80,[100.00,00.01,06.99]	45:A100,67.10,[100.00,02.90,02.53]	
0:B000,65.50,[100.00,04.96,14.13]	5:A100,68.20,[100.00,18.47,09.17]	10:A100,65.20,[100.00,42.46,08.22]	15:A100,68.60,[100.00,02.72,00.29]	20:A100,66.10,[100.00,15.18,00.04]	25:A100,65.70,[100.00,01.65,05.68]	30:A100,67.10,[100.00,27.60,03.64]	35:A100,67.40,[100.00,03.20,22.32]	40:A100,65.30,[100.00,00.01,06.99]	45:A100,67.60,[100.00,02.90,02.53]	
0:A100,66.00,[100.00,04.96,14.13]	5:A100,68.70,[100.00,18.47,09.17]	10:A100,65.70,[100.00,42.46,08.22]	15:A100,69.10,[100.00,02.72,00.29]	20:A100,66.60,[100.00,15.18,00.04]	25:A100,66.20,[100.00,01.65,05.68]	30:A100,67.60,[100.00,27.60,03.64]	35:A100,67.90,[100.00,03.20,22.32]	40:A100,65.80,[100.00,00.01,06.99]	45:A100,68.10,[100.00,02.90,02.53]	
0:A100,66.50,[100.00,04.96,14.13]	5:A100,69.20,[100.00,18.47,09.17]	10:A100,66.20,[100.00,42.46,08.22]	15:A100,69.60,[100.00,02.72,00.29]	20:A100,67.10,[100.00,15.18,00.04]	25:A100,66.70,[100.00,01.65,05.68]	30:A100,68.10,[100.00,27.60,03.64]	35:A100,68.40,[100.00,03.20,22.32]	40:A100,66.30,[100.00,00.01,06.99]	45:A100,68.60,[100.00,02.90,02.53]	
0:A100,67.00,[100.00,04.96,14.13]	5:A100,69.70,[100.00,18.47,09.17]	10:B000,66.20,[100.00,10.20,08.22]	15:A100,70.10,[100.00,02.72,00.29]	20:A100,67.60,[100.00,15.18,00.04]	25:A100,67.20,[100.00,01.65,05.68]	30:A100,68.60,[100.00,27.60,03.64]	35:C180,69.30,[100.00,03.20,160.31]	40:A100,66.80,[100.00,00.01,06.99]	45:A100,69.10,[100.00,02.90,02.53]	
0:A100,67.50,[100.00,04.96,14.13]	5:A100,70.20,[100.00,18.47,09.17]	10:A100,66.70,[100.00,10.20,08.22]	15:A100,70.60,[100.00,02.72,00.29]	20:A100,68.10,[100.00,15.18,00.04]	25:A100,67.70,[100.00,01.65,05.68]	30:A100,69.10,[100.00,27.60,03.64]	35:C000,69.30,[100.00,03.20,20.01]	40:A100,67.30,[100.00,00.01,06.99]	45:A100,69.60,[100.00,02.90,02.53]	
0:A100,68.00,[100.00,04.96,14.13]	5:A100,70.70,[100.00,18.47,09.17]	10:A100,67.20,[100.00,10.20,08.22]	15:A100,71.10,[100.00,02.72,00.29]	20:A100,68.60,[100.00,15.18,00.04]	25:A100,68.20,[100.00,01.65,05.68]	30:A100,69.60,[100.00,27.60,03.64]	35:A100,69.80,[100.00,03.20,20.01]	40:A100,67.80,[100.00,00.01,06.99]	45:A100,70.10,[100.00,02.90,02.53]	
0:A100,68.50,[100.00,04.96,14.13]	5:A100,71.20,[100.00,18.47,09.17]	10:A100,67.70,[100.00,10.20,08.22]	15:A100,71.60,[100.00,02.72,00.29]	20:A100,69.10,[100.00,15.18,00.04]	25:A100,68.70,[100.00,01.65,05.68]	30:A100,70.10,[100.00,27.60,03.64]	35:A100,70.30,[100.00,03.20,20.01]	40:A100,68.30,[100.00,00.01,06.99]	45:A100,70.60,[100.00,02.90,02.53]	
0:A100,69.00,[100.00,04.96,14.13]	5:A100,71.70,[100.00,18.47,09.17]	10:A100,68.20,[100.00,10.20,08.22]	15:A100,72.10,[100.00,02.72,00.29]	20:A100,69.60,[100.00,15.18,00.04]	25:A100,69.20,[100.00,01.65,05.68]	30:A100,70.60,[100.00,27.60,03.64]	35:A100,70.80,[100.00,03.20,20.01]	40:A100,68.80,[100.00,00.01,06.99]	45:A100,71.10,[100.00,02.90,02.53]	
0:A100,69.50,[100.00,04.96,14.13]	5:A100,72.20,[100.00,18.47,09.17]	10:A100,68.70,[100.00,10.20,08.22]	15:A100,72.60,[100.00,02.72,00.29]	20:A100,70.10,[100.00,15.18,00.04]	25:A100,69.70,[100.00,01.65,05.68]	30:A100,71.10,[100.00,27.60,03.64]	35:A100,71.30,[100.00,03.20,20.01]	40:A100,69.30,[100.00,00.01,06.99]	45:A100,71.60,[100.00,02.90,02.53]	
0:A100,70.00,[100.00,04.96,14.13]	5:A100,72.70,[100.00,18.47,09.17]	10:A100,69.20,[100.00,10.20,08.22]	15:A100,73.10,[100.00,02.72,00.29]	20:A100,70.60,[100.00,15.18,00.04]	25:A100,70.20,[100.00,01.65,05.68]	30:A100,71.60,[100.00,27.60,03.64]	35:A100,71.80,[100.00,03.20,20.01]	40:A100,69.80,[100.00,00.01,06.99]	45:A100,72.10,[100.00,02.90,02.53]	
0:A100,70.50,[100.00,04.96,14.13]	5:A100,73.20,[100.00,18.47,09.17]	10:A100,69.70,[100.00,10.20,08.22]	15:A100,73.60,[100.00,02.72,00.29]	20:A100,71.10,[100.00,15.18,00.04]	25:A100,70.70,[100.00,01.65,05.68]	30:A100,72.10,[100.00,27.60,03.64]	35:A100,72.30,[100.00,03.20,20.01]	40:A100,70.30,[100.00,00.01,06.99]	45:A100,72.60,[100.00,02.90,02.53]	
0:A100,71.00,[100.00,04.96,14.13]	5:A100,73.70,[100.00,18.47,09.17]	10:A100,70.20,[100.00,10.20,08.22]	15:A100,74.10,[100.00,02.72,00.29]	20:A100,71.60,[100.00,15.18,00.04]	25:A100,71.20,[100.00,01.65,05.68]	30:B000,72.10,[100.00,03.96,03.64]	35:A100,72.80,[100.00,03.20,20.01]	40:A100,70.80,[100.00,00.01,06.99]	45:A100,73.10,[100.00,02.90,02.53]	
0:A100,71.50,[100.00,04.96,14.13]	5:A100,74.20,[100.00,18.47,09.17]	10:C180,71.10,[100.00,10.20,138.75]	15:A100,74.60,[100.00,02.72,00.29]	20:A100,72.10,[100.00,15.18,00.04]	25:A100,71.70,[100.00,01.65,05.68]	30:A100,72.60,[100.00,03.96,03.64]	35:A100,73.30,[100.00,03.20,20.01]	40:A100,71.30,[100.00,00.01,06.99]	45:A100,73.60,[100.00,02.90,02.53]	
0:A100,72.00,[100.00,04.96,14.13]	5:A100,74.70,[100.00,18.47,09.17]	10:C000,71.10,[100.00,10.20,33.32]	15:A100,75.10,[100.00,02.72,00.29]	20:A100,72.60,[100.00,15.18,00.04]	25:A100,72.20,[100.00,01.65,05.68]	30:B220,73.70,[100.00,189.01,03.64]	35:A100,73.80,[100.00,03.20,20.01]	40:A100,71.80,[100.00,00.01,06.99]	45:A100,74.10,[100.00,02.90,02.53]	
0:A100,72.50,[100.00,04.96,14.13]	5:A100,75.20,[100.00,18.47,09.17]	10:A100,71.60,[100.00,10.20,33.32]	15:A100,75.60,[100.00,02.72,00.29]	20:A100,73.10,[100.00,15.18,00.04]	25:A100,72.70,[100.00,01.65,05.68]	30:B220,74.80,[100.00,215.56,03.64]	35:A100,74.30,[100.00,03.20,20.01]	40:A100,72.30,[100.00,00.01,06.99]	45:A100,74.60,[100.00,02.90,02.53]	
0:A100,73.00,[100.00,04.96,14.13]	5:A100,75.70,[100.00,18.47,09.17]	10:B220,72.70,[100.00,169.62,33.32]	15:A100,76.10,[100.00,02.72,00.29]	20:A100,73.60,[100.00,15.18,00.04]	25:A100,73.20,[100.00,01.65,05.68]	30:B000,74.80,[100.00,30.92,03.64]	35:A100,74.80,[100.00,03.20,20.01]	40:A100,72.80,[100.00,00.01,06.99]	45:A100,75.10,[100.00,02.90,02.53]	
0:A100,73.50,[100.00,04.96,14.13]	5:A100,76.20,[100.00,18.47,09.17]	10:B220,73.80,[100.00,207.90,33.32]	15:A100,76.60,[100.00,02.72,00.29]	20:A100,74.10,[100.00,15.18,00.04]	25:A100,73.70,[100.00,01.65,05.68]	30:A100,75.30,[100.00,30.92,03.64]	35:A100,75.30,[100.00,03.20,20.01]	40:A100,73.30,[100.00,00.01,06.99]	45:A100,75.60,[100.00,02.90,02.53]	
0:A100,74.00,[100.00,04.96,14.13]	5:A100,76.70,[100.00,18.47,09.17]	10:B220,74.90,[100.00,217.10,33.32]	15:A100,77.10,[100.00,02.72,00.29]	20:A100,74.60,[100.00,15.18,00.04]	25:A100,74.20,[100.00,01.65,05.68]	30:A100,75.80,[100.00,30.92,03.64]	35:A100,75.80,[100.00,03.20,20.01]	40:A100,73.80,[100.00,00.01,06.99]	45:A100,76.10,[100.00,02.90,02.53]	
0:A100,74.50,[100.00,04.96,14.13]	5:A100,77.20,[100.00,18.47,09.17]	10:B000,74.90,[100.00,52.13,33.32]	15:A100,77.60,[100.00,02.72,00.29]	20:A100,75.10,[100.00,15.18,00.04]	25:A100,74.70,[100.00,01.65,05.68]	30:A100,76.30,[100.00,30.92,03.64]	35:A100,76.30,[100.00,03.20,20.01]	40:A100,74.30,[100.00,00.01,06.99]	45:A100,76.60,[100.00,02.90,02.53]	
0:A100,75.00,[100.00,04.96,14.13]	5:A100,77.70,[100.00,18.47,09.17]	10:A100,75.40,[100.00,52.13,33.32]	15:A100,78.10,[100.00,02.72,00.29]	20:A100,75.60,[100.00,15.18,00.04]	25:A100,75.20,[100.00,01.65,05.68]	30:A100,76.80,[100.00,30.92,03.64]	35:A100,76.80,[100.00,03.20,20.01]	40:A100,74.80,[100.00,00.01,06.99]	45:A100,77.10,[100.00,02.90,02.53]	
0:A100,75.50,[100.00,04.96,14.13]	5:A100,78.20,[100.00,18.47,09.17]	10:A100,75.90,[100.00,52.13,33.32]	15:A100,78.60,[100.00,02.72,00.29]	20:A100,76.10,[100.00,15.18,00.04]	25:A100,75.70,[100.00,01.65,05.68]	30:A100,77.30,[100.00,30.92,03.64]	35:A100,77.30,[100.00,03.20,20.01]	40:A100,75.30,[100.00,00.01,06.99]	45:A100,77.60,[100.00,02.90,02.53]	
0:A100,76.00,[100.00,04.96,14.13]	5:A100,78.70,[100.00,18.47,09.17]	10:A100,76.40,[100.00,52.13,33.32]	15:A100,79.10,[100.00,02.72,00.29]	20:A100,76.60,[100.00,15.18,00.04]	25:A100,76.20,[100.00,01.65,05.68]	30:A100,77.80,[100.00,30.92,03.64]	35:A100,77.80,[100.00,03.20,20.01]	40:A100,75.80,[100.00,00.01,06.99]	45:A100,78.10,[100.00,02.90,02.53]	
0:A100,76.50,[100.00,04.96,14.13]	5:A100,79.20,[100.00,18.47,09.17]	10:A100,76.90,[100.00,52.13,33.32]	15:A100,79.60,[100.00,02.72,00.29]	20:A100,77.10,[100.00,15.18,00.04]	25:A100,76.70,[100.00,01.65,05.68]	30:A100,78.30,[100.00,30.92,03.64]	35:A100,78.30,[100.00,03.20,20.01]	40:A100,76.30,[100.00,00.01,06.99]	45:A100,78.60,[100.00,02.90,02.53]	
0:A100,77.00,[100.00,04.96,14.13]	5:A100,79.70,[100.00,18.47,09.17]	10:B000,76.90,[100.00,12.52,33.32]	15:A100,80.10,[100.00,02.72,00.29]	20:A100,77.60,[100.00,15.18,00.04]	25:A100,77.20,[100.00,01.65,05.68]	30:A100,78.80,[100.00,30.92,03.64]	35:A100,78.80,[100.00,03.20,20.01]	40:A100,76.80,[100.00,00.01,06.99]	45:A100,79.10,[100.00,02.90,02.53]	
0:A100,77.50,[100.00,04.96,14.13]	5:A100,80.20,[100.00,18.47,09.17]	10:A100,77.40,[100.00,12.52,33.32]	15:A100,80.60,[100.00,02.72,00.29]	20:A100,78.10,[100.00,15.18,00.04]	25:A100,77.70,[100.00,01.65,05.68]	30:A100,79.30,[100.00,30.92,03.64]	35:A100,79.30,[100.00,03.20,20.01]	40:A100,77.30,[100.00,00.01,06.99]	45:A100,79.60,[100.00,02.90,02.53]	
0:A100,78.00,[100.00,04.96,14.13]	5:A100,80.70,[100.00,18.47,09.17]	10:A100,77.90,[100.00,12.52,33.32]	15:A100,81.10,[100.00,02.72,00.29]	20:A100,78.60,[100.00,15.18,00.04]	25:A100,78.20,[100.00,01.65,05.68]	30:A100,79.80,[100.00,30.92,03.64]	35:A100,79.80,[100.00,03.20,20.01]	40:A100,77.80,[100.00,00.01,06.99]	45:A100,80.10,[100.00,02.90,02.53]	
0:A100,78.50,[100.00,04.96,14.13]	5:A100,81.20,[100.00,18.47,09.17]	10:A100,78.40,[100.00,12.52,33.32]	15:A100,81.60,[100.00,02.72,00.29]	20:A100,79.10,[100.00,15.18,00.04]	25:A100,78.70,[100.00,01.65,05.68]	30:A100,80.30,[100.00,30.92,03.64]	35:A100,80.30,[100.00,03.20,20.01]	40:A100,78.30,[100.00,00.01,06.99]	45:A100,80.60,[100.00,02.90,02.53]	
0:A100,79.00,[100.00,04.96,14.13]	5:A100,81.70,[100.00,18.47,09.17]	10:A100,78.90,[100.00,12.52,33.32]	15:A100,82.10,[100.00,02.72,00.29]	20:A100,79.60,[100.00,15.18,00.04]	25:A100,79.20,[100.00,01.65,05.68]	30:A100,80.80,[100.00,30.92,03.64]	35:A100,80.80,[100.00,03.20,20.01]	40:A100,78.80,[100.00,00.01,06.99]	45:A100,81.10,[100.00,02.90,02.53]	
0:A100,79.50,[100.00,04.96,14.13]	5:A100,82.20,[100.00,18.47,09.17]	10:A100,79.40,[100.00,12.52,33.32]	15:A100,82.60,[100.00,02.72,00.29]	20:A100,80.10,[100.00,15.18,00.04]	25:A100,79.70,[100.00,01.65,05.68]	30:A100,81.30,[100.00,30.92,03.64]	35:A100,81.30,[100.00,03.20,20.01