each row consists of groups of data for each agent, in form:	agentNum:choice,fitness,[expA,expB,expC]where choice has letter of choice and number for reward received
each column consists of every trial for the same agent.
this entire file is from Generation 250

0:C180, 0.90,100.00,100.00,171.60	5:A100, 0.50,100.00,100.00,100.00	10:C000, 0.00,100.00,100.00,40.12	15:C000, 0.00,100.00,100.00,37.03	20:C000, 0.00,100.00,100.00,33.12	25:B000, 0.00,100.00,36.36,100.00	30:A100, 0.50,100.00,100.00,100.00	35:A100, 0.50,100.00,100.00,100.00	40:B000, 0.00,100.00,14.39,100.00	45:C180, 0.90,100.00,100.00,175.03	
0:C180, 1.80,100.00,100.00,179.12	5:C000, 0.50,100.00,100.00,13.26	10:B000, 0.00,100.00,40.12,40.12	15:A100, 0.50,100.00,100.00,37.03	20:B000, 0.00,100.00,33.12,33.12	25:C000, 0.00,100.00,36.36,36.36	30:C000, 0.50,100.00,100.00,50.83	35:A100, 1.00,100.00,100.00,100.00	40:A100, 0.50,100.00,14.39,100.00	45:C180, 1.80,100.00,100.00,179.69	
0:C000, 1.80,100.00,100.00,18.80	5:B000, 0.50,100.00,13.26,13.26	10:A100, 0.50,100.00,40.12,40.12	15:B000, 0.50,100.00,37.03,37.03	20:A100, 0.50,100.00,33.12,33.12	25:A100, 0.50,100.00,36.36,36.36	30:B000, 0.50,100.00,50.83,50.83	35:B220, 2.10,100.00,187.52,100.00	40:C000, 0.50,100.00,14.39,14.39	45:C000, 1.80,100.00,100.00,11.16	
0:B220, 2.90,100.00,207.41,18.80	5:A100, 1.00,100.00,13.26,13.26	10:A100, 1.00,100.00,40.12,40.12	15:A100, 1.00,100.00,37.03,37.03	20:A100, 1.00,100.00,33.12,33.12	25:A100, 1.00,100.00,36.36,36.36	30:A100, 1.00,100.00,50.83,50.83	35:B000, 2.10,100.00,50.75,100.00	40:A100, 1.00,100.00,14.39,14.39	45:B220, 2.90,100.00,212.55,11.16	
0:B000, 2.90,100.00,21.77,18.80	5:A100, 1.50,100.00,13.26,13.26	10:A100, 1.50,100.00,40.12,40.12	15:A100, 1.50,100.00,37.03,37.03	20:A100, 1.50,100.00,33.12,33.12	25:C180, 1.90,100.00,36.36,127.78	30:A100, 1.50,100.00,50.83,50.83	35:C180, 3.00,100.00,50.75,158.35	40:A100, 1.50,100.00,14.39,14.39	45:B220, 4.00,100.00,219.54,11.16	
0:A100, 3.40,100.00,21.77,18.80	5:A100, 2.00,100.00,13.26,13.26	10:A100, 2.00,100.00,40.12,40.12	15:A100, 2.00,100.00,37.03,37.03	20:A100, 2.00,100.00,33.12,33.12	25:C000, 1.90,100.00,36.36,46.46	30:A100, 2.00,100.00,50.83,50.83	35:C000, 3.00,100.00,50.75,42.85	40:A100, 2.00,100.00,14.39,14.39	45:B000, 4.00,100.00,13.63,11.16	
0:A100, 3.90,100.00,21.77,18.80	5:A100, 2.50,100.00,13.26,13.26	10:A100, 2.50,100.00,40.12,40.12	15:A100, 2.50,100.00,37.03,37.03	20:A100, 2.50,100.00,33.12,33.12	25:A100, 2.40,100.00,36.36,46.46	30:A100, 2.50,100.00,50.83,50.83	35:A100, 3.50,100.00,50.75,42.85	40:A100, 2.50,100.00,14.39,14.39	45:A100, 4.50,100.00,13.63,11.16	
0:A100, 4.40,100.00,21.77,18.80	5:A100, 3.00,100.00,13.26,13.26	10:A100, 3.00,100.00,40.12,40.12	15:A100, 3.00,100.00,37.03,37.03	20:A100, 3.00,100.00,33.12,33.12	25:A100, 2.90,100.00,36.36,46.46	30:A100, 3.00,100.00,50.83,50.83	35:A100, 4.00,100.00,50.75,42.85	40:A100, 3.00,100.00,14.39,14.39	45:A100, 5.00,100.00,13.63,11.16	
0:A100, 4.90,100.00,21.77,18.80	5:A100, 3.50,100.00,13.26,13.26	10:A100, 3.50,100.00,40.12,40.12	15:A100, 3.50,100.00,37.03,37.03	20:A100, 3.50,100.00,33.12,33.12	25:A100, 3.40,100.00,36.36,46.46	30:A100, 3.50,100.00,50.83,50.83	35:A100, 4.50,100.00,50.75,42.85	40:A100, 3.50,100.00,14.39,14.39	45:A100, 5.50,100.00,13.63,11.16	
0:C180, 5.80,100.00,21.77,163.08	5:A100, 4.00,100.00,13.26,13.26	10:A100, 4.00,100.00,40.12,40.12	15:A100, 4.00,100.00,37.03,37.03	20:A100, 4.00,100.00,33.12,33.12	25:C180, 4.30,100.00,36.36,131.45	30:B000, 3.50,100.00,25.84,50.83	35:A100, 5.00,100.00,50.75,42.85	40:A100, 4.00,100.00,14.39,14.39	45:A100, 6.00,100.00,13.63,11.16	
0:C180, 6.70,100.00,21.77,178.22	5:A100, 4.50,100.00,13.26,13.26	10:A100, 4.50,100.00,40.12,40.12	15:A100, 4.50,100.00,37.03,37.03	20:C000, 4.00,100.00,33.12,10.97	25:C180, 5.20,100.00,36.36,162.35	30:A100, 4.00,100.00,25.84,50.83	35:A100, 5.50,100.00,50.75,42.85	40:A100, 4.50,100.00,14.39,14.39	45:A100, 6.50,100.00,13.63,11.16	
0:C000, 6.70,100.00,21.77,18.71	5:A100, 5.00,100.00,13.26,13.26	10:A100, 5.00,100.00,40.12,40.12	15:A100, 5.00,100.00,37.03,37.03	20:A100, 4.50,100.00,33.12,10.97	25:C180, 6.10,100.00,36.36,173.58	30:A100, 4.50,100.00,25.84,50.83	35:A100, 6.00,100.00,50.75,42.85	40:A100, 5.00,100.00,14.39,14.39	45:A100, 7.00,100.00,13.63,11.16	
0:A100, 7.20,100.00,21.77,18.71	5:A100, 5.50,100.00,13.26,13.26	10:A100, 5.50,100.00,40.12,40.12	15:A100, 5.50,100.00,37.03,37.03	20:A100, 5.00,100.00,33.12,10.97	25:C000, 6.10,100.00,36.36,63.11	30:A100, 5.00,100.00,25.84,50.83	35:B220, 7.10,100.00,174.20,42.85	40:A100, 5.50,100.00,14.39,14.39	45:A100, 7.50,100.00,13.63,11.16	
0:A100, 7.70,100.00,21.77,18.71	5:A100, 6.00,100.00,13.26,13.26	10:A100, 6.00,100.00,40.12,40.12	15:A100, 6.00,100.00,37.03,37.03	20:A100, 5.50,100.00,33.12,10.97	25:A100, 6.60,100.00,36.36,63.11	30:A100, 5.50,100.00,25.84,50.83	35:B000, 7.10,100.00,47.14,42.85	40:A100, 6.00,100.00,14.39,14.39	45:A100, 8.00,100.00,13.63,11.16	
0:A100, 8.20,100.00,21.77,18.71	5:A100, 6.50,100.00,13.26,13.26	10:A100, 6.50,100.00,40.12,40.12	15:A100, 6.50,100.00,37.03,37.03	20:A100, 6.00,100.00,33.12,10.97	25:A100, 7.10,100.00,36.36,63.11	30:A100, 6.00,100.00,25.84,50.83	35:A100, 7.60,100.00,47.14,42.85	40:A100, 6.50,100.00,14.39,14.39	45:A100, 8.50,100.00,13.63,11.16	
0:A100, 8.70,100.00,21.77,18.71	5:A100, 7.00,100.00,13.26,13.26	10:A100, 7.00,100.00,40.12,40.12	15:A100, 7.00,100.00,37.03,37.03	20:A100, 6.50,100.00,33.12,10.97	25:A100, 7.60,100.00,36.36,63.11	30:A100, 6.50,100.00,25.84,50.83	35:A100, 8.10,100.00,47.14,42.85	40:A100, 7.00,100.00,14.39,14.39	45:A100, 9.00,100.00,13.63,11.16	
0:A100, 9.20,100.00,21.77,18.71	5:A100, 7.50,100.00,13.26,13.26	10:A100, 7.50,100.00,40.12,40.12	15:A100, 7.50,100.00,37.03,37.03	20:A100, 7.00,100.00,33.12,10.97	25:A100, 8.10,100.00,36.36,63.11	30:A100, 7.00,100.00,25.84,50.83	35:A100, 8.60,100.00,47.14,42.85	40:A100, 7.50,100.00,14.39,14.39	45:A100, 9.50,100.00,13.63,11.16	
0:A100, 9.70,100.00,21.77,18.71	5:A100, 8.00,100.00,13.26,13.26	10:A100, 8.00,100.00,40.12,40.12	15:A100, 8.00,100.00,37.03,37.03	20:B000, 7.00,100.00,10.97,10.97	25:A100, 8.60,100.00,36.36,63.11	30:A100, 7.50,100.00,25.84,50.83	35:A100, 9.10,100.00,47.14,42.85	40:A100, 8.00,100.00,14.39,14.39	45:A100,10.00,100.00,13.63,11.16	
0:A100,10.20,100.00,21.77,18.71	5:A100, 8.50,100.00,13.26,13.26	10:A100, 8.50,100.00,40.12,40.12	15:A100, 8.50,100.00,37.03,37.03	20:A100, 7.50,100.00,10.97,10.97	25:A100, 9.10,100.00,36.36,63.11	30:A100, 8.00,100.00,25.84,50.83	35:A100, 9.60,100.00,47.14,42.85	40:A100, 8.50,100.00,14.39,14.39	45:A100,10.50,100.00,13.63,11.16	
0:B000,10.20,100.00, 2.28,18.71	5:A100, 9.00,100.00,13.26,13.26	10:A100, 9.00,100.00,40.12,40.12	15:A100, 9.00,100.00,37.03,37.03	20:A100, 8.00,100.00,10.97,10.97	25:A100, 9.60,100.00,36.36,63.11	30:A100, 8.50,100.00,25.84,50.83	35:C180,10.50,100.00,47.14,142.88	40:A100, 9.00,100.00,14.39,14.39	45:A100,11.00,100.00,13.63,11.16	
0:A100,10.70,100.00, 2.28,18.71	5:A100, 9.50,100.00,13.26,13.26	10:A100, 9.50,100.00,40.12,40.12	15:A100, 9.50,100.00,37.03,37.03	20:A100, 8.50,100.00,10.97,10.97	25:A100,10.10,100.00,36.36,63.11	30:A100, 9.00,100.00,25.84,50.83	35:C180,11.40,100.00,47.14,169.96	40:A100, 9.50,100.00,14.39,14.39	45:A100,11.50,100.00,13.63,11.16	
0:A100,11.20,100.00, 2.28,18.71	5:A100,10.00,100.00,13.26,13.26	10:A100,10.00,100.00,40.12,40.12	15:A100,10.00,100.00,37.03,37.03	20:A100, 9.00,100.00,10.97,10.97	25:B220,11.20,100.00,153.23,63.11	30:A100, 9.50,100.00,25.84,50.83	35:C180,12.30,100.00,47.14,177.28	40:A100,10.00,100.00,14.39,14.39	45:A100,12.00,100.00,13.63,11.16	
0:A100,11.70,100.00, 2.28,18.71	5:A100,10.50,100.00,13.26,13.26	10:A100,10.50,100.00,40.12,40.12	15:A100,10.50,100.00,37.03,37.03	20:A100, 9.50,100.00,10.97,10.97	25:B000,11.20,100.00,55.71,63.11	30:A100,10.00,100.00,25.84,50.83	35:C180,13.20,100.00,47.14,179.26	40:A100,10.50,100.00,14.39,14.39	45:A100,12.50,100.00,13.63,11.16	
0:A100,12.20,100.00, 2.28,18.71	5:A100,11.00,100.00,13.26,13.26	10:A100,11.00,100.00,40.12,40.12	15:A100,11.00,100.00,37.03,37.03	20:A100,10.00,100.00,10.97,10.97	25:A100,11.70,100.00,55.71,63.11	30:A100,10.50,100.00,25.84,50.83	35:C180,14.10,100.00,47.14,179.80	40:A100,11.00,100.00,14.39,14.39	45:A100,13.00,100.00,13.63,11.16	
0:A100,12.70,100.00, 2.28,18.71	5:A100,11.50,100.00,13.26,13.26	10:B000,11.00,100.00,16.10,40.12	15:A100,11.50,100.00,37.03,37.03	20:A100,10.50,100.00,10.97,10.97	25:A100,12.20,100.00,55.71,63.11	30:A100,11.00,100.00,25.84,50.83	35:C180,15.00,100.00,47.14,179.95	40:A100,11.50,100.00,14.39,14.39	45:A100,13.50,100.00,13.63,11.16	
0:A100,13.20,100.00, 2.28,18.71	5:A100,12.00,100.00,13.26,13.26	10:C000,11.00,100.00,16.10,16.10	15:A100,12.00,100.00,37.03,37.03	20:A100,11.00,100.00,10.97,10.97	25:A100,12.70,100.00,55.71,63.11	30:A100,11.50,100.00,25.84,50.83	35:C180,15.90,100.00,47.14,179.99	40:A100,12.00,100.00,14.39,14.39	45:A100,14.00,100.00,13.63,11.16	
0:A100,13.70,100.00, 2.28,18.71	5:A100,12.50,100.00,13.26,13.26	10:A100,11.50,100.00,16.10,16.10	15:A100,12.50,100.00,37.03,37.03	20:A100,11.50,100.00,10.97,10.97	25:A100,13.20,100.00,55.71,63.11	30:A100,12.00,100.00,25.84,50.83	35:C180,16.80,100.00,47.14,180.00	40:A100,12.50,100.00,14.39,14.39	45:A100,14.50,100.00,13.63,11.16	
0:A100,14.20,100.00, 2.28,18.71	5:A100,13.00,100.00,13.26,13.26	10:C000,11.50,100.00,16.10, 6.46	15:A100,13.00,100.00,37.03,37.03	20:A100,12.00,100.00,10.97,10.97	25:A100,13.70,100.00,55.71,63.11	30:A100,12.50,100.00,25.84,50.83	35:C180,17.70,100.00,47.14,180.00	40:A100,13.00,100.00,14.39,14.39	45:A100,15.00,100.00,13.63,11.16	
0:A100,14.70,100.00, 2.28,18.71	5:A100,13.50,100.00,13.26,13.26	10:A100,12.00,100.00,16.10, 6.46	15:A100,13.50,100.00,37.03,37.03	20:A100,12.50,100.00,10.97,10.97	25:A100,14.20,100.00,55.71,63.11	30:A100,13.00,100.00,25.84,50.83	35:C000,17.70,100.00,47.14,48.71	40:A100,13.50,100.00,14.39,14.39	45:A100,15.50,100.00,13.63,11.16	
0:A100,15.20,100.00, 2.28,18.71	5:A100,14.00,100.00,13.26,13.26	10:A100,12.50,100.00,16.10, 6.46	15:A100,14.00,100.00,37.03,37.03	20:A100,13.00,100.00,10.97,10.97	25:A100,14.70,100.00,55.71,63.11	30:A100,13.50,100.00,25.84,50.83	35:A100,18.20,100.00,47.14,48.71	40:A100,14.00,100.00,14.39,14.39	45:A100,16.00,100.00,13.63,11.16	
0:A100,15.70,100.00, 2.28,18.71	5:A100,14.50,100.00,13.26,13.26	10:A100,13.00,100.00,16.10, 6.46	15:A100,14.50,100.00,37.03,37.03	20:A100,13.50,100.00,10.97,10.97	25:A100,15.20,100.00,55.71,63.11	30:A100,14.00,100.00,25.84,50.83	35:A100,18.70,100.00,47.14,48.71	40:A100,14.50,100.00,14.39,14.39	45:A100,16.50,100.00,13.63,11.16	
0:A100,16.20,100.00, 2.28,18.71	5:A100,15.00,100.00,13.26,13.26	10:A100,13.50,100.00,16.10, 6.46	15:A100,15.00,100.00,37.03,37.03	20:A100,14.00,100.00,10.97,10.97	25:A100,15.70,100.00,55.71,63.11	30:A100,14.50,100.00,25.84,50.83	35:A100,19.20,100.00,47.14,48.71	40:A100,15.00,100.00,14.39,14.39	45:A100,17.00,100.00,13.63,11.16	
0:A100,16.70,100.00, 2.28,18.71	5:A100,15.50,100.00,13.26,13.26	10:A100,14.00,100.00,16.10, 6.46	15:A100,15.50,100.00,37.03,37.03	20:A100,14.50,100.00,10.97,10.97	25:A100,16.20,100.00,55.71,63.11	30:A100,15.00,100.00,25.84,50.83	35:A100,19.70,100.00,47.14,48.71	40:A100,15.50,100.00,14.39,14.39	45:C000,17.00,100.00,13.63, 0.69	
0:A100,17.20,100.00, 2.28,18.71	5:A100,16.00,100.00,13.26,13.26	10:A100,14.50,100.00,16.10, 6.46	15:A100,16.00,100.00,37.03,37.03	20:A100,15.00,100.00,10.97,10.97	25:A100,16.70,100.00,55.71,63.11	30:A100,15.50,100.00,25.84,50.83	35:A100,20.20,100.00,47.14,48.71	40:A100,16.00,100.00,14.39,14.39	45:A100,17.50,100.00,13.63, 0.69	
0:A100,17.70,100.00, 2.28,18.71	5:A100,16.50,100.00,13.26,13.26	10:A100,15.00,100.00,16.10, 6.46	15:B000,16.00,100.00,13.71,37.03	20:A100,15.50,100.00,10.97,10.97	25:A100,17.20,100.00,55.71,63.11	30:A100,16.00,100.00,25.84,50.83	35:A100,20.70,100.00,47.14,48.71	40:A100,16.50,100.00,14.39,14.39	45:A100,18.00,100.00,13.63, 0.69	
0:A100,18.20,100.00, 2.28,18.71	5:A100,17.00,100.00,13.26,13.26	10:A100,15.50,100.00,16.10, 6.46	15:A100,16.50,100.00,13.71,37.03	20:A100,16.00,100.00,10.97,10.97	25:C180,18.10,100.00,55.71,137.50	30:C180,16.90,100.00,25.84,114.34	35:A100,21.20,100.00,47.14,48.71	40:A100,17.00,100.00,14.39,14.39	45:A100,18.50,100.00,13.63, 0.69	
0:A100,18.70,100.00, 2.28,18.71	5:A100,17.50,100.00,13.26,13.26	10:A100,16.00,100.00,16.10, 6.46	15:A100,17.00,100.00,13.71,37.03	20:A100,16.50,100.00,10.97,10.97	25:C000,18.10,100.00,55.71,49.99	30:C000,16.90,100.00,25.84,58.12	35:A100,21.70,100.00,47.14,48.71	40:A100,17.50,100.00,14.39,14.39	45:A100,19.00,100.00,13.63, 0.69	
0:A100,19.20,100.00, 2.28,18.71	5:A100,18.00,100.00,13.26,13.26	10:A100,16.50,100.00,16.10, 6.46	15:A100,17.50,100.00,13.71,37.03	20:A100,17.00,100.00,10.97,10.97	25:A100,18.60,100.00,55.71,49.99	30:A100,17.40,100.00,25.84,58.12	35:A100,22.20,100.00,47.14,48.71	40:A100,18.00,100.00,14.39,14.39	45:A100,19.50,100.00,13.63, 0.69	
0:A100,19.70,100.00, 2.28,18.71	5:A100,18.50,100.00,13.26,13.26	10:A100,17.00,100.00,16.10, 6.46	15:A100,18.00,100.00,13.71,37.03	20:A100,17.50,100.00,10.97,10.97	25:A100,19.10,100.00,55.71,49.99	30:A100,17.90,100.00,25.84,58.12	35:A100,22.70,100.00,47.14,48.71	40:A100,18.50,100.00,14.39,14.39	45:A100,20.00,100.00,13.63, 0.69	
0:A100,20.20,100.00, 2.28,18.71	5:A100,19.00,100.00,13.26,13.26	10:A100,17.50,100.00,16.10, 6.46	15:C000,18.00,100.00,13.71,13.71	20:A100,18.00,100.00,10.97,10.97	25:A100,19.60,100.00,55.71,49.99	30:A100,18.40,100.00,25.84,58.12	35:A100,23.20,100.00,47.14,48.71	40:A100,19.00,100.00,14.39,14.39	45:A100,20.50,100.00,13.63, 0.69	
0:A100,20.70,100.00, 2.28,18.71	5:A100,19.50,100.00,13.26,13.26	10:A100,18.00,100.00,16.10, 6.46	15:A100,18.50,100.00,13.71,13.71	20:A100,18.50,100.00,10.97,10.97	25:A100,20.10,100.00,55.71,49.99	30:A100,18.90,100.00,25.84,58.12	35:A100,23.70,100.00,47.14,48.71	40:A100,19.50,100.00,14.39,14.39	45:A100,21.00,100.00,13.63, 0.69	
0:A100,21.20,100.00, 2.28,18.71	5:A100,20.00,100.00,13.26,13.26	10:A100,18.50,100.00,16.10, 6.46	15:A100,19.00,100.00,13.71,13.71	20:A100,19.00,100.00,10.97,10.97	25:A100,20.60,100.00,55.71,49.99	30:A100,19.40,100.00,25.84,58.12	35:A100,24.20,100.00,47.14,48.71	40:A100,20.00,100.00,14.39,14.39	45:A100,21.50,100.00,13.63, 0.69	
0:A100,21.70,100.00, 2.28,18.71	5:A100,20.50,100.00,13.26,13.26	10:A100,19.00,100.00,16.10, 6.46	15:A100,19.50,100.00,13.71,13.71	20:A100,19.50,100.00,10.97,10.97	25:B000,20.60,100.00,20.25,49.99	30:A100,19.90,100.00,25.84,58.12	35:A100,24.70,100.00,47.14,48.71	40:A100,20.50,100.00,14.39,14.39	45:B000,21.50,100.00, 0.85, 0.69	
0:A100,22.20,100.00, 2.28,18.71	5:B220,21.60,100.00,192.59,13.26	10:A100,19.50,100.00,16.10, 6.46	15:A100,20.00,100.00,13.71,13.71	20:A100,20.00,100.00,10.97,10.97	25:A100,21.10,100.00,20.25,49.99	30:A100,20.40,100.00,25.84,58.12	35:A100,25.20,100.00,47.14,48.71	40:A100,21.00,100.00,14.39,14.39	45:A100,22.00,100.00, 0.85, 0.69	
0:A100,22.70,100.00, 2.28,18.71	5:B000,21.60,100.00,25.54,13.26	10:A100,20.00,100.00,16.10, 6.46	15:A100,20.50,100.00,13.71,13.71	20:A100,20.50,100.00,10.97,10.97	25:A100,21.60,100.00,20.25,49.99	30:A100,20.90,100.00,25.84,58.12	35:A100,25.70,100.00,47.14,48.71	40:A100,21.50,100.00,14.39,14.39	45:A100,22.50,100.00, 0.85, 0.69	
0:A100,23.20,100.00, 2.28,18.71	5:A100,22.10,100.00,25.54,13.26	10:A100,20.50,100.00,16.10, 6.46	15:A100,21.00,100.00,13.71,13.71	20:A100,21.00,100.00,10.97,10.97	25:A100,22.10,100.00,20.25,49.99	30:A100,21.40,100.00,25.84,58.12	35:A100,26.20,100.00,47.14,48.71	40:A100,22.00,100.00,14.39,14.39	45:A100,23.00,100.00, 0.85, 0.69	
0:A100,23.70,100.00, 2.28,18.71	5:A100,22.60,100.00,25.54,13.26	10:A100,21.00,100.00,16.10, 6.46	15:A100,21.50,100.00,13.71,13.71	20:A100,21.50,100.00,10.97,10.97	25:A100,22.60,100.00,20.25,49.99	30:A100,21.90,100.00,25.84,58.12	35:A100,26.70,100.00,47.14,48.71	40:A100,22.50,100.00,14.39,14.39	45:A100,23.50,100.00, 0.85, 0.69	
0:A100,24.20,100.00, 2.28,18.71	5:A100,23.10,100.00,25.54,13.26	10:A100,21.50,100.00,16.10, 6.46	15:A100,22.00,100.00,13.71,13.71	20:A100,22.00,100.00,10.97,10.97	25:A100,23.10,100.00,20.25,49.99	30:A100,22.40,100.00,25.84,58.12	35:A100,27.20,100.00,47.14,48.71	40:A100,23.00,100.00,14.39,14.39	45:A100,24.00,100.00, 0.85, 0.69	
0:A100,24.70,100.00, 2.28,18.71	5:A100,23.60,100.00,25.54,13.26	10:A100,22.00,100.00,16.10, 6.46	15:A100,22.50,100.00,13.71,13.71	20:A100,22.50,100.00,10.97,10.97	25:A100,23.60,100.00,20.25,49.99	30:A100,22.90,100.00,25.84,58.12	35:A100,27.70,100.00,47.14,48.71	40:A100,23.50,100.00,14.39,14.39	45:A100,24.50,100.00, 0.85, 0.69	
0:A100,25.20,100.00, 2.28,18.71	5:A100,24.10,100.00,25.54,13.26	10:A100,22.50,100.00,16.10, 6.46	15:A100,23.00,100.00,13.71,13.71	20:A100,23.00,100.00,10.97,10.97	25:A100,24.10,100.00,20.25,49.99	30:A100,23.40,100.00,25.84,58.12	35:A100,28.20,100.00,47.14,48.71	40:A100,24.00,100.00,14.39,14.39	45:A100,25.00,100.00, 0.85, 0.69	
0:A100,25.70,100.00, 2.28,18.71	5:A100,24.60,100.00,25.54,13.26	10:A100,23.00,100.00,16.10, 6.46	15:B000,23.00,100.00, 5.08,13.71	20:A100,23.50,100.00,10.97,10.97	25:A100,24.60,100.00,20.25,49.99	30:C000,23.40,100.00,25.84,29.54	35:A100,28.70,100.00,47.14,48.71	40:A100,24.50,100.00,14.39,14.39	45:A100,25.50,100.00, 0.85, 0.69	
0:A100,26.20,100.00, 2.28,18.71	5:A100,25.10,100.00,25.54,13.26	10:A100,23.50,100.00,16.10, 6.46	15:A100,23.50,100.00, 5.08,13.71	20:A100,24.00,100.00,10.97,10.97	25:A100,25.10,100.00,20.25,49.99	30:A100,23.90,100.00,25.84,29.54	35:C180,29.60,100.00,47.14,144.47	40:A100,25.00,100.00,14.39,14.39	45:A100,26.00,100.00, 0.85, 0.69	
0:A100,26.70,100.00, 2.28,18.71	5:A100,25.60,100.00,25.54,13.26	10:A100,24.00,100.00,16.10, 6.46	15:A100,24.00,100.00, 5.08,13.71	20:A100,24.50,100.00,10.97,10.97	25:A100,25.60,100.00,20.25,49.99	30:B000,23.90,100.00,13.13,29.54	35:C180,30.50,100.00,47.14,170.38	40:A100,25.50,100.00,14.39,14.39	45:A100,26.50,100.00, 0.85, 0.69	
0:A100,27.20,100.00, 2.28,18.71	5:A100,26.10,100.00,25.54,13.26	10:A100,24.50,100.00,16.10, 6.46	15:A100,24.50,100.00, 5.08,13.71	20:A100,25.00,100.00,10.97,10.97	25:A100,26.10,100.00,20.25,49.99	30:A100,24.40,100.00,13.13,29.54	35:C180,31.40,100.00,47.14,177.40	40:A100,26.00,100.00,14.39,14.39	45:A100,27.00,100.00, 0.85, 0.69	
0:A100,27.70,100.00, 2.28,18.71	5:A100,26.60,100.00,25.54,13.26	10:A100,25.00,100.00,16.10, 6.46	15:A100,25.00,100.00, 5.08,13.71	20:A100,25.50,100.00,10.97,10.97	25:A100,26.60,100.00,20.25,49.99	30:A100,24.90,100.00,13.13,29.54	35:C000,31.40,100.00,47.14,48.01	40:A100,26.50,100.00,14.39,14.39	45:A100,27.50,100.00, 0.85, 0.69	
0:A100,28.20,100.00, 2.28,18.71	5:A100,27.10,100.00,25.54,13.26	10:A100,25.50,100.00,16.10, 6.46	15:A100,25.50,100.00, 5.08,13.71	20:A100,26.00,100.00,10.97,10.97	25:A100,27.10,100.00,20.25,49.99	30:A100,25.40,100.00,13.13,29.54	35:A100,31.90,100.00,47.14,48.01	40:A100,27.00,100.00,14.39,14.39	45:A100,28.00,100.00, 0.85, 0.69	
0:A100,28.70,100.00, 2.28,18.71	5:A100,27.60,100.00,25.54,13.26	10:A100,26.00,100.00,16.10, 6.46	15:A100,26.00,100.00, 5.08,13.71	20:A100,26.50,100.00,10.97,10.97	25:A100,27.60,100.00,20.25,49.99	30:A100,25.90,100.00,13.13,29.54	35:A100,32.40,100.00,47.14,48.01	40:A100,27.50,100.00,14.39,14.39	45:A100,28.50,100.00, 0.85, 0.69	
0:A100,29.20,100.00, 2.28,18.71	5:A100,28.10,100.00,25.54,13.26	10:A100,26.50,100.00,16.10, 6.46	15:A100,26.50,100.00, 5.08,13.71	20:A100,27.00,100.00,10.97,10.97	25:A100,28.10,100.00,20.25,49.99	30:A100,26.40,100.00,13.13,29.54	35:A100,32.90,100.00,47.14,48.01	40:A100,28.00,100.00,14.39,14.39	45:A100,29.00,100.00, 0.85, 0.69	
0:A100,29.70,100.00, 2.28,18.71	5:A100,28.60,100.00,25.54,13.26	10:A100,27.00,100.00,16.10, 6.46	15:A100,27.00,100.00, 5.08,13.71	20:A100,27.50,100.00,10.97,10.97	25:A100,28.60,100.00,20.25,49.99	30:A100,26.90,100.00,13.13,29.54	35:A100,33.40,100.00,47.14,48.01	40:A100,28.50,100.00,14.39,14.39	45:A100,29.50,100.00, 0.85, 0.69	
0:A100,30.20,100.00, 2.28,18.71	5:A100,29.10,100.00,25.54,13.26	10:A100,27.50,100.00,16.10, 6.46	15:A100,27.50,100.00, 5.08,13.71	20:A100,28.00,100.00,10.97,10.97	25:A100,29.10,100.00,20.25,49.99	30:A100,27.40,100.00,13.13,29.54	35:A100,33.90,100.00,47.14,48.01	40:A100,29.00,100.00,14.39,14.39	45:A100,30.00,100.00, 0.85, 0.69	
0:A100,30.70,100.00, 2.28,18.71	5:A100,29.60,100.00,25.54,13.26	10:A100,28.00,100.00,16.10, 6.46	15:A100,28.00,100.00, 5.08,13.71	20:A100,28.50,100.00,10.97,10.97	25:A100,29.60,100.00,20.25,49.99	30:A100,27.90,100.00,13.13,29.54	35:A100,34.40,100.00,47.14,48.01	40:A100,29.50,100.00,14.39,14.39	45:A100,30.50,100.00, 0.85, 0.69	
0:C180,31.60,100.00, 2.28,163.07	5:A100,30.10,100.00,25.54,13.26	10:A100,28.50,100.00,16.10, 6.46	15:A100,28.50,100.00, 5.08,13.71	20:A100,29.00,100.00,10.97,10.97	25:A100,30.10,100.00,20.25,49.99	30:A100,28.40,100.00,13.13,29.54	35:A100,34.90,100.00,47.14,48.01	40:A100,30.00,100.00,14.39,14.39	45:A100,31.00,100.00, 0.85, 0.69	
0:C000,31.60,100.00, 2.28,17.11	5:A100,30.60,100.00,25.54,13.26	10:A100,29.00,100.00,16.10, 6.46	15:A100,29.00,100.00, 5.08,13.71	20:A100,29.50,100.00,10.97,10.97	25:A100,30.60,100.00,20.25,49.99	30:C000,28.40,100.00,13.13,15.02	35:A100,35.40,100.00,47.14,48.01	40:A100,30.50,100.00,14.39,14.39	45:A100,31.50,100.00, 0.85, 0.69	
0:A100,32.10,100.00, 2.28,17.11	5:A100,31.10,100.00,25.54,13.26	10:B220,30.10,100.00,138.19, 6.46	15:A100,29.50,100.00, 5.08,13.71	20:A100,30.00,100.00,10.97,10.97	25:C000,30.60,100.00,20.25,18.18	30:A100,28.90,100.00,13.13,15.02	35:A100,35.90,100.00,47.14,48.01	40:C180,31.40,100.00,14.39,156.16	45:A100,32.00,100.00, 0.85, 0.69	
0:A100,32.60,100.00, 2.28,17.11	5:A100,31.60,100.00,25.54,13.26	10:B000,30.10,100.00,55.44, 6.46	15:A100,30.00,100.00, 5.08,13.71	20:A100,30.50,100.00,10.97,10.97	25:A100,31.10,100.00,20.25,18.18	30:A100,29.40,100.00,13.13,15.02	35:A100,36.40,100.00,47.14,48.01	40:A100,31.90,100.00,14.39,156.16	45:A100,32.50,100.00, 0.85, 0.69	
0:A100,33.10,100.00, 2.28,17.11	5:A100,32.10,100.00,25.54,13.26	10:A100,30.60,100.00,55.44, 6.46	15:A100,30.50,100.00, 5.08,13.71	20:A100,31.00,100.00,10.97,10.97	25:A100,31.60,100.00,20.25,18.18	30:A100,29.90,100.00,13.13,15.02	35:A100,36.90,100.00,47.14,48.01	40:C180,32.80,100.00,14.39,176.57	45:A100,33.00,100.00, 0.85, 0.69	
0:A100,33.60,100.00, 2.28,17.11	5:A100,32.60,100.00,25.54,13.26	10:A100,31.10,100.00,55.44, 6.46	15:A100,31.00,100.00, 5.08,13.71	20:A100,31.50,100.00,10.97,10.97	25:A100,32.10,100.00,20.25,18.18	30:A100,30.40,100.00,13.13,15.02	35:A100,37.40,100.00,47.14,48.01	40:C180,33.70,100.00,14.39,179.51	45:A100,33.50,100.00, 0.85, 0.69	
0:A100,34.10,100.00, 2.28,17.11	5:A100,33.10,100.00,25.54,13.26	10:A100,31.60,100.00,55.44, 6.46	15:A100,31.50,100.00, 5.08,13.71	20:A100,32.00,100.00,10.97,10.97	25:A100,32.60,100.00,20.25,18.18	30:A100,30.90,100.00,13.13,15.02	35:A100,37.90,100.00,47.14,48.01	40:C000,33.70,100.00,14.39,25.84	45:A100,34.00,100.00, 0.85, 0.69	
0:A100,34.60,100.00, 2.28,17.11	5:A100,33.60,100.00,25.54,13.26	10:A100,32.10,100.00,55.44, 6.46	15:A100,32.00,100.00, 5.08,13.71	20:A100,32.50,100.00,10.97,10.97	25:A100,33.10,100.00,20.25,18.18	30:A100,31.40,100.00,13.13,15.02	35:A100,38.40,100.00,47.14,48.01	40:A100,34.20,100.00,14.39,25.84	45:A100,34.50,100.00, 0.85, 0.69	
0:A100,35.10,100.00, 2.28,17.11	5:A100,34.10,100.00,25.54,13.26	10:A100,32.60,100.00,55.44, 6.46	15:A100,32.50,100.00, 5.08,13.71	20:A100,33.00,100.00,10.97,10.97	25:A100,33.60,100.00,20.25,18.18	30:A100,31.90,100.00,13.13,15.02	35:A100,38.90,100.00,47.14,48.01	40:A100,34.70,100.00,14.39,25.84	45:A100,35.00,100.00, 0.85, 0.69	
0:A100,35.60,100.00, 2.28,17.11	5:A100,34.60,100.00,25.54,13.26	10:A100,33.10,100.00,55.44, 6.46	15:A100,33.00,100.00, 5.08,13.71	20:A100,33.50,100.00,10.97,10.97	25:A100,34.10,100.00,20.25,18.18	30:C000,31.90,100.00,13.13, 7.63	35:A100,39.40,100.00,47.14,48.01	40:A100,35.20,100.00,14.39,25.84	45:A100,35.50,100.00, 0.85, 0.69	
0:A100,36.10,100.00, 2.28,17.11	5:A100,35.10,100.00,25.54,13.26	10:A100,33.60,100.00,55.44, 6.46	15:A100,33.50,100.00, 5.08,13.71	20:A100,34.00,100.00,10.97,10.97	25:A100,34.60,100.00,20.25,18.18	30:A100,32.40,100.00,13.13, 7.63	35:C000,39.40,100.00,47.14,12.99	40:A100,35.70,100.00,14.39,25.84	45:A100,36.00,100.00, 0.85, 0.69	
0:A100,36.60,100.00, 2.28,17.11	5:A100,35.60,100.00,25.54,13.26	10:A100,34.10,100.00,55.44, 6.46	15:A100,34.00,100.00, 5.08,13.71	20:A100,34.50,100.00,10.97,10.97	25:A100,35.10,100.00,20.25,18.18	30:A100,32.90,100.00,13.13, 7.63	35:B220,40.50,100.00,173.22,12.99	40:A100,36.20,100.00,14.39,25.84	45:A100,36.50,100.00, 0.85, 0.69	
0:A100,37.10,100.00, 2.28,17.11	5:A100,36.10,100.00,25.54,13.26	10:B000,34.10,100.00,22.24, 6.46	15:A100,34.50,100.00, 5.08,13.71	20:A100,35.00,100.00,10.97,10.97	25:A100,35.60,100.00,20.25,18.18	30:A100,33.40,100.00,13.13, 7.63	35:B220,41.60,100.00,207.34,12.99	40:A100,36.70,100.00,14.39,25.84	45:A100,37.00,100.00, 0.85, 0.69	
0:A100,37.60,100.00, 2.28,17.11	5:A100,36.60,100.00,25.54,13.26	10:A100,34.60,100.00,22.24, 6.46	15:A100,35.00,100.00, 5.08,13.71	20:A100,35.50,100.00,10.97,10.97	25:A100,36.10,100.00,20.25,18.18	30:A100,33.90,100.00,13.13, 7.63	35:B220,42.70,100.00,216.57,12.99	40:C180,37.60,100.00,14.39,157.81	45:A100,37.50,100.00, 0.85, 0.69	
0:A100,38.10,100.00, 2.28,17.11	5:A100,37.10,100.00,25.54,13.26	10:A100,35.10,100.00,22.24, 6.46	15:A100,35.50,100.00, 5.08,13.71	20:A100,36.00,100.00,10.97,10.97	25:A100,36.60,100.00,20.25,18.18	30:A100,34.40,100.00,13.13, 7.63	35:B220,43.80,100.00,219.07,12.99	40:A100,38.10,100.00,14.39,157.81	45:A100,38.00,100.00, 0.85, 0.69	
0:A100,38.60,100.00, 2.28,17.11	5:A100,37.60,100.00,25.54,13.26	10:A100,35.60,100.00,22.24, 6.46	15:A100,36.00,100.00, 5.08,13.71	20:A100,36.50,100.00,10.97,10.97	25:A100,37.10,100.00,20.25,18.18	30:B000,34.40,100.00, 6.68, 7.63	35:B220,44.90,100.00,219.75,12.99	40:A100,38.60,100.00,14.39,157.81	45:A100,38.50,100.00, 0.85, 0.69	
0:A100,39.10,100.00, 2.28,17.11	5:A100,38.10,100.00,25.54,13.26	10:A100,36.10,100.00,22.24, 6.46	15:A100,36.50,100.00, 5.08,13.71	20:A100,37.00,100.00,10.97,10.97	25:A100,37.60,100.00,20.25,18.18	30:A100,34.90,100.00, 6.68, 7.63	35:B000,44.90,100.00,59.47,12.99	40:C180,39.50,100.00,14.39,176.81	45:A100,39.00,100.00, 0.85, 0.69	
0:A100,39.60,100.00, 2.28,17.11	5:A100,38.60,100.00,25.54,13.26	10:B220,37.20,100.00,140.66, 6.46	15:A100,37.00,100.00, 5.08,13.71	20:A100,37.50,100.00,10.97,10.97	25:A100,38.10,100.00,20.25,18.18	30:A100,35.40,100.00, 6.68, 7.63	35:A100,45.40,100.00,59.47,12.99	40:C180,40.40,100.00,14.39,179.54	45:A100,39.50,100.00, 0.85, 0.69	
0:A100,40.10,100.00, 2.28,17.11	5:A100,39.10,100.00,25.54,13.26	10:B220,38.30,100.00,188.17, 6.46	15:A100,37.50,100.00, 5.08,13.71	20:A100,38.00,100.00,10.97,10.97	25:A100,38.60,100.00,20.25,18.18	30:A100,35.90,100.00, 6.68, 7.63	35:A100,45.90,100.00,59.47,12.99	40:C180,41.30,100.00,14.39,179.93	45:A100,40.00,100.00, 0.85, 0.69	
0:A100,40.60,100.00, 2.28,17.11	5:A100,39.60,100.00,25.54,13.26	10:B000,38.30,100.00,75.49, 6.46	15:A100,38.00,100.00, 5.08,13.71	20:A100,38.50,100.00,10.97,10.97	25:A100,39.10,100.00,20.25,18.18	30:A100,36.40,100.00, 6.68, 7.63	35:A100,46.40,100.00,59.47,12.99	40:C000,41.30,100.00,14.39,25.90	45:A100,40.50,100.00, 0.85, 0.69	
0:A100,41.10,100.00, 2.28,17.11	5:A100,40.10,100.00,25.54,13.26	10:A100,38.80,100.00,75.49, 6.46	15:A100,38.50,100.00, 5.08,13.71	20:A100,39.00,100.00,10.97,10.97	25:A100,39.60,100.00,20.25,18.18	30:A100,36.90,100.00, 6.68, 7.63	35:A100,46.90,100.00,59.47,12.99	40:A100,41.80,100.00,14.39,25.90	45:A100,41.00,100.00, 0.85, 0.69	
0:A100,41.60,100.00, 2.28,17.11	5:A100,40.60,100.00,25.54,13.26	10:A100,39.30,100.00,75.49, 6.46	15:A100,39.00,100.00, 5.08,13.71	20:A100,39.50,100.00,10.97,10.97	25:A100,40.10,100.00,20.25,18.18	30:A100,37.40,100.00, 6.68, 7.63	35:A100,47.40,100.00,59.47,12.99	40:A100,42.30,100.00,14.39,25.90	45:A100,41.50,100.00, 0.85, 0.69	
0:A100,42.10,100.00, 2.28,17.11	5:A100,41.10,100.00,25.54,13.26	10:B220,40.40,100.00,162.02, 6.46	15:A100,39.50,100.00, 5.08,13.71	20:A100,40.00,100.00,10.97,10.97	25:C180,41.00,100.00,20.25,121.17	30:A100,37.90,100.00, 6.68, 7.63	35:A100,47.90,100.00,59.47,12.99	40:A100,42.80,100.00,14.39,25.90	45:A100,42.00,100.00, 0.85, 0.69	
0:A100,42.60,100.00, 2.28,17.11	5:A100,41.60,100.00,25.54,13.26	10:B220,41.50,100.00,196.74, 6.46	15:A100,40.00,100.00, 5.08,13.71	20:A100,40.50,100.00,10.97,10.97	25:C180,41.90,100.00,20.25,158.61	30:A100,38.40,100.00, 6.68, 7.63	35:A100,48.40,100.00,59.47,12.99	40:A100,43.30,100.00,14.39,25.90	45:A100,42.50,100.00, 0.85, 0.69	
0:A100,43.10,100.00, 2.28,17.11	5:A100,42.10,100.00,25.54,13.26	10:B220,42.60,100.00,210.67, 6.46	15:B000,40.00,100.00, 1.88,13.71	20:A100,41.00,100.00,10.97,10.97	25:C180,42.80,100.00,20.25,172.22	30:A100,38.90,100.00, 6.68, 7.63	35:B220,49.50,100.00,176.56,12.99	40:A100,43.80,100.00,14.39,25.90	45:A100,43.00,100.00, 0.85, 0.69	
0:A100,43.60,100.00, 2.28,17.11	5:A100,42.60,100.00,25.54,13.26	10:B220,43.70,100.00,216.26, 6.46	15:A100,40.50,100.00, 1.88,13.71	20:A100,41.50,100.00,10.97,10.97	25:C180,43.70,100.00,20.25,177.17	30:A100,39.40,100.00, 6.68, 7.63	35:B000,49.50,100.00,47.78,12.99	40:A100,44.30,100.00,14.39,25.90	45:A100,43.50,100.00, 0.85, 0.69	
0:A100,44.10,100.00, 2.28,17.11	5:A100,43.10,100.00,25.54,13.26	10:B000,43.70,100.00,86.76, 6.46	15:A100,41.00,100.00, 1.88,13.71	20:A100,42.00,100.00,10.97,10.97	25:C180,44.60,100.00,20.25,178.97	30:A100,39.90,100.00, 6.68, 7.63	35:A100,50.00,100.00,47.78,12.99	40:A100,44.80,100.00,14.39,25.90	45:A100,44.00,100.00, 0.85, 0.69	
0:A100,44.60,100.00, 2.28,17.11	5:A100,43.60,100.00,25.54,13.26	10:B000,43.70,100.00,34.81, 6.46	15:A100,41.50,100.00, 1.88,13.71	20:A100,42.50,100.00,10.97,10.97	25:C000,44.60,100.00,20.25,65.07	30:A100,40.40,100.00, 6.68, 7.63	35:A100,50.50,100.00,47.78,12.99	40:A100,45.30,100.00,14.39,25.90	45:A100,44.50,100.00, 0.85, 0.69	
0:A100,45.10,100.00, 2.28,17.11	5:A100,44.10,100.00,25.54,13.26	10:A100,44.20,100.00,34.81, 6.46	15:A100,42.00,100.00, 1.88,13.71	20:A100,43.00,100.00,10.97,10.97	25:A100,45.10,100.00,20.25,65.07	30:A100,40.90,100.00, 6.68, 7.63	35:A100,51.00,100.00,47.78,12.99	40:A100,45.80,100.00,14.39,25.90	45:A100,45.00,100.00, 0.85, 0.69	
0:C000,45.10,100.00, 2.28, 1.80	5:A100,44.60,100.00,25.54,13.26	10:A100,44.70,100.00,34.81, 6.46	15:A100,42.50,100.00, 1.88,13.71	20:A100,43.50,100.00,10.97,10.97	25:A100,45.60,100.00,20.25,65.07	30:A100,41.40,100.00, 6.68, 7.63	35:A100,51.50,100.00,47.78,12.99	40:A100,46.30,100.00,14.39,25.90	45:A100,45.50,100.00, 0.85, 0.69	
0:A100,45.60,100.00, 2.28, 1.80	5:A100,45.10,100.00,25.54,13.26	10:A100,45.20,100.00,34.81, 6.46	15:A100,43.00,100.00, 1.88,13.71	20:A100,44.00,100.00,10.97,10.97	25:C180,46.50,100.00,20.25,138.21	30:A100,41.90,100.00, 6.68, 7.63	35:A100,52.00,100.00,47.78,12.99	40:A100,46.80,100.00,14.39,25.90	45:A100,46.00,100.00, 0.85, 0.69	
0:A100,46.10,100.00, 2.28, 1.80	5:A100,45.60,100.00,25.54,13.26	10:B220,46.30,100.00,145.70, 6.46	15:A100,43.50,100.00, 1.88,13.71	20:A100,44.50,100.00,10.97,10.97	25:C000,46.50,100.00,20.25,50.25	30:A100,42.40,100.00, 6.68, 7.63	35:A100,52.50,100.00,47.78,12.99	40:A100,47.30,100.00,14.39,25.90	45:A100,46.50,100.00, 0.85, 0.69	
0:A100,46.60,100.00, 2.28, 1.80	5:A100,46.10,100.00,25.54,13.26	10:B220,47.40,100.00,190.19, 6.46	15:A100,44.00,100.00, 1.88,13.71	20:A100,45.00,100.00,10.97,10.97	25:C180,47.40,100.00,20.25,132.83	30:B000,42.40,100.00, 3.39, 7.63	35:A100,53.00,100.00,47.78,12.99	40:A100,47.80,100.00,14.39,25.90	45:A100,47.00,100.00, 0.85, 0.69	
0:A100,47.10,100.00, 2.28, 1.80	5:A100,46.60,100.00,25.54,13.26	10:B000,47.40,100.00,76.30, 6.46	15:A100,44.50,100.00, 1.88,13.71	20:A100,45.50,100.00,10.97,10.97	25:A100,47.90,100.00,20.25,132.83	30:A100,42.90,100.00, 3.39, 7.63	35:A100,53.50,100.00,47.78,12.99	40:A100,48.30,100.00,14.39,25.90	45:A100,47.50,100.00, 0.85, 0.69	
0:A100,47.60,100.00, 2.28, 1.80	5:A100,47.10,100.00,25.54,13.26	10:A100,47.90,100.00,76.30, 6.46	15:A100,45.00,100.00, 1.88,13.71	20:A100,46.00,100.00,10.97,10.97	25:C180,48.80,100.00,20.25,162.85	30:A100,43.40,100.00, 3.39, 7.63	35:A100,54.00,100.00,47.78,12.99	40:A100,48.80,100.00,14.39,25.90	45:A100,48.00,100.00, 0.85, 0.69	
0:A100,48.10,100.00, 2.28, 1.80	5:A100,47.60,100.00,25.54,13.26	10:A100,48.40,100.00,76.30, 6.46	15:A100,45.50,100.00, 1.88,13.71	20:A100,46.50,100.00,10.97,10.97	25:C180,49.70,100.00,20.25,173.76	30:A100,43.90,100.00, 3.39, 7.63	35:A100,54.50,100.00,47.78,12.99	40:A100,49.30,100.00,14.39,25.90	45:A100,48.50,100.00, 0.85, 0.69	
0:A100,48.60,100.00, 2.28, 1.80	5:C000,47.60,100.00,25.54, 1.76	10:A100,48.90,100.00,76.30, 6.46	15:A100,46.00,100.00, 1.88,13.71	20:A100,47.00,100.00,10.97,10.97	25:C180,50.60,100.00,20.25,177.73	30:A100,44.40,100.00, 3.39, 7.63	35:A100,55.00,100.00,47.78,12.99	40:A100,49.80,100.00,14.39,25.90	45:A100,49.00,100.00, 0.85, 0.69	
0:A100,49.10,100.00, 2.28, 1.80	5:A100,48.10,100.00,25.54, 1.76	10:A100,49.40,100.00,76.30, 6.46	15:A100,46.50,100.00, 1.88,13.71	20:A100,47.50,100.00,10.97,10.97	25:C180,51.50,100.00,20.25,179.18	30:A100,44.90,100.00, 3.39, 7.63	35:A100,55.50,100.00,47.78,12.99	40:A100,50.30,100.00,14.39,25.90	45:A100,49.50,100.00, 0.85, 0.69	
0:A100,49.60,100.00, 2.28, 1.80	5:A100,48.60,100.00,25.54, 1.76	10:A100,49.90,100.00,76.30, 6.46	15:A100,47.00,100.00, 1.88,13.71	20:A100,48.00,100.00,10.97,10.97	25:C000,51.50,100.00,20.25,65.14	30:A100,45.40,100.00, 3.39, 7.63	35:A100,56.00,100.00,47.78,12.99	40:A100,50.80,100.00,14.39,25.90	45:A100,50.00,100.00, 0.85, 0.69	
0:A100,50.10,100.00, 2.28, 1.80	5:A100,49.10,100.00,25.54, 1.76	10:B000,49.90,100.00,30.61, 6.46	15:A100,47.50,100.00, 1.88,13.71	20:A100,48.50,100.00,10.97,10.97	25:C000,51.50,100.00,20.25,23.68	30:A100,45.90,100.00, 3.39, 7.63	35:B220,57.10,100.00,173.39,12.99	40:A100,51.30,100.00,14.39,25.90	45:A100,50.50,100.00, 0.85, 0.69	
0:A100,50.60,100.00, 2.28, 1.80	5:A100,49.60,100.00,25.54, 1.76	10:A100,50.40,100.00,30.61, 6.46	15:A100,48.00,100.00, 1.88,13.71	20:A100,49.00,100.00,10.97,10.97	25:A100,52.00,100.00,20.25,23.68	30:A100,46.40,100.00, 3.39, 7.63	35:B220,58.20,100.00,207.39,12.99	40:A100,51.80,100.00,14.39,25.90	45:A100,51.00,100.00, 0.85, 0.69	
0:A100,51.10,100.00, 2.28, 1.80	5:A100,50.10,100.00,25.54, 1.76	10:A100,50.90,100.00,30.61, 6.46	15:A100,48.50,100.00, 1.88,13.71	20:A100,49.50,100.00,10.97,10.97	25:A100,52.50,100.00,20.25,23.68	30:A100,46.90,100.00, 3.39, 7.63	35:B220,59.30,100.00,216.59,12.99	40:A100,52.30,100.00,14.39,25.90	45:A100,51.50,100.00, 0.85, 0.69	
0:A100,51.60,100.00, 2.28, 1.80	5:A100,50.60,100.00,25.54, 1.76	10:A100,51.40,100.00,30.61, 6.46	15:A100,49.00,100.00, 1.88,13.71	20:A100,50.00,100.00,10.97,10.97	25:A100,53.00,100.00,20.25,23.68	30:A100,47.40,100.00, 3.39, 7.63	35:B220,60.40,100.00,219.08,12.99	40:A100,52.80,100.00,14.39,25.90	45:A100,52.00,100.00, 0.85, 0.69	
0:A100,52.10,100.00, 2.28, 1.80	5:A100,51.10,100.00,25.54, 1.76	10:A100,51.90,100.00,30.61, 6.46	15:A100,49.50,100.00, 1.88,13.71	20:A100,50.50,100.00,10.97,10.97	25:A100,53.50,100.00,20.25,23.68	30:A100,47.90,100.00, 3.39, 7.63	35:B220,61.50,100.00,219.75,12.99	40:A100,53.30,100.00,14.39,25.90	45:A100,52.50,100.00, 0.85, 0.69	
0:A100,52.60,100.00, 2.28, 1.80	5:A100,51.60,100.00,25.54, 1.76	10:A100,52.40,100.00,30.61, 6.46	15:A100,50.00,100.00, 1.88,13.71	20:A100,51.00,100.00,10.97,10.97	25:A100,54.00,100.00,20.25,23.68	30:C180,48.80,100.00, 3.39,92.39	35:B000,61.50,100.00,59.47,12.99	40:A100,53.80,100.00,14.39,25.90	45:A100,53.00,100.00, 0.85, 0.69	
0:A100,53.10,100.00, 2.28, 1.80	5:A100,52.10,100.00,25.54, 1.76	10:A100,52.90,100.00,30.61, 6.46	15:A100,50.50,100.00, 1.88,13.71	20:A100,51.50,100.00,10.97,10.97	25:A100,54.50,100.00,20.25,23.68	30:A100,49.30,100.00, 3.39,92.39	35:A100,62.00,100.00,59.47,12.99	40:A100,54.30,100.00,14.39,25.90	45:A100,53.50,100.00, 0.85, 0.69	
0:A100,53.60,100.00, 2.28, 1.80	5:A100,52.60,100.00,25.54, 1.76	10:A100,53.40,100.00,30.61, 6.46	15:A100,51.00,100.00, 1.88,13.71	20:A100,52.00,100.00,10.97,10.97	25:A100,55.00,100.00,20.25,23.68	30:C180,50.20,100.00, 3.39,135.46	35:A100,62.50,100.00,59.47,12.99	40:A100,54.80,100.00,14.39,25.90	45:A100,54.00,100.00, 0.85, 0.69	
0:A100,54.10,100.00, 2.28, 1.80	5:A100,53.10,100.00,25.54, 1.76	10:A100,53.90,100.00,30.61, 6.46	15:A100,51.50,100.00, 1.88,13.71	20:A100,52.50,100.00,10.97,10.97	25:A100,55.50,100.00,20.25,23.68	30:C000,50.20,100.00, 3.39,68.86	35:A100,63.00,100.00,59.47,12.99	40:A100,55.30,100.00,14.39,25.90	45:A100,54.50,100.00, 0.85, 0.69	
0:A100,54.60,100.00, 2.28, 1.80	5:A100,53.60,100.00,25.54, 1.76	10:A100,54.40,100.00,30.61, 6.46	15:A100,52.00,100.00, 1.88,13.71	20:A100,53.00,100.00,10.97,10.97	25:A100,56.00,100.00,20.25,23.68	30:A100,50.70,100.00, 3.39,68.86	35:A100,63.50,100.00,59.47,12.99	40:A100,55.80,100.00,14.39,25.90	45:A100,55.00,100.00, 0.85, 0.69	
0:A100,55.10,100.00, 2.28, 1.80	5:A100,54.10,100.00,25.54, 1.76	10:A100,54.90,100.00,30.61, 6.46	15:A100,52.50,100.00, 1.88,13.71	20:A100,53.50,100.00,10.97,10.97	25:A100,56.50,100.00,20.25,23.68	30:A100,51.20,100.00, 3.39,68.86	35:A100,64.00,100.00,59.47,12.99	40:A100,56.30,100.00,14.39,25.90	45:A100,55.50,100.00, 0.85, 0.69	
0:A100,55.60,100.00, 2.28, 1.80	5:A100,54.60,100.00,25.54, 1.76	10:A100,55.40,100.00,30.61, 6.46	15:A100,53.00,100.00, 1.88,13.71	20:A100,54.00,100.00,10.97,10.97	25:A100,57.00,100.00,20.25,23.68	30:A100,51.70,100.00, 3.39,68.86	35:A100,64.50,100.00,59.47,12.99	40:A100,56.80,100.00,14.39,25.90	45:A100,56.00,100.00, 0.85, 0.69	
0:A100,56.10,100.00, 2.28, 1.80	5:A100,55.10,100.00,25.54, 1.76	10:A100,55.90,100.00,30.61, 6.46	15:A100,53.50,100.00, 1.88,13.71	20:A100,54.50,100.00,10.97,10.97	25:A100,57.50,100.00,20.25,23.68	30:A100,52.20,100.00, 3.39,68.86	35:B220,65.60,100.00,176.56,12.99	40:A100,57.30,100.00,14.39,25.90	45:A100,56.50,100.00, 0.85, 0.69	
0:A100,56.60,100.00, 2.28, 1.80	5:A100,55.60,100.00,25.54, 1.76	10:A100,56.40,100.00,30.61, 6.46	15:A100,54.00,100.00, 1.88,13.71	20:A100,55.00,100.00,10.97,10.97	25:A100,58.00,100.00,20.25,23.68	30:A100,52.70,100.00, 3.39,68.86	35:B220,66.70,100.00,208.24,12.99	40:A100,57.80,100.00,14.39,25.90	45:A100,57.00,100.00, 0.85, 0.69	
0:A100,57.10,100.00, 2.28, 1.80	5:A100,56.10,100.00,25.54, 1.76	10:A100,56.90,100.00,30.61, 6.46	15:A100,54.50,100.00, 1.88,13.71	20:A100,55.50,100.00,10.97,10.97	25:A100,58.50,100.00,20.25,23.68	30:A100,53.20,100.00, 3.39,68.86	35:B000,66.70,100.00,56.36,12.99	40:A100,58.30,100.00,14.39,25.90	45:A100,57.50,100.00, 0.85, 0.69	
0:A100,57.60,100.00, 2.28, 1.80	5:A100,56.60,100.00,25.54, 1.76	10:A100,57.40,100.00,30.61, 6.46	15:A100,55.00,100.00, 1.88,13.71	20:A100,56.00,100.00,10.97,10.97	25:A100,59.00,100.00,20.25,23.68	30:A100,53.70,100.00, 3.39,68.86	35:B000,66.70,100.00,15.25,12.99	40:A100,58.80,100.00,14.39,25.90	45:A100,58.00,100.00, 0.85, 0.69	
0:A100,58.10,100.00, 2.28, 1.80	5:A100,57.10,100.00,25.54, 1.76	10:A100,57.90,100.00,30.61, 6.46	15:A100,55.50,100.00, 1.88,13.71	20:A100,56.50,100.00,10.97,10.97	25:A100,59.50,100.00,20.25,23.68	30:A100,54.20,100.00, 3.39,68.86	35:A100,67.20,100.00,15.25,12.99	40:A100,59.30,100.00,14.39,25.90	45:A100,58.50,100.00, 0.85, 0.69	
0:A100,58.60,100.00, 2.28, 1.80	5:A100,57.60,100.00,25.54, 1.76	10:A100,58.40,100.00,30.61, 6.46	15:A100,56.00,100.00, 1.88,13.71	20:A100,57.00,100.00,10.97,10.97	25:A100,60.00,100.00,20.25,23.68	30:A100,54.70,100.00, 3.39,68.86	35:A100,67.70,100.00,15.25,12.99	40:A100,59.80,100.00,14.39,25.90	45:A100,59.00,100.00, 0.85, 0.69	
0:A100,59.10,100.00, 2.28, 1.80	5:A100,58.10,100.00,25.54, 1.76	10:A100,58.90,100.00,30.61, 6.46	15:A100,56.50,100.00, 1.88,13.71	20:A100,57.50,100.00,10.97,10.97	25:A100,60.50,100.00,20.25,23.68	30:A100,55.20,100.00, 3.39,68.86	35:A100,68.20,100.00,15.25,12.99	40:A100,60.30,100.00,14.39,25.90	45:A100,59.50,100.00, 0.85, 0.69	
0:A100,59.60,100.00, 2.28, 1.80	5:A100,58.60,100.00,25.54, 1.76	10:A100,59.40,100.00,30.61, 6.46	15:A100,57.00,100.00, 1.88,13.71	20:A100,58.00,100.00,10.97,10.97	25:A100,61.00,100.00,20.25,23.68	30:C180,56.10,100.00, 3.39,123.51	35:A100,68.70,100.00,15.25,12.99	40:A100,60.80,100.00,14.39,25.90	45:A100,60.00,100.00, 0.85, 0.69	
0:A100,60.10,100.00, 2.28, 1.80	5:A100,59.10,100.00,25.54, 1.76	10:A100,59.90,100.00,30.61, 6.46	15:A100,57.50,100.00, 1.88,13.71	20:A100,58.50,100.00,10.97,10.97	25:A100,61.50,100.00,20.25,23.68	30:C000,56.10,100.00, 3.39,62.78	35:A100,69.20,100.00,15.25,12.99	40:A100,61.30,100.00,14.39,25.90	45:A100,60.50,100.00, 0.85, 0.69	
0:A100,60.60,100.00, 2.28, 1.80	5:A100,59.60,100.00,25.54, 1.76	10:A100,60.40,100.00,30.61, 6.46	15:A100,58.00,100.00, 1.88,13.71	20:A100,59.00,100.00,10.97,10.97	25:C180,62.40,100.00,20.25,123.17	30:A100,56.60,100.00, 3.39,62.78	35:A100,69.70,100.00,15.25,12.99	40:A100,61.80,100.00,14.39,25.90	45:A100,61.00,100.00, 0.85, 0.69	
0:A100,61.10,100.00, 2.28, 1.80	5:A100,60.10,100.00,25.54, 1.76	10:A100,60.90,100.00,30.61, 6.46	15:A100,58.50,100.00, 1.88,13.71	20:A100,59.50,100.00,10.97,10.97	25:C000,62.40,100.00,20.25,44.78	30:A100,57.10,100.00, 3.39,62.78	35:A100,70.20,100.00,15.25,12.99	40:A100,62.30,100.00,14.39,25.90	45:A100,61.50,100.00, 0.85, 0.69	
0:A100,61.60,100.00, 2.28, 1.80	5:A100,60.60,100.00,25.54, 1.76	10:A100,61.40,100.00,30.61, 6.46	15:A100,59.00,100.00, 1.88,13.71	20:B000,59.50,100.00, 3.63,10.97	25:A100,62.90,100.00,20.25,44.78	30:A100,57.60,100.00, 3.39,62.78	35:A100,70.70,100.00,15.25,12.99	40:A100,62.80,100.00,14.39,25.90	45:A100,62.00,100.00, 0.85, 0.69	
0:A100,62.10,100.00, 2.28, 1.80	5:A100,61.10,100.00,25.54, 1.76	10:A100,61.90,100.00,30.61, 6.46	15:A100,59.50,100.00, 1.88,13.71	20:A100,60.00,100.00, 3.63,10.97	25:A100,63.40,100.00,20.25,44.78	30:A100,58.10,100.00, 3.39,62.78	35:A100,71.20,100.00,15.25,12.99	40:A100,63.30,100.00,14.39,25.90	45:A100,62.50,100.00, 0.85, 0.69	
0:A100,62.60,100.00, 2.28, 1.80	5:A100,61.60,100.00,25.54, 1.76	10:A100,62.40,100.00,30.61, 6.46	15:A100,60.00,100.00, 1.88,13.71	20:A100,60.50,100.00, 3.63,10.97	25:A100,63.90,100.00,20.25,44.78	30:B000,58.10,100.00, 1.72,62.78	35:A100,71.70,100.00,15.25,12.99	40:A100,63.80,100.00,14.39,25.90	45:A100,63.00,100.00, 0.85, 0.69	
0:A100,63.10,100.00, 2.28, 1.80	5:A100,62.10,100.00,25.54, 1.76	10:A100,62.90,100.00,30.61, 6.46	15:A100,60.50,100.00, 1.88,13.71	20:A100,61.00,100.00, 3.63,10.97	25:A100,64.40,100.00,20.25,44.78	30:C180,59.00,100.00, 1.72,120.42	35:A100,72.20,100.00,15.25,12.99	40:A100,64.30,100.00,14.39,25.90	45:A100,63.50,100.00, 0.85, 0.69	
0:A100,63.60,100.00, 2.28, 1.80	5:A100,62.60,100.00,25.54, 1.76	10:A100,63.40,100.00,30.61, 6.46	15:A100,61.00,100.00, 1.88,13.71	20:A100,61.50,100.00, 3.63,10.97	25:A100,64.90,100.00,20.25,44.78	30:C000,59.00,100.00, 1.72,61.21	35:A100,72.70,100.00,15.25,12.99	40:A100,64.80,100.00,14.39,25.90	45:A100,64.00,100.00, 0.85, 0.69	
0:A100,64.10,100.00, 2.28, 1.80	5:A100,63.10,100.00,25.54, 1.76	10:A100,63.90,100.00,30.61, 6.46	15:A100,61.50,100.00, 1.88,13.71	20:A100,62.00,100.00, 3.63,10.97	25:A100,65.40,100.00,20.25,44.78	30:A100,59.50,100.00, 1.72,61.21	35:A100,73.20,100.00,15.25,12.99	40:A100,65.30,100.00,14.39,25.90	45:A100,64.50,100.00, 0.85, 0.69	
0:A100,64.60,100.00, 2.28, 1.80	5:A100,63.60,100.00,25.54, 1.76	10:A100,64.40,100.00,30.61, 6.46	15:A100,62.00,100.00, 1.88,13.71	20:A100,62.50,100.00, 3.63,10.97	25:A100,65.90,100.00,20.25,44.78	30:A100,60.00,100.00, 1.72,61.21	35:A100,73.70,100.00,15.25,12.99	40:A100,65.80,100.00,14.39,25.90	45:A100,65.00,100.00, 0.85, 0.69	
0:A100,65.10,100.00, 2.28, 1.80	5:A100,64.10,100.00,25.54, 1.76	10:A100,64.90,100.00,30.61, 6.46	15:A100,62.50,100.00, 1.88,13.71	20:A100,63.00,100.00, 3.63,10.97	25:A100,66.40,100.00,20.25,44.78	30:A100,60.50,100.00, 1.72,61.21	35:A100,74.20,100.00,15.25,12.99	40:A100,66.30,100.00,14.39,25.90	45:A100,65.50,100.00, 0.85, 0.69	
0:A100,65.60,100.00, 2.28, 1.80	5:A100,64.60,100.00,25.54, 1.76	10:A100,65.40,100.00,30.61, 6.46	15:A100,63.00,100.00, 1.88,13.71	20:A100,63.50,100.00, 3.63,10.97	25:A100,66.90,100.00,20.25,44.78	30:A100,61.00,100.00, 1.72,61.21	35:A100,74.70,100.00,15.25,12.99	40:A100,66.80,100.00,14.39,25.90	45:A100,66.00,100.00, 0.85, 0.69	
0:A100,66.10,100.00, 2.28, 1.80	5:A100,65.10,100.00,25.54, 1.76	10:A100,65.90,100.00,30.61, 6.46	15:A100,63.50,100.00, 1.88,13.71	20:A100,64.00,100.00, 3.63,10.97	25:A100,67.40,100.00,20.25,44.78	30:A100,61.50,100.00, 1.72,61.21	35:A100,75.20,100.00,15.25,12.99	40:C000,66.80,100.00,14.39, 3.73	45:A100,66.50,100.00, 0.85, 0.69	
0:A100,66.60,100.00, 2.28, 1.80	5:A100,65.60,100.00,25.54, 1.76	10:A100,66.40,100.00,30.61, 6.46	15:A100,64.00,100.00, 1.88,13.71	20:A100,64.50,100.00, 3.63,10.97	25:A100,67.90,100.00,20.25,44.78	30:A100,62.00,100.00, 1.72,61.21	35:A100,75.70,100.00,15.25,12.99	40:A100,67.30,100.00,14.39, 3.73	45:A100,67.00,100.00, 0.85, 0.69	
0:A100,67.10,100.00, 2.28, 1.80	5:A100,66.10,100.00,25.54, 1.76	10:A100,66.90,100.00,30.61, 6.46	15:A100,64.50,100.00, 1.88,13.71	20:A100,65.00,100.00, 3.63,10.97	25:A100,68.40,100.00,20.25,44.78	30:A100,62.50,100.00, 1.72,61.21	35:A100,76.20,100.00,15.25,12.99	40:A100,67.80,100.00,14.39, 3.73	45:A100,67.50,100.00, 0.85, 0.69	
0:A100,67.60,100.00, 2.28, 1.80	5:A100,66.60,100.00,25.54, 1.76	10:A100,67.40,100.00,30.61, 6.46	15:A100,65.00,100.00, 1.88,13.71	20:A100,65.50,100.00, 3.63,10.97	25:A100,68.90,100.00,20.25,44.78	30:A100,63.00,100.00, 1.72,61.21	35:A100,76.70,100.00,15.25,12.99	40:A100,68.30,100.00,14.39, 3.73	45:A100,68.00,100.00, 0.85, 0.69	
0:A100,68.10,100.00, 2.28, 1.80	5:A100,67.10,100.00,25.54, 1.76	10:A100,67.90,100.00,30.61, 6.46	15:A100,65.50,100.00, 1.88,13.71	20:A100,66.00,100.00, 3.63,10.97	25:A100,69.40,100.00,20.25,44.78	30:A100,63.50,100.00, 1.72,61.21	35:A100,77.20,100.00,15.25,12.99	40:A100,68.80,100.00,14.39, 3.73	45:A100,68.50,100.00, 0.85, 0.69	
0:A100,68.60,100.00, 2.28, 1.80	5:A100,67.60,100.00,25.54, 1.76	10:A100,68.40,100.00,30.61, 6.46	15:A100,66.00,100.00, 1.88,13.71	20:A100,66.50,100.00, 3.63,10.97	25:A100,69.90,100.00,20.25,44.78	30:A100,64.00,100.00, 1.72,61.21	35:A100,77.70,100.00,15.25,12.99	40:A100,69.30,100.00,14.39, 3.73	45:A100,69.00,100.00, 0.85, 0.69	
0:A100,69.10,100.00, 2.28, 1.80	5:A100,68.10,100.00,25.54, 1.76	10:A100,68.90,100.00,30.61, 6.46	15:A100,66.50,100.00, 1.88,13.71	20:A100,67.00,100.00, 3.63,10.97	25:A100,70.40,100.00,20.25,44.78	30:A100,64.50,100.00, 1.72,61.21	35:A100,78.20,100.00,15.25,12.99	40:A100,69.80,100.00,14.39, 3.73	45:A100,69.50,100.00, 0.85, 0.69	
0:A100,69.60,100.00, 2.28, 1.80	5:C000,68.10,100.00,25.54, 0.23	10:A100,69.40,100.00,30.61, 6.46	15:A100,67.00,100.00, 1.88,13.71	20:A100,67.50,100.00, 3.63,10.97	25:A100,70.90,100.00,20.25,44.78	30:A100,65.00,100.00, 1.72,61.21	35:A100,78.70,100.00,15.25,12.99	40:A100,70.30,100.00,14.39, 3.73	45:A100,70.00,100.00, 0.85, 0.69	
0:A100,70.10,100.00, 2.28, 1.80	5:A100,68.60,100.00,25.54, 0.23	10:A100,69.90,100.00,30.61, 6.46	15:A100,67.50,100.00, 1.88,13.71	20:A100,68.00,100.00, 3.63,10.97	25:A100,71.40,100.00,20.25,44.78	30:A100,65.50,100.00, 1.72,61.21	35:A100,79.20,100.00,15.25,12.99	40:A100,70.80,100.00,14.39, 3.73	45:A100,70.50,100.00, 0.85, 0.69	
0:A100,70.60,100.00, 2.28, 1.80	5:A100,69.10,100.00,25.54, 0.23	10:A100,70.40,100.00,30.61, 6.46	15:A100,68.00,100.00, 1.88,13.71	20:A100,68.50,100.00, 3.63,10.97	25:A100,71.90,100.00,20.25,44.78	30:A100,66.00,100.00, 1.72,61.21	35:A100,79.70,100.00,15.25,12.99	40:A100,71.30,100.00,14.39, 3.73	45:A100,71.00,100.00, 0.85, 0.69	
0:A100,71.10,100.00, 2.28, 1.80	5:A100,69.60,100.00,25.54, 0.23	10:A100,70.90,100.00,30.61, 6.46	15:A100,68.50,100.00, 1.88,13.71	20:A100,69.00,100.00, 3.63,10.97	25:A100,72.40,100.00,20.25,44.78	30:A100,66.50,100.00, 1.72,61.21	35:A100,80.20,100.00,15.25,12.99	40:A100,71.80,100.00,14.39, 3.73	45:A100,71.50,100.00, 0.85, 0.69	
0:A100,71.60,100.00, 2.28, 1.80	5:A100,70.10,100.00,25.54, 0.23	10:A100,71.40,100.00,30.61, 6.46	15:A100,69.00,100.00, 1.88,13.71	20:A100,69.50,100.00, 3.63,10.97	25:A100,72.90,100.00,20.25,44.78	30:A100,67.00,100.00, 1.72,61.21	35:A100,80.70,100.00,15.25,12.99	40:A100,72.30,100.00,14.39, 3.73	45:A100,72.00,100.00, 0.85, 0.69	
0:A100,72.10,100.00, 2.28, 1.80	5:A100,70.60,100.00,25.54, 0.23	10:A100,71.90,100.00,30.61, 6.46	15:A100,69.50,100.00, 1.88,13.71	20:A100,70.00,100.00, 3.63,10.97	25:A100,73.40,100.00,20.25,44.78	30:A100,67.50,100.00, 1.72,61.21	35:A100,81.20,100.00,15.25,12.99	40:A100,72.80,100.00,14.39, 3.73	45:A100,72.50,100.00, 0.85, 0.69	
0:A100,72.60,100.00, 2.28, 1.80	5:A100,71.10,100.00,25.54, 0.23	10:C000,71.90,100.00,30.61, 2.59	15:A100,70.00,100.00, 1.88,13.71	20:A100,70.50,100.00, 3.63,10.97	25:A100,73.90,100.00,20.25,44.78	30:A100,68.00,100.00, 1.72,61.21	35:A100,81.70,100.00,15.25,12.99	40:A100,73.30,100.00,14.39, 3.73	45:A100,73.00,100.00, 0.85, 0.69	
0:B220,73.70,100.00,197.15, 1.80	5:A100,71.60,100.00,25.54, 0.23	10:A100,72.40,100.00,30.61, 2.59	15:A100,70.50,100.00, 1.88,13.71	20:A100,71.00,100.00, 3.63,10.97	25:A100,74.40,100.00,20.25,44.78	30:A100,68.50,100.00, 1.72,61.21	35:A100,82.20,100.00,15.25,12.99	40:A100,73.80,100.00,14.39, 3.73	45:A100,73.50,100.00, 0.85, 0.69	
0:A100,74.20,100.00,197.15, 1.80	5:A100,72.10,100.00,25.54, 0.23	10:A100,72.90,100.00,30.61, 2.59	15:A100,71.00,100.00, 1.88,13.71	20:A100,71.50,100.00, 3.63,10.97	25:A100,74.90,100.00,20.25,44.78	30:A100,69.00,100.00, 1.72,61.21	35:A100,82.70,100.00,15.25,12.99	40:A100,74.30,100.00,14.39, 3.73	45:A100,74.00,100.00, 0.85, 0.69	
0:B220,75.30,100.00,217.60, 1.80	5:A100,72.60,100.00,25.54, 0.23	10:A100,73.40,100.00,30.61, 2.59	15:A100,71.50,100.00, 1.88,13.71	20:A100,72.00,100.00, 3.63,10.97	25:A100,75.40,100.00,20.25,44.78	30:A100,69.50,100.00, 1.72,61.21	35:A100,83.20,100.00,15.25,12.99	40:A100,74.80,100.00,14.39, 3.73	45:A100,74.50,100.00, 0.85, 0.69	
0:B000,75.30,100.00,22.84, 1.80	5:A100,73.10,100.00,25.54, 0.23	10:B220,74.50,100.00,144.02, 2.59	15:A100,72.00,100.00, 1.88,13.71	20:A100,72.50,100.00, 3.63,10.97	25:A100,75.90,100.00,20.25,44.78	30:A100,70.00,100.00, 1.72,61.21	35:A100,83.70,100.00,15.25,12.99	40:A100,75.30,100.00,14.39, 3.73	45:A100,75.00,100.00, 0.85, 0.69	
0:A100,75.80,100.00,22.84, 1.80	5:A100,73.60,100.00,25.54, 0.23	10:B000,74.50,100.00,57.78, 2.59	15:A100,72.50,100.00, 1.88,13.71	20:A100,73.00,100.00, 3.63,10.97	25:A100,76.40,100.00,20.25,44.78	30:A100,70.50,100.00, 1.72,61.21	35:A100,84.20,100.00,15.25,12.99	40:A100,75.80,100.00,14.39, 3.73	45:A100,75.50,100.00, 0.85, 0.69	
0:A100,76.30,100.00,22.84, 1.80	5:A100,74.10,100.00,25.54, 0.23	10:B000,74.50,100.00,23.18, 2.59	15:A100,73.00,100.00, 1.88,13.71	20:A100,73.50,100.00, 3.63,10.97	25:A100,76.90,100.00,20.25,44.78	30:A100,71.00,100.00, 1.72,61.21	35:A100,84.70,100.00,15.25,12.99	40:A100,76.30,100.00,14.39, 3.73	45:A100,76.00,100.00, 0.85, 0.69	
0:A100,76.80,100.00,22.84, 1.80	5:A100,74.60,100.00,25.54, 0.23	10:A100,75.00,100.00,23.18, 2.59	15:A100,73.50,100.00, 1.88,13.71	20:A100,74.00,100.00, 3.63,10.97	25:A100,77.40,100.00,20.25,44.78	30:A100,71.50,100.00, 1.72,61.21	35:A100,85.20,100.00,15.25,12.99	40:A100,76.80,100.00,14.39, 3.73	45:A100,76.50,100.00, 0.85, 0.69	
0:A100,77.30,100.00,22.84, 1.80	5:A100,75.10,100.00,25.54, 0.23	10:A100,75.50,100.00,23.18, 2.59	15:A100,74.00,100.00, 1.88,13.71	20:A100,74.50,100.00, 3.63,10.97	25:A100,77.90,100.00,20.25,44.78	30:A100,72.00,100.00, 1.72,61.21	35:A100,85.70,100.00,15.25,12.99	40:A100,77.30,100.00,14.39, 3.73	45:A100,77.00,100.00, 0.85, 0.69	
0:A100,77.80,100.00,22.84, 1.80	5:A100,75.60,100.00,25.54, 0.23	10:A100,76.00,100.00,23.18, 2.59	15:A100,74.50,100.00, 1.88,13.71	20:A100,75.00,100.00, 3.63,10.97	25:A100,78.40,100.00,20.25,44.78	30:A100,72.50,100.00, 1.72,61.21	35:A100,86.20,100.00,15.25,12.99	40:A100,77.80,100.00,14.39, 3.73	45:A100,77.50,100.00, 0.85, 0.69	
0:A100,78.30,100.00,22.84, 1.80	5:A100,76.10,100.00,25.54, 0.23	10:A100,76.50,100.00,23.18, 2.59	15:A100,75.00,100.00, 1.88,13.71	20:A100,75.50,100.00, 3.63,10.97	25:A100,78.90,100.00,20.25,44.78	30:A100,73.00,100.00, 1.72,61.21	35:A100,86.70,100.00,15.25,12.99	40:A100,78.30,100.00,14.39, 3.73	45:A100,78.00,100.00, 0.85, 0.69	
0:A100,78.80,100.00,22.84, 1.80	5:A100,76.60,100.00,25.54, 0.23	10:A100,77.00,100.00,23.18, 2.59	15:A100,75.50,100.00, 1.88,13.71	20:A100,76.00,100.00, 3.63,10.97	25:A100,79.40,100.00,20.25,44.78	30:A100,73.50,100.00, 1.72,61.21	35:A100,87.20,100.00,15.25,12.99	40:A100,78.80,100.00,14.39, 3.73	45:A100,78.50,100.00, 0.85, 0.69	
0:A100,79.30,100.00,22.84, 1.80	5:A100,77.10,100.00,25.54, 0.23	10:A100,77.50,100.00,23.18, 2.59	15:A100,76.00,100.00, 1.88,13.71	20:A100,76.50,100.00, 3.63,10.97	25:A100,79.90,100.00,20.25,44.78	30:A100,74.00,100.00, 1.72,61.21	35:A100,87.70,100.00,15.25,12.99	40:A100,79.30,100.00,14.39, 3.73	45:A100,79.00,100.00, 0.85, 0.69	
0:A100,79.80,100.00,22.84, 1.80	5:A100,77.60,100.00,25.54, 0.23	10:A100,78.00,100.00,23.18, 2.59	15:A100,76.50,100.00, 1.88,13.71	20:A100,77.00,100.00, 3.63,10.97	25:A100,80.40,100.00,20.25,44.78	30:A100,74.50,100.00, 1.72,61.21	35:A100,88.20,100.00,15.25,12.99	40:A100,79.80,100.00,14.39, 3.73	45:A100,79.50,100.00, 0.85, 0.69	
0:A100,80.30,100.00,22.84, 1.80	5:A100,78.10,100.00,25.54, 0.23	10:A100,78.50,100.00,23.18, 2.59	15:A100,77.00,100.00, 1.88,13.71	20:A100,77.50,100.00, 3.63,10.97	25:A100,80.90,100.00,20.25,44.78	30:A100,75.00,100.00, 1.72,61.21	35:A100,88.70,100.00,15.25,12.99	40:A100,80.30,100.00,14.39, 3.73	45:A100,80.00,100.00, 0.85, 0.69	
0:A100,80.80,100.00,22.84, 1.80	5:A100,78.60,100.00,25.54, 0.23	10:A100,79.00,100.00,23.18, 2.59	15:A100,77.50,100.00, 1.88,13.71	20:A100,78.00,100.00, 3.63,10.97	25:A100,81.40,100.00,20.25,44.78	30:A100,75.50,100.00, 1.72,61.21	35:A100,89.20,100.00,15.25,12.99	40:A100,80.80,100.00,14.39, 3.73	45:A100,80.50,100.00, 0.85, 0.69	
0:A100,81.30,100.00,22.84, 1.80	5:A100,79.10,100.00,25.54, 0.23	10:A100,79.50,100.00,23.18, 2.59	15:A100,78.00,100.00, 1.88,13.71	20:A100,78.50,100.00, 3.63,10.97	25:A100,81.90,100.00,20.25,44.78	30:A100,76.00,100.00, 1.72,61.21	35:A100,89.70,100.00,15.25,12.99	40:A100,81.30,100.00,14.39, 3.73	45:A100,81.00,100.00, 0.85, 0.69	
0:A100,81.80,100.00,22.84, 1.80	5:A100,79.60,100.00,25.54, 0.23	10:A100,80.00,100.00,23.18, 2.59	15:A100,78.50,100.00, 1.88,13.71	20:A100,79.00,100.00, 3.63,10.97	25:A100,82.40,100.00,20.25,44.78	30:A100,76.50,100.00, 1.72,61.21	35:A100,90.20,100.00,15.25,12.99	40:A100,81.80,100.00,14.39, 3.73	45:A100,81.50,100.00, 0.85, 0.69	
0:A100,82.30,100.00,22.84, 1.80	5:A100,80.10,100.00,25.54, 0.23	10:A100,80.50,100.00,23.18, 2.59	15:A100,79.00,100.00, 1.88,13.71	20:A100,79.50,100.00, 3.63,10.97	25:A100,82.90,100.00,20.25,44.78	30:A100,77.00,100.00, 1.72,61.21	35:A100,90.70,100.00,15.25,12.99	40:A100,82.30,100.00,14.39, 3.73	45:A100,82.00,100.00, 0.85, 0.69	
0:A100,82.80,100.00,22.84, 1.80	5:A100,80.60,100.00,25.54, 0.23	10:A100,81.00,100.00,23.18, 2.59	15:A100,79.50,100.00, 1.88,13.71	20:A100,80.00,100.00, 3.63,10.97	25:A100,83.40,100.00,20.25,44.78	30:A100,77.50,100.00, 1.72,61.21	35:A100,91.20,100.00,15.25,12.99	40:A100,82.80,100.00,14.39, 3.73	45:A100,82.50,100.00, 0.85, 0.69	
0:A100,83.30,100.00,22.84, 1.80	5:A100,81.10,100.00,25.54, 0.23	10:A100,81.50,100.00,23.18, 2.59	15:A100,80.00,100.00, 1.88,13.71	20:A100,80.50,100.00, 3.63,10.97	25:A100,83.90,100.00,20.25,44.78	30:C180,78.40,100.00, 1.72,119.62	35:A100,91.70,100.00,15.25,12.99	40:A100,83.30,100.00,14.39, 3.73	45:A100,83.00,100.00, 0.85, 0.69	
0:A100,83.80,100.00,22.84, 1.80	5:A100,81.60,100.00,25.54, 0.23	10:A100,82.00,100.00,23.18, 2.59	15:A100,80.50,100.00, 1.88,13.71	20:A100,81.00,100.00, 3.63,10.97	25:A100,84.40,100.00,20.25,44.78	30:C000,78.40,100.00, 1.72,60.80	35:A100,92.20,100.00,15.25,12.99	40:A100,83.80,100.00,14.39, 3.73	45:A100,83.50,100.00, 0.85, 0.69	
0:A100,84.30,100.00,22.84, 1.80	5:A100,82.10,100.00,25.54, 0.23	10:A100,82.50,100.00,23.18, 2.59	15:A100,81.00,100.00, 1.88,13.71	20:A100,81.50,100.00, 3.63,10.97	25:A100,84.90,100.00,20.25,44.78	30:C180,79.30,100.00, 1.72,119.41	35:A100,92.70,100.00,15.25,12.99	40:A100,84.30,100.00,14.39, 3.73	45:A100,84.00,100.00, 0.85, 0.69	
0:A100,84.80,100.00,22.84, 1.80	5:A100,82.60,100.00,25.54, 0.23	10:A100,83.00,100.00,23.18, 2.59	15:A100,81.50,100.00, 1.88,13.71	20:A100,82.00,100.00, 3.63,10.97	25:A100,85.40,100.00,20.25,44.78	30:C180,80.20,100.00, 1.72,149.20	35:A100,93.20,100.00,15.25,12.99	40:A100,84.80,100.00,14.39, 3.73	45:A100,84.50,100.00, 0.85, 0.69	
0:A100,85.30,100.00,22.84, 1.80	5:A100,83.10,100.00,25.54, 0.23	10:A100,83.50,100.00,23.18, 2.59	15:A100,82.00,100.00, 1.88,13.71	20:A100,82.50,100.00, 3.63,10.97	25:A100,85.90,100.00,20.25,44.78	30:C180,81.10,100.00, 1.72,164.35	35:A100,93.70,100.00,15.25,12.99	40:A100,85.30,100.00,14.39, 3.73	45:A100,85.00,100.00, 0.85, 0.69	
0:A100,85.80,100.00,22.84, 1.80	5:A100,83.60,100.00,25.54, 0.23	10:A100,84.00,100.00,23.18, 2.59	15:A100,82.50,100.00, 1.88,13.71	20:A100,83.00,100.00, 3.63,10.97	25:C000,85.90,100.00,20.25,16.28	30:C180,82.00,100.00, 1.72,172.04	35:A100,94.20,100.00,15.25,12.99	40:A100,85.80,100.00,14.39, 3.73	45:A100,85.50,100.00, 0.85, 0.69	
0:A100,86.30,100.00,22.84, 1.80	5:A100,84.10,100.00,25.54, 0.23	10:B000,84.00,100.00, 9.30, 2.59	15:A100,83.00,100.00, 1.88,13.71	20:A100,83.50,100.00, 3.63,10.97	25:A100,86.40,100.00,20.25,16.28	30:C000,82.00,100.00, 1.72,87.45	35:A100,94.70,100.00,15.25,12.99	40:A100,86.30,100.00,14.39, 3.73	45:A100,86.00,100.00, 0.85, 0.69	
0:A100,86.80,100.00,22.84, 1.80	5:A100,84.60,100.00,25.54, 0.23	10:A100,84.50,100.00, 9.30, 2.59	15:A100,83.50,100.00, 1.88,13.71	20:A100,84.00,100.00, 3.63,10.97	25:A100,86.90,100.00,20.25,16.28	30:A10