each row consists of groups of data for each agent, in form:	agentNum:choice,fitness,[expA,expB,expC]where choice has letter of choice and number for reward received
each column consists of every trial for the same agent.
this entire file is from Generation 150

0:A100, 0.50,100.00,100.00,100.00	5:B000, 0.00,100.00, 3.07,100.00	10:B000, 0.00,100.00, 3.58,100.00	15:A100, 0.50,100.00,100.00,100.00	20:C000, 0.00,100.00,100.00,18.11	25:C180, 0.90,100.00,100.00,171.20	30:A100, 0.50,100.00,100.00,100.00	35:B220, 1.10,100.00,194.14,100.00	40:A100, 0.50,100.00,100.00,100.00	45:C180, 0.90,100.00,100.00,164.71	
0:B000, 0.50,100.00, 6.17,100.00	5:C000, 0.00,100.00, 3.07, 3.07	10:A100, 0.50,100.00, 3.58,100.00	15:B220, 1.60,100.00,211.66,100.00	20:B000, 0.00,100.00,18.11,18.11	25:C180, 1.80,100.00,100.00,179.03	30:A100, 1.00,100.00,100.00,100.00	35:B220, 2.20,100.00,214.43,100.00	40:B000, 0.50,100.00, 9.91,100.00	45:C180, 1.80,100.00,100.00,177.08	
0:A100, 1.00,100.00, 6.17,100.00	5:A100, 0.50,100.00, 3.07, 3.07	10:A100, 1.00,100.00, 3.58,100.00	15:B000, 1.60,100.00,14.72,100.00	20:A100, 0.50,100.00,18.11,18.11	25:C180, 2.70,100.00,100.00,179.89	30:C180, 1.90,100.00,100.00,154.52	35:B220, 3.30,100.00,218.80,100.00	40:A100, 1.00,100.00, 9.91,100.00	45:C180, 2.70,100.00,100.00,179.44	
0:A100, 1.50,100.00, 6.17,100.00	5:A100, 1.00,100.00, 3.07, 3.07	10:A100, 1.50,100.00, 3.58,100.00	15:C000, 1.60,100.00,14.72, 6.95	20:A100, 1.00,100.00,18.11,18.11	25:C180, 3.60,100.00,100.00,179.99	30:C180, 2.80,100.00,100.00,171.88	35:B000, 3.30,100.00,47.15,100.00	40:A100, 1.50,100.00, 9.91,100.00	45:C180, 3.60,100.00,100.00,179.89	
0:A100, 2.00,100.00, 6.17,100.00	5:A100, 1.50,100.00, 3.07, 3.07	10:A100, 2.00,100.00, 3.58,100.00	15:A100, 2.10,100.00,14.72, 6.95	20:A100, 1.50,100.00,18.11,18.11	25:C000, 3.60,100.00,100.00,19.81	30:C180, 3.70,100.00,100.00,177.41	35:A100, 3.80,100.00,47.15,100.00	40:C000, 1.50,100.00, 9.91, 9.91	45:C180, 4.50,100.00,100.00,179.98	
0:C000, 2.00,100.00, 6.17, 6.17	5:A100, 2.00,100.00, 3.07, 3.07	10:A100, 2.50,100.00, 3.58,100.00	15:A100, 2.60,100.00,14.72, 6.95	20:A100, 2.00,100.00,18.11,18.11	25:B000, 3.60,100.00,11.01,19.81	30:C000, 3.70,100.00,100.00,56.51	35:A100, 4.30,100.00,47.15,100.00	40:A100, 2.00,100.00, 9.91, 9.91	45:C180, 5.40,100.00,100.00,180.00	
0:B220, 3.10,100.00,206.80, 6.17	5:A100, 2.50,100.00, 3.07, 3.07	10:A100, 3.00,100.00, 3.58,100.00	15:A100, 3.10,100.00,14.72, 6.95	20:B220, 3.10,100.00,183.44,18.11	25:A100, 4.10,100.00,11.01,19.81	30:B000, 3.70,100.00,31.85,56.51	35:A100, 4.80,100.00,47.15,100.00	40:A100, 2.50,100.00, 9.91, 9.91	45:C000, 5.40,100.00,100.00,34.40	
0:B220, 4.20,100.00,219.18, 6.17	5:A100, 3.00,100.00, 3.07, 3.07	10:C000, 3.00,100.00, 3.58, 3.58	15:A100, 3.60,100.00,14.72, 6.95	20:B220, 4.20,100.00,213.38,18.11	25:A100, 4.60,100.00,11.01,19.81	30:A100, 4.20,100.00,31.85,56.51	35:A100, 5.30,100.00,47.15,100.00	40:A100, 3.00,100.00, 9.91, 9.91	45:A100, 5.90,100.00,100.00,34.40	
0:B220, 5.30,100.00,219.95, 6.17	5:A100, 3.50,100.00, 3.07, 3.07	10:A100, 3.50,100.00, 3.58, 3.58	15:C180, 4.50,100.00,14.72,167.97	20:B220, 5.30,100.00,218.80,18.11	25:A100, 5.10,100.00,11.01,19.81	30:A100, 4.70,100.00,31.85,56.51	35:A100, 5.80,100.00,47.15,100.00	40:A100, 3.50,100.00, 9.91, 9.91	45:A100, 6.40,100.00,100.00,34.40	
0:B220, 6.40,100.00,220.00, 6.17	5:A100, 4.00,100.00, 3.07, 3.07	10:A100, 4.00,100.00, 3.58, 3.58	15:C000, 4.50,100.00,14.72,11.68	20:B220, 6.40,100.00,219.78,18.11	25:A100, 5.60,100.00,11.01,19.81	30:C000, 4.70,100.00,31.85,18.00	35:C180, 6.70,100.00,47.15,162.76	40:A100, 4.00,100.00, 9.91, 9.91	45:A100, 6.90,100.00,100.00,34.40	
0:B220, 7.50,100.00,220.00, 6.17	5:A100, 4.50,100.00, 3.07, 3.07	10:A100, 4.50,100.00, 3.58, 3.58	15:A100, 5.00,100.00,14.72,11.68	20:B000, 6.40,100.00,39.80,18.11	25:A100, 6.10,100.00,11.01,19.81	30:A100, 5.20,100.00,31.85,18.00	35:C180, 7.60,100.00,47.15,176.29	40:A100, 4.50,100.00, 9.91, 9.91	45:A100, 7.40,100.00,100.00,34.40	
0:B220, 8.60,100.00,220.00, 6.17	5:A100, 5.00,100.00, 3.07, 3.07	10:A100, 5.00,100.00, 3.58, 3.58	15:A100, 5.50,100.00,14.72,11.68	20:A100, 6.90,100.00,39.80,18.11	25:A100, 6.60,100.00,11.01,19.81	30:A100, 5.70,100.00,31.85,18.00	35:C180, 8.50,100.00,47.15,179.20	40:A100, 5.00,100.00, 9.91, 9.91	45:A100, 7.90,100.00,100.00,34.40	
0:B220, 9.70,100.00,220.00, 6.17	5:A100, 5.50,100.00, 3.07, 3.07	10:A100, 5.50,100.00, 3.58, 3.58	15:A100, 6.00,100.00,14.72,11.68	20:A100, 7.40,100.00,39.80,18.11	25:A100, 7.10,100.00,11.01,19.81	30:A100, 6.20,100.00,31.85,18.00	35:C000, 8.50,100.00,47.15,38.62	40:A100, 5.50,100.00, 9.91, 9.91	45:B220, 9.00,100.00,197.07,34.40	
0:B000, 9.70,100.00,13.58, 6.17	5:A100, 6.00,100.00, 3.07, 3.07	10:A100, 6.00,100.00, 3.58, 3.58	15:A100, 6.50,100.00,14.72,11.68	20:A100, 7.90,100.00,39.80,18.11	25:A100, 7.60,100.00,11.01,19.81	30:A100, 6.70,100.00,31.85,18.00	35:A100, 9.00,100.00,47.15,38.62	40:A100, 6.00,100.00, 9.91, 9.91	45:B220,10.10,100.00,215.62,34.40	
0:A100,10.20,100.00,13.58, 6.17	5:A100, 6.50,100.00, 3.07, 3.07	10:A100, 6.50,100.00, 3.58, 3.58	15:A100, 7.00,100.00,14.72,11.68	20:A100, 8.40,100.00,39.80,18.11	25:A100, 8.10,100.00,11.01,19.81	30:A100, 7.20,100.00,31.85,18.00	35:A100, 9.50,100.00,47.15,38.62	40:A100, 6.50,100.00, 9.91, 9.91	45:B220,11.20,100.00,219.16,34.40	
0:A100,10.70,100.00,13.58, 6.17	5:A100, 7.00,100.00, 3.07, 3.07	10:A100, 7.00,100.00, 3.58, 3.58	15:A100, 7.50,100.00,14.72,11.68	20:A100, 8.90,100.00,39.80,18.11	25:A100, 8.60,100.00,11.01,19.81	30:A100, 7.70,100.00,31.85,18.00	35:A100,10.00,100.00,47.15,38.62	40:A100, 7.00,100.00, 9.91, 9.91	45:B000,11.20,100.00,41.89,34.40	
0:A100,11.20,100.00,13.58, 6.17	5:A100, 7.50,100.00, 3.07, 3.07	10:A100, 7.50,100.00, 3.58, 3.58	15:A100, 8.00,100.00,14.72,11.68	20:A100, 9.40,100.00,39.80,18.11	25:C000, 8.60,100.00,11.01, 2.18	30:A100, 8.20,100.00,31.85,18.00	35:A100,10.50,100.00,47.15,38.62	40:A100, 7.50,100.00, 9.91, 9.91	45:A100,11.70,100.00,41.89,34.40	
0:A100,11.70,100.00,13.58, 6.17	5:A100, 8.00,100.00, 3.07, 3.07	10:A100, 8.00,100.00, 3.58, 3.58	15:A100, 8.50,100.00,14.72,11.68	20:A100, 9.90,100.00,39.80,18.11	25:A100, 9.10,100.00,11.01, 2.18	30:A100, 8.70,100.00,31.85,18.00	35:A100,11.00,100.00,47.15,38.62	40:A100, 8.00,100.00, 9.91, 9.91	45:A100,12.20,100.00,41.89,34.40	
0:A100,12.20,100.00,13.58, 6.17	5:A100, 8.50,100.00, 3.07, 3.07	10:A100, 8.50,100.00, 3.58, 3.58	15:A100, 9.00,100.00,14.72,11.68	20:A100,10.40,100.00,39.80,18.11	25:A100, 9.60,100.00,11.01, 2.18	30:A100, 9.20,100.00,31.85,18.00	35:A100,11.50,100.00,47.15,38.62	40:A100, 8.50,100.00, 9.91, 9.91	45:A100,12.70,100.00,41.89,34.40	
0:A100,12.70,100.00,13.58, 6.17	5:A100, 9.00,100.00, 3.07, 3.07	10:A100, 9.00,100.00, 3.58, 3.58	15:A100, 9.50,100.00,14.72,11.68	20:A100,10.90,100.00,39.80,18.11	25:A100,10.10,100.00,11.01, 2.18	30:A100, 9.70,100.00,31.85,18.00	35:A100,12.00,100.00,47.15,38.62	40:A100, 9.00,100.00, 9.91, 9.91	45:A100,13.20,100.00,41.89,34.40	
0:A100,13.20,100.00,13.58, 6.17	5:A100, 9.50,100.00, 3.07, 3.07	10:A100, 9.50,100.00, 3.58, 3.58	15:A100,10.00,100.00,14.72,11.68	20:A100,11.40,100.00,39.80,18.11	25:A100,10.60,100.00,11.01, 2.18	30:A100,10.20,100.00,31.85,18.00	35:C000,12.00,100.00,47.15, 8.32	40:A100, 9.50,100.00, 9.91, 9.91	45:A100,13.70,100.00,41.89,34.40	
0:A100,13.70,100.00,13.58, 6.17	5:A100,10.00,100.00, 3.07, 3.07	10:A100,10.00,100.00, 3.58, 3.58	15:A100,10.50,100.00,14.72,11.68	20:A100,11.90,100.00,39.80,18.11	25:A100,11.10,100.00,11.01, 2.18	30:A100,10.70,100.00,31.85,18.00	35:A100,12.50,100.00,47.15, 8.32	40:A100,10.00,100.00, 9.91, 9.91	45:A100,14.20,100.00,41.89,34.40	
0:A100,14.20,100.00,13.58, 6.17	5:A100,10.50,100.00, 3.07, 3.07	10:A100,10.50,100.00, 3.58, 3.58	15:A100,11.00,100.00,14.72,11.68	20:A100,12.40,100.00,39.80,18.11	25:A100,11.60,100.00,11.01, 2.18	30:A100,11.20,100.00,31.85,18.00	35:A100,13.00,100.00,47.15, 8.32	40:B000,10.00,100.00, 0.98, 9.91	45:A100,14.70,100.00,41.89,34.40	
0:A100,14.70,100.00,13.58, 6.17	5:A100,11.00,100.00, 3.07, 3.07	10:A100,11.00,100.00, 3.58, 3.58	15:A100,11.50,100.00,14.72,11.68	20:A100,12.90,100.00,39.80,18.11	25:A100,12.10,100.00,11.01, 2.18	30:A100,11.70,100.00,31.85,18.00	35:A100,13.50,100.00,47.15, 8.32	40:A100,10.50,100.00, 0.98, 9.91	45:A100,15.20,100.00,41.89,34.40	
0:A100,15.20,100.00,13.58, 6.17	5:A100,11.50,100.00, 3.07, 3.07	10:A100,11.50,100.00, 3.58, 3.58	15:A100,12.00,100.00,14.72,11.68	20:A100,13.40,100.00,39.80,18.11	25:A100,12.60,100.00,11.01, 2.18	30:A100,12.20,100.00,31.85,18.00	35:A100,14.00,100.00,47.15, 8.32	40:A100,11.00,100.00, 0.98, 9.91	45:A100,15.70,100.00,41.89,34.40	
0:A100,15.70,100.00,13.58, 6.17	5:A100,12.00,100.00, 3.07, 3.07	10:A100,12.00,100.00, 3.58, 3.58	15:A100,12.50,100.00,14.72,11.68	20:A100,13.90,100.00,39.80,18.11	25:A100,13.10,100.00,11.01, 2.18	30:A100,12.70,100.00,31.85,18.00	35:A100,14.50,100.00,47.15, 8.32	40:A100,11.50,100.00, 0.98, 9.91	45:A100,16.20,100.00,41.89,34.40	
0:A100,16.20,100.00,13.58, 6.17	5:A100,12.50,100.00, 3.07, 3.07	10:A100,12.50,100.00, 3.58, 3.58	15:A100,13.00,100.00,14.72,11.68	20:A100,14.40,100.00,39.80,18.11	25:A100,13.60,100.00,11.01, 2.18	30:A100,13.20,100.00,31.85,18.00	35:A100,15.00,100.00,47.15, 8.32	40:A100,12.00,100.00, 0.98, 9.91	45:A100,16.70,100.00,41.89,34.40	
0:A100,16.70,100.00,13.58, 6.17	5:A100,13.00,100.00, 3.07, 3.07	10:A100,13.00,100.00, 3.58, 3.58	15:A100,13.50,100.00,14.72,11.68	20:A100,14.90,100.00,39.80,18.11	25:A100,14.10,100.00,11.01, 2.18	30:A100,13.70,100.00,31.85,18.00	35:A100,15.50,100.00,47.15, 8.32	40:A100,12.50,100.00, 0.98, 9.91	45:A100,17.20,100.00,41.89,34.40	
0:A100,17.20,100.00,13.58, 6.17	5:A100,13.50,100.00, 3.07, 3.07	10:A100,13.50,100.00, 3.58, 3.58	15:A100,14.00,100.00,14.72,11.68	20:A100,15.40,100.00,39.80,18.11	25:A100,14.60,100.00,11.01, 2.18	30:A100,14.20,100.00,31.85,18.00	35:A100,16.00,100.00,47.15, 8.32	40:A100,13.00,100.00, 0.98, 9.91	45:A100,17.70,100.00,41.89,34.40	
0:A100,17.70,100.00,13.58, 6.17	5:A100,14.00,100.00, 3.07, 3.07	10:A100,14.00,100.00, 3.58, 3.58	15:A100,14.50,100.00,14.72,11.68	20:A100,15.90,100.00,39.80,18.11	25:A100,15.10,100.00,11.01, 2.18	30:A100,14.70,100.00,31.85,18.00	35:A100,16.50,100.00,47.15, 8.32	40:A100,13.50,100.00, 0.98, 9.91	45:A100,18.20,100.00,41.89,34.40	
0:A100,18.20,100.00,13.58, 6.17	5:A100,14.50,100.00, 3.07, 3.07	10:A100,14.50,100.00, 3.58, 3.58	15:A100,15.00,100.00,14.72,11.68	20:B220,17.00,100.00,187.37,18.11	25:A100,15.60,100.00,11.01, 2.18	30:A100,15.20,100.00,31.85,18.00	35:A100,17.00,100.00,47.15, 8.32	40:A100,14.00,100.00, 0.98, 9.91	45:A100,18.70,100.00,41.89,34.40	
0:A100,18.70,100.00,13.58, 6.17	5:A100,15.00,100.00, 3.07, 3.07	10:A100,15.00,100.00, 3.58, 3.58	15:A100,15.50,100.00,14.72,11.68	20:B000,17.00,100.00,33.93,18.11	25:A100,16.10,100.00,11.01, 2.18	30:A100,15.70,100.00,31.85,18.00	35:A100,17.50,100.00,47.15, 8.32	40:A100,14.50,100.00, 0.98, 9.91	45:A100,19.20,100.00,41.89,34.40	
0:A100,19.20,100.00,13.58, 6.17	5:A100,15.50,100.00, 3.07, 3.07	10:A100,15.50,100.00, 3.58, 3.58	15:A100,16.00,100.00,14.72,11.68	20:A100,17.50,100.00,33.93,18.11	25:A100,16.60,100.00,11.01, 2.18	30:A100,16.20,100.00,31.85,18.00	35:A100,18.00,100.00,47.15, 8.32	40:A100,15.00,100.00, 0.98, 9.91	45:A100,19.70,100.00,41.89,34.40	
0:A100,19.70,100.00,13.58, 6.17	5:A100,16.00,100.00, 3.07, 3.07	10:A100,16.00,100.00, 3.58, 3.58	15:A100,16.50,100.00,14.72,11.68	20:A100,18.00,100.00,33.93,18.11	25:A100,17.10,100.00,11.01, 2.18	30:A100,16.70,100.00,31.85,18.00	35:B000,18.00,100.00,10.16, 8.32	40:A100,15.50,100.00, 0.98, 9.91	45:A100,20.20,100.00,41.89,34.40	
0:A100,20.20,100.00,13.58, 6.17	5:A100,16.50,100.00, 3.07, 3.07	10:A100,16.50,100.00, 3.58, 3.58	15:A100,17.00,100.00,14.72,11.68	20:A100,18.50,100.00,33.93,18.11	25:A100,17.60,100.00,11.01, 2.18	30:A100,17.20,100.00,31.85,18.00	35:A100,18.50,100.00,10.16, 8.32	40:A100,16.00,100.00, 0.98, 9.91	45:C180,21.10,100.00,41.89,152.17	
0:A100,20.70,100.00,13.58, 6.17	5:A100,17.00,100.00, 3.07, 3.07	10:A100,17.00,100.00, 3.58, 3.58	15:A100,17.50,100.00,14.72,11.68	20:A100,19.00,100.00,33.93,18.11	25:A100,18.10,100.00,11.01, 2.18	30:A100,17.70,100.00,31.85,18.00	35:A100,19.00,100.00,10.16, 8.32	40:A100,16.50,100.00, 0.98, 9.91	45:C000,21.10,100.00,41.89,29.08	
0:A100,21.20,100.00,13.58, 6.17	5:A100,17.50,100.00, 3.07, 3.07	10:A100,17.50,100.00, 3.58, 3.58	15:A100,18.00,100.00,14.72,11.68	20:A100,19.50,100.00,33.93,18.11	25:A100,18.60,100.00,11.01, 2.18	30:A100,18.20,100.00,31.85,18.00	35:A100,19.50,100.00,10.16, 8.32	40:A100,17.00,100.00, 0.98, 9.91	45:B220,22.20,100.00,185.96,29.08	
0:A100,21.70,100.00,13.58, 6.17	5:A100,18.00,100.00, 3.07, 3.07	10:A100,18.00,100.00, 3.58, 3.58	15:A100,18.50,100.00,14.72,11.68	20:A100,20.00,100.00,33.93,18.11	25:A100,19.10,100.00,11.01, 2.18	30:A100,18.70,100.00,31.85,18.00	35:A100,20.00,100.00,10.16, 8.32	40:A100,17.50,100.00, 0.98, 9.91	45:B000,22.20,100.00,35.54,29.08	
0:B000,21.70,100.00, 0.84, 6.17	5:A100,18.50,100.00, 3.07, 3.07	10:A100,18.50,100.00, 3.58, 3.58	15:C000,18.50,100.00,14.72, 0.81	20:A100,20.50,100.00,33.93,18.11	25:A100,19.60,100.00,11.01, 2.18	30:A100,19.20,100.00,31.85,18.00	35:A100,20.50,100.00,10.16, 8.32	40:A100,18.00,100.00, 0.98, 9.91	45:A100,22.70,100.00,35.54,29.08	
0:A100,22.20,100.00, 0.84, 6.17	5:A100,19.00,100.00, 3.07, 3.07	10:A100,19.00,100.00, 3.58, 3.58	15:A100,19.00,100.00,14.72, 0.81	20:A100,21.00,100.00,33.93,18.11	25:A100,20.10,100.00,11.01, 2.18	30:A100,19.70,100.00,31.85,18.00	35:A100,21.00,100.00,10.16, 8.32	40:A100,18.50,100.00, 0.98, 9.91	45:A100,23.20,100.00,35.54,29.08	
0:A100,22.70,100.00, 0.84, 6.17	5:A100,19.50,100.00, 3.07, 3.07	10:A100,19.50,100.00, 3.58, 3.58	15:A100,19.50,100.00,14.72, 0.81	20:A100,21.50,100.00,33.93,18.11	25:A100,20.60,100.00,11.01, 2.18	30:A100,20.20,100.00,31.85,18.00	35:A100,21.50,100.00,10.16, 8.32	40:A100,19.00,100.00, 0.98, 9.91	45:A100,23.70,100.00,35.54,29.08	
0:A100,23.20,100.00, 0.84, 6.17	5:A100,20.00,100.00, 3.07, 3.07	10:A100,20.00,100.00, 3.58, 3.58	15:A100,20.00,100.00,14.72, 0.81	20:A100,22.00,100.00,33.93,18.11	25:A100,21.10,100.00,11.01, 2.18	30:A100,20.70,100.00,31.85,18.00	35:A100,22.00,100.00,10.16, 8.32	40:A100,19.50,100.00, 0.98, 9.91	45:A100,24.20,100.00,35.54,29.08	
0:A100,23.70,100.00, 0.84, 6.17	5:A100,20.50,100.00, 3.07, 3.07	10:A100,20.50,100.00, 3.58, 3.58	15:A100,20.50,100.00,14.72, 0.81	20:A100,22.50,100.00,33.93,18.11	25:A100,21.60,100.00,11.01, 2.18	30:A100,21.20,100.00,31.85,18.00	35:A100,22.50,100.00,10.16, 8.32	40:A100,20.00,100.00, 0.98, 9.91	45:A100,24.70,100.00,35.54,29.08	
0:A100,24.20,100.00, 0.84, 6.17	5:A100,21.00,100.00, 3.07, 3.07	10:A100,21.00,100.00, 3.58, 3.58	15:A100,21.00,100.00,14.72, 0.81	20:A100,23.00,100.00,33.93,18.11	25:A100,22.10,100.00,11.01, 2.18	30:B000,21.20,100.00,10.15,18.00	35:A100,23.00,100.00,10.16, 8.32	40:A100,20.50,100.00, 0.98, 9.91	45:A100,25.20,100.00,35.54,29.08	
0:A100,24.70,100.00, 0.84, 6.17	5:A100,21.50,100.00, 3.07, 3.07	10:A100,21.50,100.00, 3.58, 3.58	15:A100,21.50,100.00,14.72, 0.81	20:A100,23.50,100.00,33.93,18.11	25:A100,22.60,100.00,11.01, 2.18	30:A100,21.70,100.00,10.15,18.00	35:A100,23.50,100.00,10.16, 8.32	40:A100,21.00,100.00, 0.98, 9.91	45:A100,25.70,100.00,35.54,29.08	
0:A100,25.20,100.00, 0.84, 6.17	5:A100,22.00,100.00, 3.07, 3.07	10:A100,22.00,100.00, 3.58, 3.58	15:A100,22.00,100.00,14.72, 0.81	20:A100,24.00,100.00,33.93,18.11	25:A100,23.10,100.00,11.01, 2.18	30:A100,22.20,100.00,10.15,18.00	35:A100,24.00,100.00,10.16, 8.32	40:A100,21.50,100.00, 0.98, 9.91	45:A100,26.20,100.00,35.54,29.08	
0:A100,25.70,100.00, 0.84, 6.17	5:A100,22.50,100.00, 3.07, 3.07	10:A100,22.50,100.00, 3.58, 3.58	15:A100,22.50,100.00,14.72, 0.81	20:A100,24.50,100.00,33.93,18.11	25:A100,23.60,100.00,11.01, 2.18	30:A100,22.70,100.00,10.15,18.00	35:A100,24.50,100.00,10.16, 8.32	40:A100,22.00,100.00, 0.98, 9.91	45:A100,26.70,100.00,35.54,29.08	
0:A100,26.20,100.00, 0.84, 6.17	5:A100,23.00,100.00, 3.07, 3.07	10:A100,23.00,100.00, 3.58, 3.58	15:A100,23.00,100.00,14.72, 0.81	20:A100,25.00,100.00,33.93,18.11	25:A100,24.10,100.00,11.01, 2.18	30:A100,23.20,100.00,10.15,18.00	35:A100,25.00,100.00,10.16, 8.32	40:A100,22.50,100.00, 0.98, 9.91	45:A100,27.20,100.00,35.54,29.08	
0:A100,26.70,100.00, 0.84, 6.17	5:A100,23.50,100.00, 3.07, 3.07	10:A100,23.50,100.00, 3.58, 3.58	15:A100,23.50,100.00,14.72, 0.81	20:A100,25.50,100.00,33.93,18.11	25:A100,24.60,100.00,11.01, 2.18	30:A100,23.70,100.00,10.15,18.00	35:A100,25.50,100.00,10.16, 8.32	40:A100,23.00,100.00, 0.98, 9.91	45:C000,27.20,100.00,35.54, 5.56	
0:A100,27.20,100.00, 0.84, 6.17	5:A100,24.00,100.00, 3.07, 3.07	10:A100,24.00,100.00, 3.58, 3.58	15:A100,24.00,100.00,14.72, 0.81	20:A100,26.00,100.00,33.93,18.11	25:A100,25.10,100.00,11.01, 2.18	30:A100,24.20,100.00,10.15,18.00	35:A100,26.00,100.00,10.16, 8.32	40:A100,23.50,100.00, 0.98, 9.91	45:A100,27.70,100.00,35.54, 5.56	
0:A100,27.70,100.00, 0.84, 6.17	5:A100,24.50,100.00, 3.07, 3.07	10:A100,24.50,100.00, 3.58, 3.58	15:A100,24.50,100.00,14.72, 0.81	20:A100,26.50,100.00,33.93,18.11	25:A100,25.60,100.00,11.01, 2.18	30:A100,24.70,100.00,10.15,18.00	35:A100,26.50,100.00,10.16, 8.32	40:A100,24.00,100.00, 0.98, 9.91	45:A100,28.20,100.00,35.54, 5.56	
0:A100,28.20,100.00, 0.84, 6.17	5:A100,25.00,100.00, 3.07, 3.07	10:A100,25.00,100.00, 3.58, 3.58	15:A100,25.00,100.00,14.72, 0.81	20:A100,27.00,100.00,33.93,18.11	25:A100,26.10,100.00,11.01, 2.18	30:A100,25.20,100.00,10.15,18.00	35:A100,27.00,100.00,10.16, 8.32	40:A100,24.50,100.00, 0.98, 9.91	45:A100,28.70,100.00,35.54, 5.56	
0:A100,28.70,100.00, 0.84, 6.17	5:A100,25.50,100.00, 3.07, 3.07	10:A100,25.50,100.00, 3.58, 3.58	15:A100,25.50,100.00,14.72, 0.81	20:A100,27.50,100.00,33.93,18.11	25:A100,26.60,100.00,11.01, 2.18	30:A100,25.70,100.00,10.15,18.00	35:A100,27.50,100.00,10.16, 8.32	40:A100,25.00,100.00, 0.98, 9.91	45:A100,29.20,100.00,35.54, 5.56	
0:A100,29.20,100.00, 0.84, 6.17	5:A100,26.00,100.00, 3.07, 3.07	10:A100,26.00,100.00, 3.58, 3.58	15:A100,26.00,100.00,14.72, 0.81	20:A100,28.00,100.00,33.93,18.11	25:A100,27.10,100.00,11.01, 2.18	30:A100,26.20,100.00,10.15,18.00	35:A100,28.00,100.00,10.16, 8.32	40:A100,25.50,100.00, 0.98, 9.91	45:A100,29.70,100.00,35.54, 5.56	
0:A100,29.70,100.00, 0.84, 6.17	5:A100,26.50,100.00, 3.07, 3.07	10:A100,26.50,100.00, 3.58, 3.58	15:A100,26.50,100.00,14.72, 0.81	20:A100,28.50,100.00,33.93,18.11	25:A100,27.60,100.00,11.01, 2.18	30:A100,26.70,100.00,10.15,18.00	35:A100,28.50,100.00,10.16, 8.32	40:A100,26.00,100.00, 0.98, 9.91	45:A100,30.20,100.00,35.54, 5.56	
0:A100,30.20,100.00, 0.84, 6.17	5:A100,27.00,100.00, 3.07, 3.07	10:A100,27.00,100.00, 3.58, 3.58	15:A100,27.00,100.00,14.72, 0.81	20:A100,29.00,100.00,33.93,18.11	25:A100,28.10,100.00,11.01, 2.18	30:A100,27.20,100.00,10.15,18.00	35:A100,29.00,100.00,10.16, 8.32	40:A100,26.50,100.00, 0.98, 9.91	45:A100,30.70,100.00,35.54, 5.56	
0:A100,30.70,100.00, 0.84, 6.17	5:A100,27.50,100.00, 3.07, 3.07	10:A100,27.50,100.00, 3.58, 3.58	15:A100,27.50,100.00,14.72, 0.81	20:A100,29.50,100.00,33.93,18.11	25:A100,28.60,100.00,11.01, 2.18	30:A100,27.70,100.00,10.15,18.00	35:A100,29.50,100.00,10.16, 8.32	40:A100,27.00,100.00, 0.98, 9.91	45:A100,31.20,100.00,35.54, 5.56	
0:A100,31.20,100.00, 0.84, 6.17	5:A100,28.00,100.00, 3.07, 3.07	10:A100,28.00,100.00, 3.58, 3.58	15:A100,28.00,100.00,14.72, 0.81	20:A100,30.00,100.00,33.93,18.11	25:A100,29.10,100.00,11.01, 2.18	30:A100,28.20,100.00,10.15,18.00	35:A100,30.00,100.00,10.16, 8.32	40:A100,27.50,100.00, 0.98, 9.91	45:A100,31.70,100.00,35.54, 5.56	
0:A100,31.70,100.00, 0.84, 6.17	5:A100,28.50,100.00, 3.07, 3.07	10:A100,28.50,100.00, 3.58, 3.58	15:A100,28.50,100.00,14.72, 0.81	20:A100,30.50,100.00,33.93,18.11	25:A100,29.60,100.00,11.01, 2.18	30:A100,28.70,100.00,10.15,18.00	35:A100,30.50,100.00,10.16, 8.32	40:A100,28.00,100.00, 0.98, 9.91	45:A100,32.20,100.00,35.54, 5.56	
0:A100,32.20,100.00, 0.84, 6.17	5:A100,29.00,100.00, 3.07, 3.07	10:A100,29.00,100.00, 3.58, 3.58	15:A100,29.00,100.00,14.72, 0.81	20:A100,31.00,100.00,33.93,18.11	25:A100,30.10,100.00,11.01, 2.18	30:A100,29.20,100.00,10.15,18.00	35:A100,31.00,100.00,10.16, 8.32	40:A100,28.50,100.00, 0.98, 9.91	45:A100,32.70,100.00,35.54, 5.56	
0:A100,32.70,100.00, 0.84, 6.17	5:A100,29.50,100.00, 3.07, 3.07	10:A100,29.50,100.00, 3.58, 3.58	15:A100,29.50,100.00,14.72, 0.81	20:A100,31.50,100.00,33.93,18.11	25:A100,30.60,100.00,11.01, 2.18	30:A100,29.70,100.00,10.15,18.00	35:A100,31.50,100.00,10.16, 8.32	40:A100,29.00,100.00, 0.98, 9.91	45:A100,33.20,100.00,35.54, 5.56	
0:A100,33.20,100.00, 0.84, 6.17	5:A100,30.00,100.00, 3.07, 3.07	10:A100,30.00,100.00, 3.58, 3.58	15:A100,30.00,100.00,14.72, 0.81	20:A100,32.00,100.00,33.93,18.11	25:A100,31.10,100.00,11.01, 2.18	30:A100,30.20,100.00,10.15,18.00	35:A100,32.00,100.00,10.16, 8.32	40:A100,29.50,100.00, 0.98, 9.91	45:A100,33.70,100.00,35.54, 5.56	
0:A100,33.70,100.00, 0.84, 6.17	5:A100,30.50,100.00, 3.07, 3.07	10:A100,30.50,100.00, 3.58, 3.58	15:A100,30.50,100.00,14.72, 0.81	20:A100,32.50,100.00,33.93,18.11	25:A100,31.60,100.00,11.01, 2.18	30:A100,30.70,100.00,10.15,18.00	35:A100,32.50,100.00,10.16, 8.32	40:A100,30.00,100.00, 0.98, 9.91	45:A100,34.20,100.00,35.54, 5.56	
0:A100,34.20,100.00, 0.84, 6.17	5:A100,31.00,100.00, 3.07, 3.07	10:A100,31.00,100.00, 3.58, 3.58	15:A100,31.00,100.00,14.72, 0.81	20:A100,33.00,100.00,33.93,18.11	25:A100,32.10,100.00,11.01, 2.18	30:A100,31.20,100.00,10.15,18.00	35:A100,33.00,100.00,10.16, 8.32	40:A100,30.50,100.00, 0.98, 9.91	45:A100,34.70,100.00,35.54, 5.56	
0:A100,34.70,100.00, 0.84, 6.17	5:A100,31.50,100.00, 3.07, 3.07	10:A100,31.50,100.00, 3.58, 3.58	15:A100,31.50,100.00,14.72, 0.81	20:A100,33.50,100.00,33.93,18.11	25:A100,32.60,100.00,11.01, 2.18	30:A100,31.70,100.00,10.15,18.00	35:A100,33.50,100.00,10.16, 8.32	40:A100,31.00,100.00, 0.98, 9.91	45:A100,35.20,100.00,35.54, 5.56	
0:A100,35.20,100.00, 0.84, 6.17	5:A100,32.00,100.00, 3.07, 3.07	10:A100,32.00,100.00, 3.58, 3.58	15:A100,32.00,100.00,14.72, 0.81	20:A100,34.00,100.00,33.93,18.11	25:A100,33.10,100.00,11.01, 2.18	30:A100,32.20,100.00,10.15,18.00	35:A100,34.00,100.00,10.16, 8.32	40:A100,31.50,100.00, 0.98, 9.91	45:A100,35.70,100.00,35.54, 5.56	
0:A100,35.70,100.00, 0.84, 6.17	5:A100,32.50,100.00, 3.07, 3.07	10:A100,32.50,100.00, 3.58, 3.58	15:A100,32.50,100.00,14.72, 0.81	20:A100,34.50,100.00,33.93,18.11	25:A100,33.60,100.00,11.01, 2.18	30:A100,32.70,100.00,10.15,18.00	35:A100,34.50,100.00,10.16, 8.32	40:A100,32.00,100.00, 0.98, 9.91	45:A100,36.20,100.00,35.54, 5.56	
0:A100,36.20,100.00, 0.84, 6.17	5:A100,33.00,100.00, 3.07, 3.07	10:A100,33.00,100.00, 3.58, 3.58	15:A100,33.00,100.00,14.72, 0.81	20:A100,35.00,100.00,33.93,18.11	25:A100,34.10,100.00,11.01, 2.18	30:A100,33.20,100.00,10.15,18.00	35:A100,35.00,100.00,10.16, 8.32	40:A100,32.50,100.00, 0.98, 9.91	45:A100,36.70,100.00,35.54, 5.56	
0:A100,36.70,100.00, 0.84, 6.17	5:A100,33.50,100.00, 3.07, 3.07	10:A100,33.50,100.00, 3.58, 3.58	15:C000,33.00,100.00,14.72, 0.06	20:A100,35.50,100.00,33.93,18.11	25:A100,34.60,100.00,11.01, 2.18	30:A100,33.70,100.00,10.15,18.00	35:A100,35.50,100.00,10.16, 8.32	40:A100,33.00,100.00, 0.98, 9.91	45:A100,37.20,100.00,35.54, 5.56	
0:A100,37.20,100.00, 0.84, 6.17	5:A100,34.00,100.00, 3.07, 3.07	10:A100,34.00,100.00, 3.58, 3.58	15:A100,33.50,100.00,14.72, 0.06	20:A100,36.00,100.00,33.93,18.11	25:A100,35.10,100.00,11.01, 2.18	30:A100,34.20,100.00,10.15,18.00	35:A100,36.00,100.00,10.16, 8.32	40:A100,33.50,100.00, 0.98, 9.91	45:A100,37.70,100.00,35.54, 5.56	
0:A100,37.70,100.00, 0.84, 6.17	5:A100,34.50,100.00, 3.07, 3.07	10:A100,34.50,100.00, 3.58, 3.58	15:A100,34.00,100.00,14.72, 0.06	20:A100,36.50,100.00,33.93,18.11	25:A100,35.60,100.00,11.01, 2.18	30:C000,34.20,100.00,10.15, 5.73	35:A100,36.50,100.00,10.16, 8.32	40:A100,34.00,100.00, 0.98, 9.91	45:A100,38.20,100.00,35.54, 5.56	
0:A100,38.20,100.00, 0.84, 6.17	5:A100,35.00,100.00, 3.07, 3.07	10:A100,35.00,100.00, 3.58, 3.58	15:A100,34.50,100.00,14.72, 0.06	20:A100,37.00,100.00,33.93,18.11	25:A100,36.10,100.00,11.01, 2.18	30:A100,34.70,100.00,10.15, 5.73	35:A100,37.00,100.00,10.16, 8.32	40:A100,34.50,100.00, 0.98, 9.91	45:A100,38.70,100.00,35.54, 5.56	
0:A100,38.70,100.00, 0.84, 6.17	5:A100,35.50,100.00, 3.07, 3.07	10:A100,35.50,100.00, 3.58, 3.58	15:A100,35.00,100.00,14.72, 0.06	20:A100,37.50,100.00,33.93,18.11	25:A100,36.60,100.00,11.01, 2.18	30:A100,35.20,100.00,10.15, 5.73	35:A100,37.50,100.00,10.16, 8.32	40:A100,35.00,100.00, 0.98, 9.91	45:A100,39.20,100.00,35.54, 5.56	
0:A100,39.20,100.00, 0.84, 6.17	5:A100,36.00,100.00, 3.07, 3.07	10:A100,36.00,100.00, 3.58, 3.58	15:A100,35.50,100.00,14.72, 0.06	20:A100,38.00,100.00,33.93,18.11	25:A100,37.10,100.00,11.01, 2.18	30:A100,35.70,100.00,10.15, 5.73	35:A100,38.00,100.00,10.16, 8.32	40:A100,35.50,100.00, 0.98, 9.91	45:A100,39.70,100.00,35.54, 5.56	
0:A100,39.70,100.00, 0.84, 6.17	5:A100,36.50,100.00, 3.07, 3.07	10:A100,36.50,100.00, 3.58, 3.58	15:A100,36.00,100.00,14.72, 0.06	20:A100,38.50,100.00,33.93,18.11	25:B220,38.20,100.00,197.00, 2.18	30:A100,36.20,100.00,10.15, 5.73	35:A100,38.50,100.00,10.16, 8.32	40:A100,36.00,100.00, 0.98, 9.91	45:A100,40.20,100.00,35.54, 5.56	
0:A100,40.20,100.00, 0.84, 6.17	5:A100,37.00,100.00, 3.07, 3.07	10:A100,37.00,100.00, 3.58, 3.58	15:A100,36.50,100.00,14.72, 0.06	20:A100,39.00,100.00,33.93,18.11	25:B000,38.20,100.00,21.68, 2.18	30:A100,36.70,100.00,10.15, 5.73	35:A100,39.00,100.00,10.16, 8.32	40:A100,36.50,100.00, 0.98, 9.91	45:A100,40.70,100.00,35.54, 5.56	
0:A100,40.70,100.00, 0.84, 6.17	5:A100,37.50,100.00, 3.07, 3.07	10:A100,37.50,100.00, 3.58, 3.58	15:A100,37.00,100.00,14.72, 0.06	20:A100,39.50,100.00,33.93,18.11	25:A100,38.70,100.00,21.68, 2.18	30:A100,37.20,100.00,10.15, 5.73	35:A100,39.50,100.00,10.16, 8.32	40:A100,37.00,100.00, 0.98, 9.91	45:A100,41.20,100.00,35.54, 5.56	
0:A100,41.20,100.00, 0.84, 6.17	5:A100,38.00,100.00, 3.07, 3.07	10:A100,38.00,100.00, 3.58, 3.58	15:A100,37.50,100.00,14.72, 0.06	20:A100,40.00,100.00,33.93,18.11	25:A100,39.20,100.00,21.68, 2.18	30:A100,37.70,100.00,10.15, 5.73	35:B220,40.60,100.00,174.78, 8.32	40:A100,37.50,100.00, 0.98, 9.91	45:A100,41.70,100.00,35.54, 5.56	
0:A100,41.70,100.00, 0.84, 6.17	5:A100,38.50,100.00, 3.07, 3.07	10:A100,38.50,100.00, 3.58, 3.58	15:A100,38.00,100.00,14.72, 0.06	20:A100,40.50,100.00,33.93,18.11	25:A100,39.70,100.00,21.68, 2.18	30:A100,38.20,100.00,10.15, 5.73	35:B220,41.70,100.00,210.26, 8.32	40:A100,38.00,100.00, 0.98, 9.91	45:B000,41.70,100.00, 6.79, 5.56	
0:A100,42.20,100.00, 0.84, 6.17	5:A100,39.00,100.00, 3.07, 3.07	10:A100,39.00,100.00, 3.58, 3.58	15:A100,38.50,100.00,14.72, 0.06	20:A100,41.00,100.00,33.93,18.11	25:A100,40.20,100.00,21.68, 2.18	30:A100,38.70,100.00,10.15, 5.73	35:B220,42.80,100.00,217.90, 8.32	40:B000,38.00,100.00, 0.10, 9.91	45:A100,42.20,100.00, 6.79, 5.56	
0:A100,42.70,100.00, 0.84, 6.17	5:A100,39.50,100.00, 3.07, 3.07	10:A100,39.50,100.00, 3.58, 3.58	15:A100,39.00,100.00,14.72, 0.06	20:A100,41.50,100.00,33.93,18.11	25:A100,40.70,100.00,21.68, 2.18	30:A100,39.20,100.00,10.15, 5.73	35:B220,43.90,100.00,219.55, 8.32	40:A100,38.50,100.00, 0.10, 9.91	45:A100,42.70,100.00, 6.79, 5.56	
0:A100,43.20,100.00, 0.84, 6.17	5:A100,40.00,100.00, 3.07, 3.07	10:A100,40.00,100.00, 3.58, 3.58	15:A100,39.50,100.00,14.72, 0.06	20:A100,42.00,100.00,33.93,18.11	25:A100,41.20,100.00,21.68, 2.18	30:A100,39.70,100.00,10.15, 5.73	35:B220,45.00,100.00,219.90, 8.32	40:A100,39.00,100.00, 0.10, 9.91	45:A100,43.20,100.00, 6.79, 5.56	
0:A100,43.70,100.00, 0.84, 6.17	5:A100,40.50,100.00, 3.07, 3.07	10:A100,40.50,100.00, 3.58, 3.58	15:A100,40.00,100.00,14.72, 0.06	20:B000,42.00,100.00, 6.14,18.11	25:A100,41.70,100.00,21.68, 2.18	30:A100,40.20,100.00,10.15, 5.73	35:B000,45.00,100.00,47.39, 8.32	40:A100,39.50,100.00, 0.10, 9.91	45:A100,43.70,100.00, 6.79, 5.56	
0:A100,44.20,100.00, 0.84, 6.17	5:A100,41.00,100.00, 3.07, 3.07	10:A100,41.00,100.00, 3.58, 3.58	15:A100,40.50,100.00,14.72, 0.06	20:A100,42.50,100.00, 6.14,18.11	25:A100,42.20,100.00,21.68, 2.18	30:A100,40.70,100.00,10.15, 5.73	35:A100,45.50,100.00,47.39, 8.32	40:A100,40.00,100.00, 0.10, 9.91	45:A100,44.20,100.00, 6.79, 5.56	
0:A100,44.70,100.00, 0.84, 6.17	5:A100,41.50,100.00, 3.07, 3.07	10:A100,41.50,100.00, 3.58, 3.58	15:A100,41.00,100.00,14.72, 0.06	20:A100,43.00,100.00, 6.14,18.11	25:A100,42.70,100.00,21.68, 2.18	30:A100,41.20,100.00,10.15, 5.73	35:A100,46.00,100.00,47.39, 8.32	40:A100,40.50,100.00, 0.10, 9.91	45:A100,44.70,100.00, 6.79, 5.56	
0:A100,45.20,100.00, 0.84, 6.17	5:A100,42.00,100.00, 3.07, 3.07	10:A100,42.00,100.00, 3.58, 3.58	15:A100,41.50,100.00,14.72, 0.06	20:A100,43.50,100.00, 6.14,18.11	25:A100,43.20,100.00,21.68, 2.18	30:A100,41.70,100.00,10.15, 5.73	35:A100,46.50,100.00,47.39, 8.32	40:A100,41.00,100.00, 0.10, 9.91	45:A100,45.20,100.00, 6.79, 5.56	
0:A100,45.70,100.00, 0.84, 6.17	5:A100,42.50,100.00, 3.07, 3.07	10:A100,42.50,100.00, 3.58, 3.58	15:A100,42.00,100.00,14.72, 0.06	20:A100,44.00,100.00, 6.14,18.11	25:A100,43.70,100.00,21.68, 2.18	30:A100,42.20,100.00,10.15, 5.73	35:A100,47.00,100.00,47.39, 8.32	40:A100,41.50,100.00, 0.10, 9.91	45:A100,45.70,100.00, 6.79, 5.56	
0:A100,46.20,100.00, 0.84, 6.17	5:A100,43.00,100.00, 3.07, 3.07	10:A100,43.00,100.00, 3.58, 3.58	15:A100,42.50,100.00,14.72, 0.06	20:A100,44.50,100.00, 6.14,18.11	25:A100,44.20,100.00,21.68, 2.18	30:A100,42.70,100.00,10.15, 5.73	35:A100,47.50,100.00,47.39, 8.32	40:A100,42.00,100.00, 0.10, 9.91	45:A100,46.20,100.00, 6.79, 5.56	
0:A100,46.70,100.00, 0.84, 6.17	5:A100,43.50,100.00, 3.07, 3.07	10:A100,43.50,100.00, 3.58, 3.58	15:A100,43.00,100.00,14.72, 0.06	20:A100,45.00,100.00, 6.14,18.11	25:A100,44.70,100.00,21.68, 2.18	30:A100,43.20,100.00,10.15, 5.73	35:A100,48.00,100.00,47.39, 8.32	40:A100,42.50,100.00, 0.10, 9.91	45:A100,46.70,100.00, 6.79, 5.56	
0:A100,47.20,100.00, 0.84, 6.17	5:A100,44.00,100.00, 3.07, 3.07	10:A100,44.00,100.00, 3.58, 3.58	15:A100,43.50,100.00,14.72, 0.06	20:A100,45.50,100.00, 6.14,18.11	25:A100,45.20,100.00,21.68, 2.18	30:A100,43.70,100.00,10.15, 5.73	35:A100,48.50,100.00,47.39, 8.32	40:A100,43.00,100.00, 0.10, 9.91	45:A100,47.20,100.00, 6.79, 5.56	
0:A100,47.70,100.00, 0.84, 6.17	5:A100,44.50,100.00, 3.07, 3.07	10:A100,44.50,100.00, 3.58, 3.58	15:A100,44.00,100.00,14.72, 0.06	20:A100,46.00,100.00, 6.14,18.11	25:A100,45.70,100.00,21.68, 2.18	30:A100,44.20,100.00,10.15, 5.73	35:A100,49.00,100.00,47.39, 8.32	40:A100,43.50,100.00, 0.10, 9.91	45:A100,47.70,100.00, 6.79, 5.56	
0:A100,48.20,100.00, 0.84, 6.17	5:A100,45.00,100.00, 3.07, 3.07	10:A100,45.00,100.00, 3.58, 3.58	15:A100,44.50,100.00,14.72, 0.06	20:A100,46.50,100.00, 6.14,18.11	25:A100,46.20,100.00,21.68, 2.18	30:A100,44.70,100.00,10.15, 5.73	35:C000,49.00,100.00,47.39, 1.79	40:A100,44.00,100.00, 0.10, 9.91	45:A100,48.20,100.00, 6.79, 5.56	
0:A100,48.70,100.00, 0.84, 6.17	5:A100,45.50,100.00, 3.07, 3.07	10:A100,45.50,100.00, 3.58, 3.58	15:A100,45.00,100.00,14.72, 0.06	20:A100,47.00,100.00, 6.14,18.11	25:A100,46.70,100.00,21.68, 2.18	30:A100,45.20,100.00,10.15, 5.73	35:A100,49.50,100.00,47.39, 1.79	40:A100,44.50,100.00, 0.10, 9.91	45:A100,48.70,100.00, 6.79, 5.56	
0:A100,49.20,100.00, 0.84, 6.17	5:A100,46.00,100.00, 3.07, 3.07	10:A100,46.00,100.00, 3.58, 3.58	15:A100,45.50,100.00,14.72, 0.06	20:A100,47.50,100.00, 6.14,18.11	25:A100,47.20,100.00,21.68, 2.18	30:A100,45.70,100.00,10.15, 5.73	35:A100,50.00,100.00,47.39, 1.79	40:A100,45.00,100.00, 0.10, 9.91	45:A100,49.20,100.00, 6.79, 5.56	
0:A100,49.70,100.00, 0.84, 6.17	5:A100,46.50,100.00, 3.07, 3.07	10:A100,46.50,100.00, 3.58, 3.58	15:A100,46.00,100.00,14.72, 0.06	20:A100,48.00,100.00, 6.14,18.11	25:A100,47.70,100.00,21.68, 2.18	30:A100,46.20,100.00,10.15, 5.73	35:A100,50.50,100.00,47.39, 1.79	40:A100,45.50,100.00, 0.10, 9.91	45:A100,49.70,100.00, 6.79, 5.56	
0:A100,50.20,100.00, 0.84, 6.17	5:A100,47.00,100.00, 3.07, 3.07	10:A100,47.00,100.00, 3.58, 3.58	15:A100,46.50,100.00,14.72, 0.06	20:A100,48.50,100.00, 6.14,18.11	25:A100,48.20,100.00,21.68, 2.18	30:A100,46.70,100.00,10.15, 5.73	35:A100,51.00,100.00,47.39, 1.79	40:A100,46.00,100.00, 0.10, 9.91	45:A100,50.20,100.00, 6.79, 5.56	
0:A100,50.70,100.00, 0.84, 6.17	5:A100,47.50,100.00, 3.07, 3.07	10:A100,47.50,100.00, 3.58, 3.58	15:A100,47.00,100.00,14.72, 0.06	20:A100,49.00,100.00, 6.14,18.11	25:A100,48.70,100.00,21.68, 2.18	30:A100,47.20,100.00,10.15, 5.73	35:B220,52.10,100.00,182.80, 1.79	40:A100,46.50,100.00, 0.10, 9.91	45:A100,50.70,100.00, 6.79, 5.56	
0:A100,51.20,100.00, 0.84, 6.17	5:A100,48.00,100.00, 3.07, 3.07	10:A100,48.00,100.00, 3.58, 3.58	15:A100,47.50,100.00,14.72, 0.06	20:A100,49.50,100.00, 6.14,18.11	25:A100,49.20,100.00,21.68, 2.18	30:A100,47.70,100.00,10.15, 5.73	35:B000,52.10,100.00,39.39, 1.79	40:A100,47.00,100.00, 0.10, 9.91	45:A100,51.20,100.00, 6.79, 5.56	
0:A100,51.70,100.00, 0.84, 6.17	5:A100,48.50,100.00, 3.07, 3.07	10:A100,48.50,100.00, 3.58, 3.58	15:A100,48.00,100.00,14.72, 0.06	20:A100,50.00,100.00, 6.14,18.11	25:A100,49.70,100.00,21.68, 2.18	30:C000,47.70,100.00,10.15, 1.83	35:A100,52.60,100.00,39.39, 1.79	40:A100,47.50,100.00, 0.10, 9.91	45:A100,51.70,100.00, 6.79, 5.56	
0:A100,52.20,100.00, 0.84, 6.17	5:A100,49.00,100.00, 3.07, 3.07	10:A100,49.00,100.00, 3.58, 3.58	15:A100,48.50,100.00,14.72, 0.06	20:A100,50.50,100.00, 6.14,18.11	25:A100,50.20,100.00,21.68, 2.18	30:A100,48.20,100.00,10.15, 1.83	35:A100,53.10,100.00,39.39, 1.79	40:A100,48.00,100.00, 0.10, 9.91	45:A100,52.20,100.00, 6.79, 5.56	
0:A100,52.70,100.00, 0.84, 6.17	5:A100,49.50,100.00, 3.07, 3.07	10:A100,49.50,100.00, 3.58, 3.58	15:A100,49.00,100.00,14.72, 0.06	20:A100,51.00,100.00, 6.14,18.11	25:A100,50.70,100.00,21.68, 2.18	30:A100,48.70,100.00,10.15, 1.83	35:A100,53.60,100.00,39.39, 1.79	40:A100,48.50,100.00, 0.10, 9.91	45:A100,52.70,100.00, 6.79, 5.56	
0:A100,53.20,100.00, 0.84, 6.17	5:A100,50.00,100.00, 3.07, 3.07	10:A100,50.00,100.00, 3.58, 3.58	15:A100,49.50,100.00,14.72, 0.06	20:A100,51.50,100.00, 6.14,18.11	25:A100,51.20,100.00,21.68, 2.18	30:A100,49.20,100.00,10.15, 1.83	35:A100,54.10,100.00,39.39, 1.79	40:A100,49.00,100.00, 0.10, 9.91	45:A100,53.20,100.00, 6.79, 5.56	
0:A100,53.70,100.00, 0.84, 6.17	5:A100,50.50,100.00, 3.07, 3.07	10:A100,50.50,100.00, 3.58, 3.58	15:A100,50.00,100.00,14.72, 0.06	20:B220,52.60,100.00,181.28,18.11	25:A100,51.70,100.00,21.68, 2.18	30:A100,49.70,100.00,10.15, 1.83	35:A100,54.60,100.00,39.39, 1.79	40:A100,49.50,100.00, 0.10, 9.91	45:A100,53.70,100.00, 6.79, 5.56	
0:A100,54.20,100.00, 0.84, 6.17	5:A100,51.00,100.00, 3.07, 3.07	10:A100,51.00,100.00, 3.58, 3.58	15:A100,50.50,100.00,14.72, 0.06	20:A100,53.10,100.00,181.28,18.11	25:A100,52.20,100.00,21.68, 2.18	30:A100,50.20,100.00,10.15, 1.83	35:A100,55.10,100.00,39.39, 1.79	40:A100,50.00,100.00, 0.10, 9.91	45:A100,54.20,100.00, 6.79, 5.56	
0:A100,54.70,100.00, 0.84, 6.17	5:A100,51.50,100.00, 3.07, 3.07	10:A100,51.50,100.00, 3.58, 3.58	15:A100,51.00,100.00,14.72, 0.06	20:B220,54.20,100.00,212.99,18.11	25:A100,52.70,100.00,21.68, 2.18	30:A100,50.70,100.00,10.15, 1.83	35:B220,56.20,100.00,181.08, 1.79	40:B220,51.10,100.00,198.21, 9.91	45:A100,54.70,100.00, 6.79, 5.56	
0:A100,55.20,100.00, 0.84, 6.17	5:A100,52.00,100.00, 3.07, 3.07	10:A100,52.00,100.00, 3.58, 3.58	15:A100,51.50,100.00,14.72, 0.06	20:B220,55.30,100.00,218.73,18.11	25:A100,53.20,100.00,21.68, 2.18	30:A100,51.20,100.00,10.15, 1.83	35:B000,56.20,100.00,39.02, 1.79	40:B000,51.10,100.00,19.64, 9.91	45:A100,55.20,100.00, 6.79, 5.56	
0:A100,55.70,100.00, 0.84, 6.17	5:A100,52.50,100.00, 3.07, 3.07	10:A100,52.50,100.00, 3.58, 3.58	15:A100,52.00,100.00,14.72, 0.06	20:B220,56.40,100.00,219.77,18.11	25:A100,53.70,100.00,21.68, 2.18	30:A100,51.70,100.00,10.15, 1.83	35:A100,56.70,100.00,39.02, 1.79	40:A100,51.60,100.00,19.64, 9.91	45:A100,55.70,100.00, 6.79, 5.56	
0:A100,56.20,100.00, 0.84, 6.17	5:A100,53.00,100.00, 3.07, 3.07	10:A100,53.00,100.00, 3.58, 3.58	15:A100,52.50,100.00,14.72, 0.06	20:B000,56.40,100.00,39.79,18.11	25:A100,54.20,100.00,21.68, 2.18	30:A100,52.20,100.00,10.15, 1.83	35:A100,57.20,100.00,39.02, 1.79	40:A100,52.10,100.00,19.64, 9.91	45:A100,56.20,100.00, 6.79, 5.56	
0:A100,56.70,100.00, 0.84, 6.17	5:A100,53.50,100.00, 3.07, 3.07	10:A100,53.50,100.00, 3.58, 3.58	15:A100,53.00,100.00,14.72, 0.06	20:A100,56.90,100.00,39.79,18.11	25:A100,54.70,100.00,21.68, 2.18	30:A100,52.70,100.00,10.15, 1.83	35:A100,57.70,100.00,39.02, 1.79	40:A100,52.60,100.00,19.64, 9.91	45:A100,56.70,100.00, 6.79, 5.56	
0:A100,57.20,100.00, 0.84, 6.17	5:A100,54.00,100.00, 3.07, 3.07	10:A100,54.00,100.00, 3.58, 3.58	15:A100,53.50,100.00,14.72, 0.06	20:A100,57.40,100.00,39.79,18.11	25:A100,55.20,100.00,21.68, 2.18	30:A100,53.20,100.00,10.15, 1.83	35:A100,58.20,100.00,39.02, 1.79	40:A100,53.10,100.00,19.64, 9.91	45:A100,57.20,100.00, 6.79, 5.56	
0:A100,57.70,100.00, 0.84, 6.17	5:A100,54.50,100.00, 3.07, 3.07	10:A100,54.50,100.00, 3.58, 3.58	15:A100,54.00,100.00,14.72, 0.06	20:A100,57.90,100.00,39.79,18.11	25:A100,55.70,100.00,21.68, 2.18	30:A100,53.70,100.00,10.15, 1.83	35:B220,59.30,100.00,181.00, 1.79	40:A100,53.60,100.00,19.64, 9.91	45:A100,57.70,100.00, 6.79, 5.56	
0:A100,58.20,100.00, 0.84, 6.17	5:A100,55.00,100.00, 3.07, 3.07	10:A100,55.00,100.00, 3.58, 3.58	15:A100,54.50,100.00,14.72, 0.06	20:A100,58.40,100.00,39.79,18.11	25:A100,56.20,100.00,21.68, 2.18	30:A100,54.20,100.00,10.15, 1.83	35:B000,59.30,100.00,39.00, 1.79	40:A100,54.10,100.00,19.64, 9.91	45:A100,58.20,100.00, 6.79, 5.56	
0:A100,58.70,100.00, 0.84, 6.17	5:A100,55.50,100.00, 3.07, 3.07	10:A100,55.50,100.00, 3.58, 3.58	15:A100,55.00,100.00,14.72, 0.06	20:A100,58.90,100.00,39.79,18.11	25:A100,56.70,100.00,21.68, 2.18	30:A100,54.70,100.00,10.15, 1.83	35:A100,59.80,100.00,39.00, 1.79	40:C000,54.10,100.00,19.64, 0.98	45:A100,58.70,100.00, 6.79, 5.56	
0:A100,59.20,100.00, 0.84, 6.17	5:A100,56.00,100.00, 3.07, 3.07	10:A100,56.00,100.00, 3.58, 3.58	15:A100,55.50,100.00,14.72, 0.06	20:A100,59.40,100.00,39.79,18.11	25:A100,57.20,100.00,21.68, 2.18	30:A100,55.20,100.00,10.15, 1.83	35:A100,60.30,100.00,39.00, 1.79	40:A100,54.60,100.00,19.64, 0.98	45:A100,59.20,100.00, 6.79, 5.56	
0:A100,59.70,100.00, 0.84, 6.17	5:A100,56.50,100.00, 3.07, 3.07	10:A100,56.50,100.00, 3.58, 3.58	15:C180,56.40,100.00,14.72,167.49	20:A100,59.90,100.00,39.79,18.11	25:A100,57.70,100.00,21.68, 2.18	30:A100,55.70,100.00,10.15, 1.83	35:A100,60.80,100.00,39.00, 1.79	40:A100,55.10,100.00,19.64, 0.98	45:A100,59.70,100.00, 6.79, 5.56	
0:A100,60.20,100.00, 0.84, 6.17	5:A100,57.00,100.00, 3.07, 3.07	10:A100,57.00,100.00, 3.58, 3.58	15:C180,57.30,100.00,14.72,179.13	20:A100,60.40,100.00,39.79,18.11	25:A100,58.20,100.00,21.68, 2.18	30:A100,56.20,100.00,10.15, 1.83	35:A100,61.30,100.00,39.00, 1.79	40:A100,55.60,100.00,19.64, 0.98	45:A100,60.20,100.00, 6.79, 5.56	
0:A100,60.70,100.00, 0.84, 6.17	5:A100,57.50,100.00, 3.07, 3.07	10:A100,57.50,100.00, 3.58, 3.58	15:C000,57.30,100.00,14.72,12.46	20:A100,60.90,100.00,39.79,18.11	25:A100,58.70,100.00,21.68, 2.18	30:A100,56.70,100.00,10.15, 1.83	35:A100,61.80,100.00,39.00, 1.79	40:A100,56.10,100.00,19.64, 0.98	45:A100,60.70,100.00, 6.79, 5.56	
0:A100,61.20,100.00, 0.84, 6.17	5:A100,58.00,100.00, 3.07, 3.07	10:A100,58.00,100.00, 3.58, 3.58	15:A100,57.80,100.00,14.72,12.46	20:A100,61.40,100.00,39.79,18.11	25:A100,59.20,100.00,21.68, 2.18	30:A100,57.20,100.00,10.15, 1.83	35:A100,62.30,100.00,39.00, 1.79	40:A100,56.60,100.00,19.64, 0.98	45:A100,61.20,100.00, 6.79, 5.56	
0:A100,61.70,100.00, 0.84, 6.17	5:A100,58.50,100.00, 3.07, 3.07	10:A100,58.50,100.00, 3.58, 3.58	15:A100,58.30,100.00,14.72,12.46	20:A100,61.90,100.00,39.79,18.11	25:A100,59.70,100.00,21.68, 2.18	30:A100,57.70,100.00,10.15, 1.83	35:A100,62.80,100.00,39.00, 1.79	40:A100,57.10,100.00,19.64, 0.98	45:A100,61.70,100.00, 6.79, 5.56	
0:A100,62.20,100.00, 0.84, 6.17	5:A100,59.00,100.00, 3.07, 3.07	10:A100,59.00,100.00, 3.58, 3.58	15:A100,58.80,100.00,14.72,12.46	20:A100,62.40,100.00,39.79,18.11	25:A100,60.20,100.00,21.68, 2.18	30:A100,58.20,100.00,10.15, 1.83	35:A100,63.30,100.00,39.00, 1.79	40:A100,57.60,100.00,19.64, 0.98	45:A100,62.20,100.00, 6.79, 5.56	
0:A100,62.70,100.00, 0.84, 6.17	5:A100,59.50,100.00, 3.07, 3.07	10:A100,59.50,100.00, 3.58, 3.58	15:A100,59.30,100.00,14.72,12.46	20:A100,62.90,100.00,39.79,18.11	25:A100,60.70,100.00,21.68, 2.18	30:A100,58.70,100.00,10.15, 1.83	35:A100,63.80,100.00,39.00, 1.79	40:A100,58.10,100.00,19.64, 0.98	45:A100,62.70,100.00, 6.79, 5.56	
0:A100,63.20,100.00, 0.84, 6.17	5:A100,60.00,100.00, 3.07, 3.07	10:A100,60.00,100.00, 3.58, 3.58	15:A100,59.80,100.00,14.72,12.46	20:A100,63.40,100.00,39.79,18.11	25:A100,61.20,100.00,21.68, 2.18	30:A100,59.20,100.00,10.15, 1.83	35:A100,64.30,100.00,39.00, 1.79	40:A100,58.60,100.00,19.64, 0.98	45:A100,63.20,100.00, 6.79, 5.56	
0:A100,63.70,100.00, 0.84, 6.17	5:A100,60.50,100.00, 3.07, 3.07	10:A100,60.50,100.00, 3.58, 3.58	15:B220,60.90,100.00,205.73,12.46	20:A100,63.90,100.00,39.79,18.11	25:A100,61.70,100.00,21.68, 2.18	30:A100,59.70,100.00,10.15, 1.83	35:B000,64.30,100.00, 8.40, 1.79	40:A100,59.10,100.00,19.64, 0.98	45:A100,63.70,100.00, 6.79, 5.56	
0:A100,64.20,100.00, 0.84, 6.17	5:A100,61.00,100.00, 3.07, 3.07	10:A100,61.00,100.00, 3.58, 3.58	15:B000,60.90,100.00,14.30,12.46	20:A100,64.40,100.00,39.79,18.11	25:A100,62.20,100.00,21.68, 2.18	30:A100,60.20,100.00,10.15, 1.83	35:A100,64.80,100.00, 8.40, 1.79	40:A100,59.60,100.00,19.64, 0.98	45:A100,64.20,100.00, 6.79, 5.56	
0:A100,64.70,100.00, 0.84, 6.17	5:A100,61.50,100.00, 3.07, 3.07	10:A100,61.50,100.00, 3.58, 3.58	15:A100,61.40,100.00,14.30,12.46	20:A100,64.90,100.00,39.79,18.11	25:A100,62.70,100.00,21.68, 2.18	30:A100,60.70,100.00,10.15, 1.83	35:A100,65.30,100.00, 8.40, 1.79	40:A100,60.10,100.00,19.64, 0.98	45:A100,64.70,100.00, 6.79, 5.56	
0:A100,65.20,100.00, 0.84, 6.17	5:A100,62.00,100.00, 3.07, 3.07	10:A100,62.00,100.00, 3.58, 3.58	15:A100,61.90,100.00,14.30,12.46	20:A100,65.40,100.00,39.79,18.11	25:A100,63.20,100.00,21.68, 2.18	30:A100,61.20,100.00,10.15, 1.83	35:A100,65.80,100.00, 8.40, 1.79	40:A100,60.60,100.00,19.64, 0.98	45:A100,65.20,100.00, 6.79, 5.56	
0:A100,65.70,100.00, 0.84, 6.17	5:A100,62.50,100.00, 3.07, 3.07	10:A100,62.50,100.00, 3.58, 3.58	15:A100,62.40,100.00,14.30,12.46	20:A100,65.90,100.00,39.79,18.11	25:A100,63.70,100.00,21.68, 2.18	30:A100,61.70,100.00,10.15, 1.83	35:A100,66.30,100.00, 8.40, 1.79	40:A100,61.10,100.00,19.64, 0.98	45:A100,65.70,100.00, 6.79, 5.56	
0:A100,66.20,100.00, 0.84, 6.17	5:A100,63.00,100.00, 3.07, 3.07	10:A100,63.00,100.00, 3.58, 3.58	15:A100,62.90,100.00,14.30,12.46	20:A100,66.40,100.00,39.79,18.11	25:A100,64.20,100.00,21.68, 2.18	30:A100,62.20,100.00,10.15, 1.83	35:A100,66.80,100.00, 8.40, 1.79	40:A100,61.60,100.00,19.64, 0.98	45:A100,66.20,100.00, 6.79, 5.56	
0:A100,66.70,100.00, 0.84, 6.17	5:A100,63.50,100.00, 3.07, 3.07	10:A100,63.50,100.00, 3.58, 3.58	15:A100,63.40,100.00,14.30,12.46	20:A100,66.90,100.00,39.79,18.11	25:A100,64.70,100.00,21.68, 2.18	30:A100,62.70,100.00,10.15, 1.83	35:A100,67.30,100.00, 8.40, 1.79	40:A100,62.10,100.00,19.64, 0.98	45:A100,66.70,100.00, 6.79, 5.56	
0:A100,67.20,100.00, 0.84, 6.17	5:A100,64.00,100.00, 3.07, 3.07	10:A100,64.00,100.00, 3.58, 3.58	15:A100,63.90,100.00,14.30,12.46	20:A100,67.40,100.00,39.79,18.11	25:A100,65.20,100.00,21.68, 2.18	30:A100,63.20,100.00,10.15, 1.83	35:A100,67.80,100.00, 8.40, 1.79	40:A100,62.60,100.00,19.64, 0.98	45:A100,67.20,100.00, 6.79, 5.56	
0:A100,67.70,100.00, 0.84, 6.17	5:A100,64.50,100.00, 3.07, 3.07	10:A100,64.50,100.00, 3.58, 3.58	15:A100,64.40,100.00,14.30,12.46	20:A100,67.90,100.00,39.79,18.11	25:A100,65.70,100.00,21.68, 2.18	30:A100,63.70,100.00,10.15, 1.83	35:A100,68.30,100.00, 8.40, 1.79	40:A100,63.10,100.00,19.64, 0.98	45:A100,67.70,100.00, 6.79, 5.56	
0:A100,68.20,100.00, 0.84, 6.17	5:A100,65.00,100.00, 3.07, 3.07	10:A100,65.00,100.00, 3.58, 3.58	15:A100,64.90,100.00,14.30,12.46	20:A100,68.40,100.00,39.79,18.11	25:A100,66.20,100.00,21.68, 2.18	30:A100,64.20,100.00,10.15, 1.83	35:A100,68.80,100.00, 8.40, 1.79	40:A100,63.60,100.00,19.64, 0.98	45:A100,68.20,100.00, 6.79, 5.56	
0:A100,68.70,100.00, 0.84, 6.17	5:A100,65.50,100.00, 3.07, 3.07	10:A100,65.50,100.00, 3.58, 3.58	15:A100,65.40,100.00,14.30,12.46	20:A100,68.90,100.00,39.79,18.11	25:A100,66.70,100.00,21.68, 2.18	30:A100,64.70,100.00,10.15, 1.83	35:A100,69.30,100.00, 8.40, 1.79	40:A100,64.10,100.00,19.64, 0.98	45:A100,68.70,100.00, 6.79, 5.56	
0:A100,69.20,100.00, 0.84, 6.17	5:A100,66.00,100.00, 3.07, 3.07	10:A100,66.00,100.00, 3.58, 3.58	15:A100,65.90,100.00,14.30,12.46	20:A100,69.40,100.00,39.79,18.11	25:A100,67.20,100.00,21.68, 2.18	30:A100,65.20,100.00,10.15, 1.83	35:A100,69.80,100.00, 8.40, 1.79	40:A100,64.60,100.00,19.64, 0.98	45:A100,69.20,100.00, 6.79, 5.56	
0:C000,69.20,100.00, 0.84, 0.38	5:A100,66.50,100.00, 3.07, 3.07	10:B220,67.10,100.00,212.26, 3.58	15:A100,66.40,100.00,14.30,12.46	20:B220,70.50,100.00,187.37,18.11	25:A100,67.70,100.00,21.68, 2.18	30:A100,65.70,100.00,10.15, 1.83	35:A100,70.30,100.00, 8.40, 1.79	40:A100,65.10,100.00,19.64, 0.98	45:A100,69.70,100.00, 6.79, 5.56	
0:A100,69.70,100.00, 0.84, 0.38	5:A100,67.00,100.00, 3.07, 3.07	10:B220,68.20,100.00,219.72, 3.58	15:A100,66.90,100.00,14.30,12.46	20:B220,71.60,100.00,214.09,18.11	25:A100,68.20,100.00,21.68, 2.18	30:A100,66.20,100.00,10.15, 1.83	35:A100,70.80,100.00, 8.40, 1.79	40:A100,65.60,100.00,19.64, 0.98	45:A100,70.20,100.00, 6.79, 5.56	
0:A100,70.20,100.00, 0.84, 0.38	5:B000,67.00,100.00, 0.09, 3.07	10:B000,68.20,100.00, 7.86, 3.58	15:A100,67.40,100.00,14.30,12.46	20:B000,71.60,100.00,38.77,18.11	25:A100,68.70,100.00,21.68, 2.18	30:A100,66.70,100.00,10.15, 1.83	35:A100,71.30,100.00, 8.40, 1.79	40:A100,66.10,100.00,19.64, 0.98	45:A100,70.70,100.00, 6.79, 5.56	
0:A100,70.70,100.00, 0.84, 0.38	5:A100,67.50,100.00, 0.09, 3.07	10:A100,68.70,100.00, 7.86, 3.58	15:C000,67.40,100.00,14.30, 0.87	20:A100,72.10,100.00,38.77,18.11	25:A100,69.20,100.00,21.68, 2.18	30:A100,67.20,100.00,10.15, 1.83	35:A100,71.80,100.00, 8.40, 1.79	40:A100,66.60,100.00,19.64, 0.98	45:A100,71.20,100.00, 6.79, 5.56	
0:A100,71.20,100.00, 0.84, 0.38	5:A100,68.00,100.00, 0.09, 3.07	10:A100,69.20,100.00, 7.86, 3.58	15:A100,67.90,100.00,14.30, 0.87	20:A100,72.60,100.00,38.77,18.11	25:A100,69.70,100.00,21.68, 2.18	30:A100,67.70,100.00,10.15, 1.83	35:A100,72.30,100.00, 8.40, 1.79	40:A100,67.10,100.00,19.64, 0.98	45:A100,71.70,100.00, 6.79, 5.56	
0:A100,71.70,100.00, 0.84, 0.38	5:A100,68.50,100.00, 0.09, 3.07	10:A100,69.70,100.00, 7.86, 3.58	15:A100,68.40,100.00,14.30, 0.87	20:A100,73.10,100.00,38.77,18.11	25:A100,70.20,100.00,21.68, 2.18	30:A100,68.20,100.00,10.15, 1.83	35:A100,72.80,100.00, 8.40, 1.79	40:A100,67.60,100.00,19.64, 0.98	45:A100,72.20,100.00, 6.79, 5.56	
0:A100,72.20,100.00, 0.84, 0.38	5:A100,69.00,100.00, 0.09, 3.07	10:A100,70.20,100.00, 7.86, 3.58	15:A100,68.90,100.00,14.30, 0.87	20:A100,73.60,100.00,38.77,18.11	25:A100,70.70,100.00,21.68, 2.18	30:A100,68.70,100.00,10.15, 1.83	35:A100,73.30,100.00, 8.40, 1.79	40:A100,68.10,100.00,19.64, 0.98	45:A100,72.70,100.00, 6.79, 5.56	
0:A100,72.70,100.00, 0.84, 0.38	5:A100,69.50,100.00, 0.09, 3.07	10:A100,70.70,100.00, 7.86, 3.58	15:A100,69.40,100.00,14.30, 0.87	20:A100,74.10,100.00,38.77,18.11	25:A100,71.20,100.00,21.68, 2.18	30:A100,69.20,100.00,10.15, 1.83	35:A100,73.80,100.00, 8.40, 1.79	40:A100,68.60,100.00,19.64, 0.98	45:A100,73.20,100.00, 6.79, 5.56	
0:A100,73.20,100.00, 0.84, 0.38	5:A100,70.00,100.00, 0.09, 3.07	10:A100,71.20,100.00, 7.86, 3.58	15:A100,69.90,100.00,14.30, 0.87	20:A100,74.60,100.00,38.77,18.11	25:A100,71.70,100.00,21.68, 2.18	30:A100,69.70,100.00,10.15, 1.83	35:A100,74.30,100.00, 8.40, 1.79	40:A100,69.10,100.00,19.64, 0.98	45:A100,73.70,100.00, 6.79, 5.56	
0:A100,73.70,100.00, 0.84, 0.38	5:A100,70.50,100.00, 0.09, 3.07	10:A100,71.70,100.00, 7.86, 3.58	15:A100,70.40,100.00,14.30, 0.87	20:C000,74.60,100.00,38.77, 3.28	25:A100,72.20,100.00,21.68, 2.18	30:A100,70.20,100.00,10.15, 1.83	35:A100,74.80,100.00, 8.40, 1.79	40:A100,69.60,100.00,19.64, 0.98	45:A100,74.20,100.00, 6.79, 5.56	
0:A100,74.20,100.00, 0.84, 0.38	5:A100,71.00,100.00, 0.09, 3.07	10:A100,72.20,100.00, 7.86, 3.58	15:A100,70.90,100.00,14.30, 0.87	20:A100,75.10,100.00,38.77, 3.28	25:A100,72.70,100.00,21.68, 2.18	30:A100,70.70,100.00,10.15, 1.83	35:A100,75.30,100.00, 8.40, 1.79	40:A100,70.10,100.00,19.64, 0.98	45:A100,74.70,100.00, 6.79, 5.56	
0:A100,74.70,100.00, 0.84, 0.38	5:A100,71.50,100.00, 0.09, 3.07	10:A100,72.70,100.00, 7.86, 3.58	15:A100,71.40,100.00,14.30, 0.87	20:A100,75.60,100.00,38.77, 3.28	25:A100,73.20,100.00,21.68, 2.18	30:A100,71.20,100.00,10.15, 1.83	35:A100,75.80,100.00, 8.40, 1.79	40:A100,70.60,100.00,19.64, 0.98	45:A100,75.20,100.00, 6.79, 5.56	
0:A100,75.20,100.00, 0.84, 0.38	5:A100,72.00,100.00, 0.09, 3.07	10:A100,73.20,100.00, 7.86, 3.58	15:A100,71.90,100.00,14.30, 0.87	20:A100,76.10,100.00,38.77, 3.28	25:A100,73.70,100.00,21.68, 2.18	30:A100,71.70,100.00,10.15, 1.83	35:A100,76.30,100.00, 8.40, 1.79	40:A100,71.10,100.00,19.64, 0.98	45:A100,75.70,100.00, 6.79, 5.56	
0:A100,75.70,100.00, 0.84, 0.38	5:A100,72.50,100.00, 0.09, 3.07	10:A100,73.70,100.00, 7.86, 3.58	15:A100,72.40,100.00,14.30, 0.87	20:A100,76.60,100.00,38.77, 3.28	25:A100,74.20,100.00,21.68, 2.18	30:A100,72.20,100.00,10.15, 1.83	35:A100,76.80,100.00, 8.40, 1.79	40:A100,71.60,100.00,19.64, 0.98	45:A100,76.20,100.00, 6.79, 5.56	
0:A100,76.20,100.00, 0.84, 0.38	5:A100,73.00,100.00, 0.09, 3.07	10:A100,74.20,100.00, 7.86, 3.58	15:A100,72.90,100.00,14.30, 0.87	20:A100,77.10,100.00,38.77, 3.28	25:A100,74.70,100.00,21.68, 2.18	30:A100,72.70,100.00,10.15, 1.83	35:A100,77.30,100.00, 8.40, 1.79	40:A100,72.10,100.00,19.64, 0.98	45:A100,76.70,100.00, 6.79, 5.56	
0:A100,76.70,100.00, 0.84, 0.38	5:A100,73.50,100.00, 0.09, 3.07	10:A100,74.70,100.00, 7.86, 3.58	15:A100,73.40,100.00,14.30, 0.87	20:A100,77.60,100.00,38.77, 3.28	25:A100,75.20,100.00,21.68, 2.18	30:A100,73.20,100.00,10.15, 1.83	35:A100,77.80,100.00, 8.40, 1.79	40:A100,72.60,100.00,19.64, 0.98	45:A100,77.20,100.00, 6.79, 5.56	
0:A100,77.20,100.00, 0.84, 0.38	5:A100,74.00,100.00, 0.09, 3.07	10:A100,75.20,100.00, 7.86, 3.58	15:A100,73.90,100.00,14.30, 0.87	20:A100,78.10,100.00,38.77, 3.28	25:A100,75.70,100.00,21.68, 2.18	30:A100,73.70,100.00,10.15, 1.83	35:A100,78.30,100.00, 8.40, 1.79	40:A100,73.10,100.00,19.64, 0.98	45:A100,77.70,100.00, 6.79, 5.56	
0:A100,77.70,100.00, 0.84, 0.38	5:A100,74.50,100.00, 0.09, 3.07	10:A100,75.70,100.00, 7.86, 3.58	15:A100,74.40,100.00,14.30, 0.87	20:A100,78.60,100.00,38.77, 3.28	25:A100,76.20,100.00,21.68, 2.18	30:A100,74.20,100.00,10.15, 1.83	35:A100,78.80,100.00, 8.40, 1.79	40:C180,74.00,100.00,19.64,162.26	45:A100,78.20,100.00, 6.79, 5.56	
0:A100,78.20,100.00, 0.84, 0.38	5:A100,75.00,100.00, 0.09, 3.07	10:A100,76.20,100.00, 7.86, 3.58	15:A100,74.90,100.00,14.30, 0.87	20:A100,79.10,100.00,38.77, 3.28	25:A100,76.70,100.00,21.68, 2.18	30:A100,74.70,100.00,10.15, 1.83	35:A100,79.30,100.00, 8.40, 1.79	40:C180,74.90,100.00,19.64,178.24	45:A100,78.70,100.00, 6.79, 5.56	
0:A100,78.70,100.00, 0.84, 0.38	5:A100,75.50,100.00, 0.09, 3.07	10:A100,76.70,100.00, 7.86, 3.58	15:A100,75.40,100.00,14.30, 0.87	20:A100,79.60,100.00,38.77, 3.28	25:A100,77.20,100.00,21.68, 2.18	30:A100,75.20,100.00,10.15, 1.83	35:A100,79.80,100.00, 8.40, 1.79	40:C000,74.90,100.00,19.64,17.66	45:A100,79.20,100.00, 6.79, 5.56	
0:A100,79.20,100.00, 0.84, 0.38	5:A100,76.00,100.00, 0.09, 3.07	10:A100,77.20,100.00, 7.86, 3.58	15:A100,75.90,100.00,14.30, 0.87	20:B220,80.70,100.00,187.18, 3.28	25:A100,77.70,100.00,21.68, 2.18	30:A100,75.70,100.00,10.15, 1.83	35:A100,80.30,100.00, 8.40, 1.79	40:A100,75.40,100.00,19.64,17.66	45:A100,79.70,100.00, 6.79, 5.56	
0:A100,79.70,100.00, 0.84, 0.38	5:A100,76.50,100.00, 0.09, 3.07	10:A100,77.70,100.00, 7.86, 3.58	15:A100,76.40,100.00,14.30, 0.87	20:B000,80.70,100.00,33.89, 3.28	25:A100,78.20,100.00,21.68, 2.18	30:A100,76.20,100.00,10.15, 1.83	35:A100,80.80,100.00, 8.40, 1.79	40:A100,75.90,100.00,19.64,17.66	45:A100,80.20,100.00, 6.79, 5.56	
0:A100,80.20,100.00, 0.84, 0.38	5:A100,77.00,100.00, 0.09, 3.07	10:A100,78.20,100.00, 7.86, 3.58	15:A100,76.90,100.00,14.30, 0.87	20:A100,81.20,100.00,33.89, 3.28	25:A100,78.70,100.00,21.68, 2.18	30:A100,76.70,100.00,10.15, 1.83	35:A100,81.30,100.00, 8.40, 1.79	40:A100,76.40,100.00,19.64,17.66	45:A100,80.70,100.00, 6.79, 5.56	
0:A100,80.70,100.00, 0.84, 0.38	5:A100,77.50,100.00, 0.09, 3.07	10:A100,78.70,100.00, 7.86, 3.58	15:A100,77.40,100.00,14.30, 0.87	20:A100,81.70,100.00,33.89, 3.28	25:A100,79.20,100.00,21.68, 2.18	30:C000,76.70,100.00,10.15, 0.58	35:A100,81.80,100.00, 8.40, 1.79	40:A100,76.90,100.00,19.64,17.66	45:A100,81.20,100.00, 6.79, 5.56	
0:A100,81.20,100.00, 0.84, 0.38	5:A100,78.00,100.00, 0.09, 3.07	10:A100,79.20,100.00, 7.86, 3.58	15:A100,77.90,100.00,14.30, 0.87	20:A100,82.20,100.00,33.89, 3.28	25:A100,79.70,100.00,21.68, 2.18	30:A100,77.20,100.00,10.15, 0.58	35:A100,82.30,100.00, 8.40, 1.79	40:A100,77.40,100.00,19.64,17.66	45:A100,81.70,100.00, 6.79, 5.56	
0:A100,81.70,100.00, 0.84, 0.38	5:A100,78.50,100.00, 0.09, 3.07	10:A100,79.70,100.00, 7.86, 3.58	15:A100,78.40,100.00,14.30, 0.87	20:A100,82.70,100.00,33.89, 3.28	25:A100,80.20,100.00,21.68, 2.18	30:A100,77.70,100.00,10.15, 0.58	35:A100,82.80,100.00, 8.40, 1.79	40:A100,77.90,100.00,19.64,17.66	45:A100,82.20,100.00, 6.79, 5.56	
0:A100,82.20,100.00, 0.84, 0.38	5:A100,79.00,100.00, 0.09, 3.07	10:A100,80.20,100.00, 7.86, 3.58	15:A100,78.90,100.00,14.30, 0.87	20:A100,83.20,100.00,33.89, 3.28	25:A100,80.70,100.00,21.68, 2.18	30:A100,78.20,100.00,10.15, 0.58	35:A100,83.30,100.00, 8.40, 1.79	40:A100,78.40,100.00,19.64,17.66	45:A100,82.70,100.00, 6.79, 5.56	
0:A100,82.70,100.00, 0.84, 0.38	5:A100,79.50,100.00, 0.09, 3.07	10:A100,80.70,100.00, 7.86, 3.58	15:A100,79.40,100.00,14.30, 0.87	20:A100,83.70,100.00,33.89, 3.28	25:A100,81.20,100.00,21.68, 2.18	30:A100,78.70,100.00,10.15, 0.58	35:A100,83.80,100.00, 8.40, 1.79	40:A100,78.90,100.00,19.64,17.66	45:A100,83.20,100.00, 6.79, 5.56	
0:A100,83.20,100.00, 0.84, 0.38	5:A100,80.00,100.00, 0.09, 3.07	10:A100,81.20,100.00, 7.86, 3.58	15:A100,79.90,100.00,14.30, 0.87	20:A100,84.20,100.00,33.89, 3.28	25:A100,81.70,100.00,21.68, 2.18	30:A100,79.20,100.00,10.15, 0.58	35:A100,84.30,100.00, 8.40, 1.79	40:A100,79.40,100.00,19.64,17.66	45:A100,83.70,100.00, 6.79, 5.56	
0:A100,83.70,100.00, 0.84, 0.38	5:A100,80.50,100.00, 0.09, 3.07	10:A100,81.70,100.00, 7.86, 3.58	15:A100,80.40,100.00,14.30, 0.87	20:A100,84.70,100.00,33.89, 3.28	25:A100,82.20,100.00,21.68, 2.18	30:B000,79.20,100.00, 3.23, 0.58	35:A100,84.80,100.00, 8.40, 1.79	40:A100,79.90,100.00,19.64,17.66	45:C000,83.70,100.00, 6.79, 1.06	
0:A100,84.20,100.00, 0.84, 0.38	5:A100,81.00,100.00, 0.09, 3.07	10:A100,82.20,100.00, 7.86, 3.58	15:A100,80.90,100.00,14.30, 0.87	20:A100,85.20,100.00,33.89, 3.28	25:A100,82.70,100.00,21.68, 2.18	30:A100,79.70,100.00, 3.23, 0.58	35:A100,85.30,100.00, 8.40, 1.79	40:A100,80.40,100.00,19.64,17.66	45:A100,84.20,100.00, 6.79, 1.06	
0:A100,84.70,100.00, 0.84, 0.38	5:A100,81.50,100.00, 0.09, 3.07	10:A100,82.70,100.00, 7.86, 3.58	15:A100,81.40,100.00,14.30, 0.87	20:A100,85.70,100.00,33.89, 3.28	25:A100,83.20,100.00,21.68, 2.18	30:A100,80.20,100.00, 3.23, 0.58	35:A100,85.80,100.00, 8.40, 1.79	40:A100,80.90,100.00,19.64,17.66	45:A100,84.70,100.00, 6.79, 1.06	
0:A100,85.20,100.00, 0.84, 0.38	5:A100,82.00,100.00, 0.09, 3.07	10:A100,83.20,100.00, 7.86, 3.58	15:A100,81.90,100.00,14.30, 0.87	20:A100,86.20,100.00,33.89, 3.28	25:A100,83.70,100.00,21.68, 2.18	30:A100,80.70,100.00, 3.23, 0.58	35:A100,86.30,100.00, 8.40, 1.79	40:A100,81.40,100.00,19.64,17.66	45:A100,85.20,100.00, 6.79, 1.06	
0:A100,85.70,100.00, 0.84, 0.38	5:A100,82.50,100.00, 0.09, 3.07	10:A100,83.70,100.00, 7.86, 3.58	15:A100,82.40,100.00,14.30, 0.87	20:A100,86.70,100.00,33.89, 3.28	25:A100,84.20,100.00,21.68, 2.18	30:A100,81.20,100.00, 3.23, 0.58	35:A100,86.80,100.00, 8.40, 1.79	40:A100,81.90,100.00,19.64,17.66	45:A100,85.70,100.00, 6.79, 1.06	
0:A100,86.20,100.00, 0.84, 0.38	5:A100,83.00,100.00, 0.09, 3.07	10:A100,84.20,100.00, 7.86, 3.58	15:A100,82.90,100.00,14.30, 0.87	20:A100,87.20,100.00,33.89, 3.28	25:A100,84.70,100.00,21.68, 2.18	30:A100,81.70,100.00, 3.23, 0.58	35:A100,87.30,100.00, 8.40, 1.79	40:A100,82.40,100.00,19.64,17.66	45:A100,86.20,100.00, 6.79, 1.06	
0:A100,86.70,100.00, 0.84, 0.38	5:A100,83.50,100.00, 0.09, 3.07	10:A100,84.70,100.00, 7.86, 3.58	15:A100,83.40,100.00,14.30, 0.87	20:A100,87.70,100.00,33.89, 3.28	25:C000,84.70,100.00,21.68, 0.24	30:A100,82.20,100.00, 3.23, 0.58	35:A100,87.80,100.00, 8.40, 1.79	40:A100,82.90,100.00,19.64,17.66	45:A100,86.70,100.00, 6.79, 1.06	
0:A100,87.20,100.00, 0.84, 0.38	5:A100,84.00,100.00, 0.09, 3.07	10:A100,85.20,100.00, 7.86, 3.58	15:A100,83.90,100.00,14.30, 0.87	20:A100,88.20,100.00,33.89, 3.28	25:A100,85.20,100.00,21.68, 0.24	30:A100,82.70,100.00, 3.23, 0.58	35:A100,88.30,100.00, 8.40, 1.79	40:A100,83.40,100.00,19.64,17.66	45:A100,87.20,100.00, 6.79, 1.06	
0:A100,87.70,100.00, 0.84, 0.38	5:A100,84.50,100.00, 0.09, 3.07	10:A100,85.70,100.00, 7.86, 3.58	15:A100,84.40,100.00,14.30, 0.87	20:A100,88.70,100.00,33.89, 3.28	25:A100,85.70,100.00,21.68, 0.24	30:A100,83.20,100.00, 3.23, 0.58	35:A100,88.80,100.00, 8.40, 1.79	40:A100,83.90,100.00,19.64,17.66	45:A100,87.70,100.00, 6.79, 1.06	
0:A100,88.20,100.00, 0.84, 0.38	5:A100,85.00,100.00, 0.09, 3.07	10:A100,86.20,100.00, 7.86, 3.58	15:A100,84.90,100.00,14.30, 0.87	20:A100,89.20,100.00,33.89, 3.28	25:A100,86.20,100.00,21.68, 0.24	