each row consists of groups of data for each agent, in form:	agentNum:choice,fitness,[expA,expB,expC]where choice has letter of choice and number for reward received
each column consists of every trial for the same agent.
this entire file is from Generation 50

0:A100,00.50,[100.00,100.00,100.00]	5:B000,00.00,[100.00,66.40,100.00]	10:C000,00.00,[100.00,100.00,70.18]	15:C000,00.00,[100.00,100.00,43.75]	20:A100,00.50,[100.00,100.00,100.00]	25:A100,00.50,[100.00,100.00,100.00]	30:B000,00.00,[100.00,02.82,100.00]	35:C180,00.90,[100.00,100.00,129.22]	40:C000,00.00,[100.00,100.00,15.46]	45:C180,00.90,[100.00,100.00,177.47]	
0:B220,01.60,[100.00,181.67,100.00]	5:C180,00.90,[100.00,66.40,126.88]	10:B000,00.00,[100.00,70.18,70.18]	15:B220,01.10,[100.00,167.50,43.75]	20:C180,01.40,[100.00,100.00,134.34]	25:A100,01.00,[100.00,100.00,100.00]	30:A100,00.50,[100.00,02.82,100.00]	35:B000,00.90,[100.00,63.48,129.22]	40:B220,01.10,[100.00,201.45,15.46]	45:C180,01.80,[100.00,100.00,179.92]	
0:B000,01.60,[100.00,58.02,100.00]	5:C000,00.90,[100.00,66.40,84.25]	10:A100,00.50,[100.00,70.18,70.18]	15:B000,01.10,[100.00,73.28,43.75]	20:C000,01.40,[100.00,100.00,76.67]	25:A100,01.50,[100.00,100.00,100.00]	30:A100,01.00,[100.00,02.82,100.00]	35:C180,01.80,[100.00,63.48,147.76]	40:B220,02.20,[100.00,217.13,15.46]	45:C180,02.70,[100.00,100.00,180.00]	
0:C180,02.50,[100.00,58.02,154.45]	5:C180,01.80,[100.00,66.40,116.42]	10:A100,01.00,[100.00,70.18,70.18]	15:A100,01.60,[100.00,73.28,43.75]	20:A100,01.90,[100.00,100.00,76.67]	25:C180,02.40,[100.00,100.00,173.17]	30:C000,01.00,[100.00,02.82,02.82]	35:C000,01.80,[100.00,63.48,93.80]	40:B220,03.30,[100.00,219.56,15.46]	45:C180,03.60,[100.00,100.00,180.00]	
0:C180,03.40,[100.00,58.02,171.84]	5:C180,02.70,[100.00,66.40,137.79]	10:B000,01.00,[100.00,49.25,70.18]	15:A100,02.10,[100.00,73.28,43.75]	20:A100,02.40,[100.00,100.00,76.67]	25:C180,03.30,[100.00,100.00,179.42]	30:A100,01.50,[100.00,02.82,02.82]	35:A100,02.30,[100.00,63.48,93.80]	40:B000,03.30,[100.00,33.93,15.46]	45:C000,03.60,[100.00,100.00,05.70]	
0:C180,04.30,[100.00,58.02,177.39]	5:C180,03.60,[100.00,66.40,151.97]	10:B220,02.10,[100.00,100.17,70.18]	15:B220,03.20,[100.00,155.81,43.75]	20:A100,02.90,[100.00,100.00,76.67]	25:C000,03.30,[100.00,100.00,15.33]	30:A100,02.00,[100.00,02.82,02.82]	35:C180,03.20,[100.00,63.48,125.28]	40:A100,03.80,[100.00,33.93,15.46]	45:B000,03.60,[100.00,03.16,05.70]	
0:C180,05.20,[100.00,58.02,179.17]	5:C180,04.50,[100.00,66.40,161.39]	10:B000,02.10,[100.00,70.30,70.18]	15:B000,03.20,[100.00,68.17,43.75]	20:A100,03.40,[100.00,100.00,76.67]	25:A100,03.80,[100.00,100.00,15.33]	30:A100,02.50,[100.00,02.82,02.82]	35:C180,04.10,[100.00,63.48,145.26]	40:A100,04.30,[100.00,33.93,15.46]	45:A100,04.10,[100.00,03.16,05.70]	
0:C180,06.10,[100.00,58.02,179.73]	5:C180,05.40,[100.00,66.40,167.64]	10:A100,02.60,[100.00,70.30,70.18]	15:A100,03.70,[100.00,68.17,43.75]	20:C000,03.40,[100.00,100.00,43.76]	25:B220,04.90,[100.00,209.75,15.33]	30:C000,02.50,[100.00,02.82,00.08]	35:C180,05.00,[100.00,63.48,157.95]	40:A100,04.80,[100.00,33.93,15.46]	45:A100,04.60,[100.00,03.16,05.70]	
0:C000,06.10,[100.00,58.02,57.40]	5:C000,05.40,[100.00,66.40,111.31]	10:C180,03.50,[100.00,70.30,102.93]	15:A100,04.20,[100.00,68.17,43.75]	20:A100,03.90,[100.00,100.00,43.76]	25:B000,04.90,[100.00,17.92,15.33]	30:A100,03.00,[100.00,02.82,00.08]	35:C180,05.90,[100.00,63.48,166.00]	40:A100,05.30,[100.00,33.93,15.46]	45:A100,05.10,[100.00,03.16,05.70]	
0:A100,06.60,[100.00,58.02,57.40]	5:C000,05.40,[100.00,66.40,73.91]	10:C000,03.50,[100.00,70.30,72.24]	15:A100,04.70,[100.00,68.17,43.75]	20:A100,04.40,[100.00,100.00,43.76]	25:A100,05.40,[100.00,17.92,15.33]	30:A100,03.50,[100.00,02.82,00.08]	35:C180,06.80,[100.00,63.48,171.11]	40:A100,05.80,[100.00,33.93,15.46]	45:A100,05.60,[100.00,03.16,05.70]	
0:A100,07.10,[100.00,58.02,57.40]	5:A100,05.90,[100.00,66.40,73.91]	10:A100,04.00,[100.00,70.30,72.24]	15:A100,05.20,[100.00,68.17,43.75]	20:B220,05.50,[100.00,151.52,43.76]	25:A100,05.90,[100.00,17.92,15.33]	30:A100,04.00,[100.00,02.82,00.08]	35:C180,07.70,[100.00,63.48,174.36]	40:C180,06.70,[100.00,33.93,154.57]	45:A100,06.10,[100.00,03.16,05.70]	
0:A100,07.60,[100.00,58.02,57.40]	5:A100,06.40,[100.00,66.40,73.91]	10:A100,04.50,[100.00,70.30,72.24]	15:A100,05.70,[100.00,68.17,43.75]	20:B220,06.60,[100.00,180.92,43.76]	25:A100,06.40,[100.00,17.92,15.33]	30:B000,04.00,[100.00,00.08,00.08]	35:C000,07.70,[100.00,63.48,110.68]	40:C180,07.60,[100.00,33.93,176.07]	45:A100,06.60,[100.00,03.16,05.70]	
0:A100,08.10,[100.00,58.02,57.40]	5:C180,07.30,[100.00,66.40,109.56]	10:B220,05.60,[100.00,114.94,72.24]	15:B000,05.70,[100.00,29.83,43.75]	20:B220,07.70,[100.00,197.69,43.76]	25:A100,06.90,[100.00,17.92,15.33]	30:A100,04.50,[100.00,00.08,00.08]	35:A100,08.20,[100.00,63.48,110.68]	40:C000,07.60,[100.00,33.93,27.21]	45:A100,07.10,[100.00,03.16,05.70]	
0:A100,08.60,[100.00,58.02,57.40]	5:A100,07.80,[100.00,66.40,109.56]	10:B000,05.60,[100.00,80.67,72.24]	15:A100,06.20,[100.00,29.83,43.75]	20:B220,08.80,[100.00,207.27,43.76]	25:A100,07.40,[100.00,17.92,15.33]	30:A100,05.00,[100.00,00.08,00.08]	35:A100,08.70,[100.00,63.48,110.68]	40:A100,08.10,[100.00,33.93,27.21]	45:A100,07.60,[100.00,03.16,05.70]	
0:A100,09.10,[100.00,58.02,57.40]	5:A100,08.30,[100.00,66.40,109.56]	10:A100,06.10,[100.00,80.67,72.24]	15:A100,06.70,[100.00,29.83,43.75]	20:B000,08.80,[100.00,118.29,43.76]	25:A100,07.90,[100.00,17.92,15.33]	30:A100,05.50,[100.00,00.08,00.08]	35:C000,08.70,[100.00,63.48,70.26]	40:A100,08.60,[100.00,33.93,27.21]	45:A100,08.10,[100.00,03.16,05.70]	
0:C180,10.00,[100.00,58.02,140.84]	5:A100,08.80,[100.00,66.40,109.56]	10:A100,06.60,[100.00,80.67,72.24]	15:A100,07.20,[100.00,29.83,43.75]	20:B220,09.90,[100.00,161.95,43.76]	25:A100,08.40,[100.00,17.92,15.33]	30:A100,06.00,[100.00,00.08,00.08]	35:A100,09.20,[100.00,63.48,70.26]	40:A100,09.10,[100.00,33.93,27.21]	45:A100,08.60,[100.00,03.16,05.70]	
0:A100,10.50,[100.00,58.02,140.84]	5:C000,08.80,[100.00,66.40,72.74]	10:B000,06.60,[100.00,56.61,72.24]	15:A100,07.70,[100.00,29.83,43.75]	20:B000,09.90,[100.00,92.43,43.76]	25:A100,08.90,[100.00,17.92,15.33]	30:A100,06.50,[100.00,00.08,00.08]	35:B220,10.30,[100.00,120.64,70.26]	40:A100,09.60,[100.00,33.93,27.21]	45:A100,09.10,[100.00,03.16,05.70]	
0:A100,11.00,[100.00,58.02,140.84]	5:B000,08.80,[100.00,44.09,72.74]	10:A100,07.10,[100.00,56.61,72.24]	15:A100,08.20,[100.00,29.83,43.75]	20:A100,10.40,[100.00,92.43,43.76]	25:A100,09.40,[100.00,17.92,15.33]	30:A100,07.00,[100.00,00.08,00.08]	35:A100,10.80,[100.00,120.64,70.26]	40:A100,10.10,[100.00,33.93,27.21]	45:A100,09.60,[100.00,03.16,05.70]	
0:C180,11.90,[100.00,58.02,167.49]	5:A100,09.30,[100.00,44.09,72.74]	10:A100,07.60,[100.00,56.61,72.24]	15:A100,08.70,[100.00,29.83,43.75]	20:C180,11.30,[100.00,92.43,102.25]	25:A100,09.90,[100.00,17.92,15.33]	30:A100,07.50,[100.00,00.08,00.08]	35:B220,11.90,[100.00,156.93,70.26]	40:A100,10.60,[100.00,33.93,27.21]	45:A100,10.10,[100.00,03.16,05.70]	
0:C180,12.80,[100.00,58.02,176.01]	5:A100,09.80,[100.00,44.09,72.74]	10:A100,08.10,[100.00,56.61,72.24]	15:A100,09.20,[100.00,29.83,43.75]	20:C180,12.20,[100.00,92.43,135.63]	25:A100,10.40,[100.00,17.92,15.33]	30:A100,08.00,[100.00,00.08,00.08]	35:B000,11.90,[100.00,99.62,70.26]	40:A100,11.10,[100.00,33.93,27.21]	45:A100,10.60,[100.00,03.16,05.70]	
0:C000,12.80,[100.00,58.02,56.21]	5:C000,09.80,[100.00,44.09,48.30]	10:A100,08.60,[100.00,56.61,72.24]	15:A100,09.70,[100.00,29.83,43.75]	20:A100,12.70,[100.00,92.43,135.63]	25:A100,10.90,[100.00,17.92,15.33]	30:A100,08.50,[100.00,00.08,00.08]	35:B220,13.00,[100.00,143.58,70.26]	40:A100,11.60,[100.00,33.93,27.21]	45:A100,11.10,[100.00,03.16,05.70]	
0:A100,13.30,[100.00,58.02,56.21]	5:A100,10.30,[100.00,44.09,48.30]	10:C180,09.50,[100.00,56.61,104.37]	15:A100,10.20,[100.00,29.83,43.75]	20:C000,12.70,[100.00,92.43,77.40]	25:A100,11.40,[100.00,17.92,15.33]	30:A100,09.00,[100.00,00.08,00.08]	35:B000,13.00,[100.00,91.15,70.26]	40:A100,12.10,[100.00,33.93,27.21]	45:B220,12.20,[100.00,213.14,05.70]	
0:A100,13.80,[100.00,58.02,56.21]	5:A100,10.80,[100.00,44.09,48.30]	10:C000,09.50,[100.00,56.61,73.25]	15:C000,10.20,[100.00,29.83,19.14]	20:A100,13.20,[100.00,92.43,77.40]	25:A100,11.90,[100.00,17.92,15.33]	30:A100,09.50,[100.00,00.08,00.08]	35:A100,13.50,[100.00,91.15,70.26]	40:A100,12.60,[100.00,33.93,27.21]	45:B000,12.20,[100.00,06.74,05.70]	
0:A100,14.30,[100.00,58.02,56.21]	5:A100,11.30,[100.00,44.09,48.30]	10:A100,10.00,[100.00,56.61,73.25]	15:A100,10.70,[100.00,29.83,19.14]	20:A100,13.70,[100.00,92.43,77.40]	25:A100,12.40,[100.00,17.92,15.33]	30:A100,10.00,[100.00,00.08,00.08]	35:C180,14.40,[100.00,91.15,110.34]	40:A100,13.10,[100.00,33.93,27.21]	45:A100,12.70,[100.00,06.74,05.70]	
0:A100,14.80,[100.00,58.02,56.21]	5:A100,11.80,[100.00,44.09,48.30]	10:A100,10.50,[100.00,56.61,73.25]	15:A100,11.20,[100.00,29.83,19.14]	20:A100,14.20,[100.00,92.43,77.40]	25:A100,12.90,[100.00,17.92,15.33]	30:A100,10.50,[100.00,00.08,00.08]	35:C180,15.30,[100.00,91.15,135.78]	40:A100,13.60,[100.00,33.93,27.21]	45:A100,13.20,[100.00,06.74,05.70]	
0:C180,15.70,[100.00,58.02,140.46]	5:B220,12.90,[100.00,103.20,48.30]	10:A100,11.00,[100.00,56.61,73.25]	15:A100,11.70,[100.00,29.83,19.14]	20:B220,15.30,[100.00,147.19,77.40]	25:A100,13.40,[100.00,17.92,15.33]	30:A100,11.00,[100.00,00.08,00.08]	35:C000,15.30,[100.00,91.15,86.19]	40:A100,14.10,[100.00,33.93,27.21]	45:A100,13.70,[100.00,06.74,05.70]	
0:C000,15.70,[100.00,58.02,44.86]	5:B000,12.90,[100.00,68.52,48.30]	10:A100,11.50,[100.00,56.61,73.25]	15:A100,12.20,[100.00,29.83,19.14]	20:B220,16.40,[100.00,178.45,77.40]	25:A100,13.90,[100.00,17.92,15.33]	30:A100,11.50,[100.00,00.08,00.08]	35:A100,15.80,[100.00,91.15,86.19]	40:A100,14.60,[100.00,33.93,27.21]	45:A100,14.20,[100.00,06.74,05.70]	
0:A100,16.20,[100.00,58.02,44.86]	5:A100,13.40,[100.00,68.52,48.30]	10:C180,12.40,[100.00,56.61,105.08]	15:A100,12.70,[100.00,29.83,19.14]	20:B000,16.40,[100.00,101.84,77.40]	25:A100,14.40,[100.00,17.92,15.33]	30:A100,12.00,[100.00,00.08,00.08]	35:B000,15.80,[100.00,57.86,86.19]	40:A100,15.10,[100.00,33.93,27.21]	45:A100,14.70,[100.00,06.74,05.70]	
0:C180,17.10,[100.00,58.02,136.84]	5:A100,13.90,[100.00,68.52,48.30]	10:A100,12.90,[100.00,56.61,105.08]	15:A100,13.20,[100.00,29.83,19.14]	20:C180,17.30,[100.00,101.84,121.45]	25:A100,14.90,[100.00,17.92,15.33]	30:A100,12.50,[100.00,00.08,00.08]	35:A100,16.30,[100.00,57.86,86.19]	40:A100,15.60,[100.00,33.93,27.21]	45:A100,15.20,[100.00,06.74,05.70]	
0:C000,17.10,[100.00,58.02,43.70]	5:A100,14.40,[100.00,68.52,48.30]	10:A100,13.40,[100.00,56.61,105.08]	15:A100,13.70,[100.00,29.83,19.14]	20:C180,18.20,[100.00,101.84,146.58]	25:A100,15.40,[100.00,17.92,15.33]	30:A100,13.00,[100.00,00.08,00.08]	35:A100,16.80,[100.00,57.86,86.19]	40:A100,16.10,[100.00,33.93,27.21]	45:A100,15.70,[100.00,06.74,05.70]	
0:A100,17.60,[100.00,58.02,43.70]	5:B000,14.40,[100.00,45.50,48.30]	10:C180,14.30,[100.00,56.61,127.42]	15:A100,14.20,[100.00,29.83,19.14]	20:C180,19.10,[100.00,101.84,160.93]	25:A100,15.90,[100.00,17.92,15.33]	30:A100,13.50,[100.00,00.08,00.08]	35:C180,17.70,[100.00,57.86,120.45]	40:A100,16.60,[100.00,33.93,27.21]	45:A100,16.20,[100.00,06.74,05.70]	
0:A100,18.10,[100.00,58.02,43.70]	5:A100,14.90,[100.00,45.50,48.30]	10:C180,15.20,[100.00,56.61,143.10]	15:A100,14.70,[100.00,29.83,19.14]	20:C000,19.10,[100.00,101.84,91.84]	25:A100,16.40,[100.00,17.92,15.33]	30:A100,14.00,[100.00,00.08,00.08]	35:A100,18.20,[100.00,57.86,120.45]	40:A100,17.10,[100.00,33.93,27.21]	45:A100,16.70,[100.00,06.74,05.70]	
0:A100,18.60,[100.00,58.02,43.70]	5:A100,15.40,[100.00,45.50,48.30]	10:C180,16.10,[100.00,56.61,154.10]	15:A100,15.20,[100.00,29.83,19.14]	20:B220,20.20,[100.00,152.57,91.84]	25:A100,16.90,[100.00,17.92,15.33]	30:A100,14.50,[100.00,00.08,00.08]	35:C000,18.20,[100.00,57.86,76.46]	40:A100,17.60,[100.00,33.93,27.21]	45:A100,17.20,[100.00,06.74,05.70]	
0:C180,19.50,[100.00,58.02,136.47]	5:A100,15.90,[100.00,45.50,48.30]	10:C000,16.10,[100.00,56.61,108.15]	15:A100,15.70,[100.00,29.83,19.14]	20:B220,21.30,[100.00,181.52,91.84]	25:A100,17.40,[100.00,17.92,15.33]	30:A100,15.00,[100.00,00.08,00.08]	35:C180,19.10,[100.00,57.86,114.27]	40:A100,18.10,[100.00,33.93,27.21]	45:A100,17.70,[100.00,06.74,05.70]	
0:C180,20.40,[100.00,58.02,166.10]	5:C180,16.80,[100.00,45.50,92.55]	10:C180,17.00,[100.00,56.61,129.58]	15:A100,16.20,[100.00,29.83,19.14]	20:B000,21.30,[100.00,103.59,91.84]	25:A100,17.90,[100.00,17.92,15.33]	30:A100,15.50,[100.00,00.08,00.08]	35:C180,20.00,[100.00,57.86,138.28]	40:A100,18.60,[100.00,33.93,27.21]	45:A100,18.20,[100.00,06.74,05.70]	
0:C180,21.30,[100.00,58.02,175.56]	5:A100,17.30,[100.00,45.50,92.55]	10:C000,17.00,[100.00,56.61,90.94]	15:B220,17.30,[100.00,136.79,19.14]	20:A100,21.80,[100.00,103.59,91.84]	25:A100,18.40,[100.00,17.92,15.33]	30:A100,16.00,[100.00,00.08,00.08]	35:C180,20.90,[100.00,57.86,153.51]	40:B220,19.70,[100.00,191.24,27.21]	45:A100,18.70,[100.00,06.74,05.70]	
0:C180,22.20,[100.00,58.02,178.58]	5:A100,17.80,[100.00,45.50,92.55]	10:C180,17.90,[100.00,56.61,117.49]	15:A100,17.80,[100.00,136.79,19.14]	20:C180,22.70,[100.00,103.59,129.69]	25:A100,18.90,[100.00,17.92,15.33]	30:A100,16.50,[100.00,00.08,00.08]	35:A100,21.40,[100.00,57.86,153.51]	40:A100,20.20,[100.00,191.24,27.21]	45:A100,19.20,[100.00,06.74,05.70]	
0:C000,22.20,[100.00,58.02,57.04]	5:A100,18.30,[100.00,45.50,92.55]	10:C180,18.80,[100.00,56.61,136.13]	15:B000,17.80,[100.00,59.85,19.14]	20:C180,23.60,[100.00,103.59,151.29]	25:A100,19.40,[100.00,17.92,15.33]	30:A100,17.00,[100.00,00.08,00.08]	35:C000,21.40,[100.00,57.86,97.45]	40:B000,20.20,[100.00,29.56,27.21]	45:A100,19.70,[100.00,06.74,05.70]	
0:A100,22.70,[100.00,58.02,57.04]	5:C180,19.20,[100.00,45.50,121.94]	10:C000,18.80,[100.00,56.61,95.54]	15:A100,18.30,[100.00,59.85,19.14]	20:C000,23.60,[100.00,103.59,86.34]	25:A100,19.90,[100.00,17.92,15.33]	30:A100,17.50,[100.00,00.08,00.08]	35:A100,21.90,[100.00,57.86,97.45]	40:A100,20.70,[100.00,29.56,27.21]	45:A100,20.20,[100.00,06.74,05.70]	
0:A100,23.20,[100.00,58.02,57.04]	5:C000,19.20,[100.00,45.50,80.96]	10:A100,19.30,[100.00,56.61,95.54]	15:A100,18.80,[100.00,59.85,19.14]	20:B000,23.60,[100.00,59.12,86.34]	25:A100,20.40,[100.00,17.92,15.33]	30:A100,18.00,[100.00,00.08,00.08]	35:A100,22.40,[100.00,57.86,97.45]	40:A100,21.20,[100.00,29.56,27.21]	45:A100,20.70,[100.00,06.74,05.70]	
0:A100,23.70,[100.00,58.02,57.04]	5:C000,19.20,[100.00,45.50,53.76]	10:C000,19.30,[100.00,56.61,67.05]	15:A100,19.30,[100.00,59.85,19.14]	20:A100,24.10,[100.00,59.12,86.34]	25:A100,20.90,[100.00,17.92,15.33]	30:A100,18.50,[100.00,00.08,00.08]	35:C000,22.40,[100.00,57.86,61.86]	40:A100,21.70,[100.00,29.56,27.21]	45:A100,21.20,[100.00,06.74,05.70]	
0:C180,24.60,[100.00,58.02,140.73]	5:A100,19.70,[100.00,45.50,53.76]	10:A100,19.80,[100.00,56.61,67.05]	15:A100,19.80,[100.00,59.85,19.14]	20:C000,24.10,[100.00,59.12,49.27]	25:A100,21.40,[100.00,17.92,15.33]	30:A100,19.00,[100.00,00.08,00.08]	35:A100,22.90,[100.00,57.86,61.86]	40:A100,22.20,[100.00,29.56,27.21]	45:A100,21.70,[100.00,06.74,05.70]	
0:C180,25.50,[100.00,58.02,167.46]	5:A100,20.20,[100.00,45.50,53.76]	10:A100,20.30,[100.00,56.61,67.05]	15:A100,20.30,[100.00,59.85,19.14]	20:A100,24.60,[100.00,59.12,49.27]	25:A100,21.90,[100.00,17.92,15.33]	30:A100,19.50,[100.00,00.08,00.08]	35:A100,23.40,[100.00,57.86,61.86]	40:A100,22.70,[100.00,29.56,27.21]	45:A100,22.20,[100.00,06.74,05.70]	
0:C180,26.40,[100.00,58.02,175.99]	5:A100,20.70,[100.00,45.50,53.76]	10:C000,20.30,[100.00,56.61,47.06]	15:A100,20.80,[100.00,59.85,19.14]	20:A100,25.10,[100.00,59.12,49.27]	25:A100,22.40,[100.00,17.92,15.33]	30:A100,20.00,[100.00,00.08,00.08]	35:A100,23.90,[100.00,57.86,61.86]	40:A100,23.20,[100.00,29.56,27.21]	45:A100,22.70,[100.00,06.74,05.70]	
0:C180,27.30,[100.00,58.02,178.72]	5:A100,21.20,[100.00,45.50,53.76]	10:A100,20.80,[100.00,56.61,47.06]	15:A100,21.30,[100.00,59.85,19.14]	20:A100,25.60,[100.00,59.12,49.27]	25:A100,22.90,[100.00,17.92,15.33]	30:A100,20.50,[100.00,00.08,00.08]	35:A100,24.40,[100.00,57.86,61.86]	40:A100,23.70,[100.00,29.56,27.21]	45:A100,23.20,[100.00,06.74,05.70]	
0:C000,27.30,[100.00,58.02,57.08]	5:C000,21.20,[100.00,45.50,35.69]	10:A100,21.30,[100.00,56.61,47.06]	15:B220,22.40,[100.00,149.93,19.14]	20:A100,26.10,[100.00,59.12,49.27]	25:A100,23.40,[100.00,17.92,15.33]	30:A100,21.00,[100.00,00.08,00.08]	35:A100,24.90,[100.00,57.86,61.86]	40:A100,24.20,[100.00,29.56,27.21]	45:A100,23.70,[100.00,06.74,05.70]	
0:B000,27.30,[100.00,18.53,57.08]	5:C000,21.20,[100.00,45.50,23.70]	10:B220,22.40,[100.00,105.33,47.06]	15:B000,22.40,[100.00,65.60,19.14]	20:A100,26.60,[100.00,59.12,49.27]	25:A100,23.90,[100.00,17.92,15.33]	30:A100,21.50,[100.00,00.08,00.08]	35:C180,25.80,[100.00,57.86,105.01]	40:A100,24.70,[100.00,29.56,27.21]	45:A100,24.20,[100.00,06.74,05.70]	
0:A100,27.80,[100.00,18.53,57.08]	5:A100,21.70,[100.00,45.50,23.70]	10:B000,22.40,[100.00,73.92,47.06]	15:A100,22.90,[100.00,65.60,19.14]	20:B220,27.70,[100.00,128.19,49.27]	25:A100,24.40,[100.00,17.92,15.33]	30:A100,22.00,[100.00,00.08,00.08]	35:A100,26.30,[100.00,57.86,105.01]	40:A100,25.20,[100.00,29.56,27.21]	45:A100,24.70,[100.00,06.74,05.70]	
0:A100,28.30,[100.00,18.53,57.08]	5:A100,22.20,[100.00,45.50,23.70]	10:A100,22.90,[100.00,73.92,47.06]	15:A100,23.40,[100.00,65.60,19.14]	20:B220,28.80,[100.00,167.60,49.27]	25:A100,24.90,[100.00,17.92,15.33]	30:C180,22.90,[100.00,00.08,174.92]	35:C000,26.30,[100.00,57.86,66.66]	40:A100,25.70,[100.00,29.56,27.21]	45:A100,25.20,[100.00,06.74,05.70]	
0:A100,28.80,[100.00,18.53,57.08]	5:A100,22.70,[100.00,45.50,23.70]	10:B220,24.00,[100.00,117.48,47.06]	15:A100,23.90,[100.00,65.60,19.14]	20:B220,29.90,[100.00,190.10,49.27]	25:A100,25.40,[100.00,17.92,15.33]	30:C000,22.90,[100.00,00.08,04.93]	35:A100,26.80,[100.00,57.86,66.66]	40:A100,26.20,[100.00,29.56,27.21]	45:A100,25.70,[100.00,06.74,05.70]	
0:C180,29.70,[100.00,18.53,140.74]	5:A100,23.20,[100.00,45.50,23.70]	10:B220,25.10,[100.00,148.05,47.06]	15:A100,24.40,[100.00,65.60,19.14]	20:B000,29.90,[100.00,108.49,49.27]	25:A100,25.90,[100.00,17.92,15.33]	30:A100,23.40,[100.00,00.08,04.93]	35:B220,27.90,[100.00,117.07,66.66]	40:A100,26.70,[100.00,29.56,27.21]	45:A100,26.20,[100.00,06.74,05.70]	
0:C000,29.70,[100.00,18.53,44.95]	5:C000,23.20,[100.00,45.50,15.74]	10:A100,25.60,[100.00,148.05,47.06]	15:A100,24.90,[100.00,65.60,19.14]	20:B000,29.90,[100.00,61.91,49.27]	25:A100,26.40,[100.00,17.92,15.33]	30:A100,23.90,[100.00,00.08,04.93]	35:B220,29.00,[100.00,154.66,66.66]	40:A100,27.20,[100.00,29.56,27.21]	45:A100,26.70,[100.00,06.74,05.70]	
0:A100,30.20,[100.00,18.53,44.95]	5:A100,23.70,[100.00,45.50,15.74]	10:B220,26.70,[100.00,169.51,47.06]	15:A100,25.40,[100.00,65.60,19.14]	20:A100,30.40,[100.00,61.91,49.27]	25:A100,26.90,[100.00,17.92,15.33]	30:A100,24.40,[100.00,00.08,04.93]	35:B220,30.10,[100.00,178.52,66.66]	40:A100,27.70,[100.00,29.56,27.21]	45:A100,27.20,[100.00,06.74,05.70]	
0:A100,30.70,[100.00,18.53,44.95]	5:A100,24.20,[100.00,45.50,15.74]	10:B220,27.80,[100.00,184.56,47.06]	15:A100,25.90,[100.00,65.60,19.14]	20:A100,30.90,[100.00,61.91,49.27]	25:A100,27.40,[100.00,17.92,15.33]	30:A100,24.90,[100.00,00.08,04.93]	35:B000,30.10,[100.00,113.33,66.66]	40:C000,27.70,[100.00,29.56,04.21]	45:A100,27.70,[100.00,06.74,05.70]	
0:A100,31.20,[100.00,18.53,44.95]	5:A100,24.70,[100.00,45.50,15.74]	10:B000,27.80,[100.00,129.53,47.06]	15:A100,26.40,[100.00,65.60,19.14]	20:B220,32.00,[100.00,129.78,49.27]	25:A100,27.90,[100.00,17.92,15.33]	30:A100,25.40,[100.00,00.08,04.93]	35:B000,30.10,[100.00,71.94,66.66]	40:A100,28.20,[100.00,29.56,04.21]	45:A100,28.20,[100.00,06.74,05.70]	
0:A100,31.70,[100.00,18.53,44.95]	5:A100,25.20,[100.00,45.50,15.74]	10:B000,27.80,[100.00,90.90,47.06]	15:B220,27.50,[100.00,152.45,19.14]	20:B220,33.10,[100.00,168.51,49.27]	25:A100,28.40,[100.00,17.92,15.33]	30:A100,25.90,[100.00,00.08,04.93]	35:A100,30.60,[100.00,71.94,66.66]	40:A100,28.70,[100.00,29.56,04.21]	45:A100,28.70,[100.00,06.74,05.70]	
0:A100,32.20,[100.00,18.53,44.95]	5:A100,25.70,[100.00,45.50,15.74]	10:B000,27.80,[100.00,63.80,47.06]	15:B000,27.50,[100.00,66.70,19.14]	20:B000,33.10,[100.00,96.17,49.27]	25:A100,28.90,[100.00,17.92,15.33]	30:A100,26.40,[100.00,00.08,04.93]	35:A100,31.10,[100.00,71.94,66.66]	40:A100,29.20,[100.00,29.56,04.21]	45:A100,29.20,[100.00,06.74,05.70]	
0:A100,32.70,[100.00,18.53,44.95]	5:A100,26.20,[100.00,45.50,15.74]	10:A100,28.30,[100.00,63.80,47.06]	15:A100,28.00,[100.00,66.70,19.14]	20:B220,34.20,[100.00,149.33,49.27]	25:A100,29.40,[100.00,17.92,15.33]	30:A100,26.90,[100.00,00.08,04.93]	35:B220,32.20,[100.00,126.01,66.66]	40:A100,29.70,[100.00,29.56,04.21]	45:A100,29.70,[100.00,06.74,05.70]	
0:A100,33.20,[100.00,18.53,44.95]	5:A100,26.70,[100.00,45.50,15.74]	10:A100,28.80,[100.00,63.80,47.06]	15:B220,29.10,[100.00,152.93,19.14]	20:B220,35.30,[100.00,179.67,49.27]	25:A100,29.90,[100.00,17.92,15.33]	30:A100,27.40,[100.00,00.08,04.93]	35:A100,32.70,[100.00,126.01,66.66]	40:A100,30.20,[100.00,29.56,04.21]	45:A100,30.20,[100.00,06.74,05.70]	
0:A100,33.70,[100.00,18.53,44.95]	5:A100,27.20,[100.00,45.50,15.74]	10:A100,29.30,[100.00,63.80,47.06]	15:B000,29.10,[100.00,66.91,19.14]	20:B220,36.40,[100.00,196.98,49.27]	25:A100,30.40,[100.00,17.92,15.33]	30:A100,27.90,[100.00,00.08,04.93]	35:A100,33.20,[100.00,126.01,66.66]	40:A100,30.70,[100.00,29.56,04.21]	45:A100,30.70,[100.00,06.74,05.70]	
0:A100,34.20,[100.00,18.53,44.95]	5:A100,27.70,[100.00,45.50,15.74]	10:A100,29.80,[100.00,63.80,47.06]	15:B000,29.10,[100.00,29.27,19.14]	20:B000,36.40,[100.00,112.42,49.27]	25:A100,30.90,[100.00,17.92,15.33]	30:A100,28.40,[100.00,00.08,04.93]	35:B000,33.20,[100.00,79.99,66.66]	40:A100,31.20,[100.00,29.56,04.21]	45:A100,31.20,[100.00,06.74,05.70]	
0:A100,34.70,[100.00,18.53,44.95]	5:A100,28.20,[100.00,45.50,15.74]	10:C000,29.80,[100.00,63.80,33.03]	15:A100,29.60,[100.00,29.27,19.14]	20:B220,37.50,[100.00,158.60,49.27]	25:A100,31.40,[100.00,17.92,15.33]	30:A100,28.90,[100.00,00.08,04.93]	35:B220,34.30,[100.00,131.12,66.66]	40:A100,31.70,[100.00,29.56,04.21]	45:A100,31.70,[100.00,06.74,05.70]	
0:A100,35.20,[100.00,18.53,44.95]	5:A100,28.70,[100.00,45.50,15.74]	10:A100,30.30,[100.00,63.80,33.03]	15:A100,30.10,[100.00,29.27,19.14]	20:A100,38.00,[100.00,158.60,49.27]	25:A100,31.90,[100.00,17.92,15.33]	30:A100,29.40,[100.00,00.08,04.93]	35:B220,35.40,[100.00,163.58,66.66]	40:A100,32.20,[100.00,29.56,04.21]	45:A100,32.20,[100.00,06.74,05.70]	
0:A100,35.70,[100.00,18.53,44.95]	5:A100,29.20,[100.00,45.50,15.74]	10:A100,30.80,[100.00,63.80,33.03]	15:A100,30.60,[100.00,29.27,19.14]	20:B000,38.00,[100.00,90.51,49.27]	25:A100,32.40,[100.00,17.92,15.33]	30:A100,29.90,[100.00,00.08,04.93]	35:B220,36.50,[100.00,184.18,66.66]	40:A100,32.70,[100.00,29.56,04.21]	45:A100,32.70,[100.00,06.74,05.70]	
0:A100,36.20,[100.00,18.53,44.95]	5:A100,29.70,[100.00,45.50,15.74]	10:A100,31.30,[100.00,63.80,33.03]	15:A100,31.10,[100.00,29.27,19.14]	20:A100,38.50,[100.00,90.51,49.27]	25:A100,32.90,[100.00,17.92,15.33]	30:A100,30.40,[100.00,00.08,04.93]	35:B000,36.50,[100.00,116.92,66.66]	40:A100,33.20,[100.00,29.56,04.21]	45:A100,33.20,[100.00,06.74,05.70]	
0:A100,36.70,[100.00,18.53,44.95]	5:B000,29.70,[100.00,30.21,15.74]	10:A100,31.80,[100.00,63.80,33.03]	15:A100,31.60,[100.00,29.27,19.14]	20:B000,38.50,[100.00,51.66,49.27]	25:A100,33.40,[100.00,17.92,15.33]	30:A100,30.90,[100.00,00.08,04.93]	35:B000,36.50,[100.00,74.22,66.66]	40:A100,33.70,[100.00,29.56,04.21]	45:A100,33.70,[100.00,06.74,05.70]	
0:A100,37.20,[100.00,18.53,44.95]	5:A100,30.20,[100.00,30.21,15.74]	10:A100,32.30,[100.00,63.80,33.03]	15:A100,32.10,[100.00,29.27,19.14]	20:A100,39.00,[100.00,51.66,49.27]	25:A100,33.90,[100.00,17.92,15.33]	30:A100,31.40,[100.00,00.08,04.93]	35:B000,36.50,[100.00,47.12,66.66]	40:A100,34.20,[100.00,29.56,04.21]	45:A100,34.20,[100.00,06.74,05.70]	
0:A100,37.70,[100.00,18.53,44.95]	5:A100,30.70,[100.00,30.21,15.74]	10:A100,32.80,[100.00,63.80,33.03]	15:A100,32.60,[100.00,29.27,19.14]	20:A100,39.50,[100.00,51.66,49.27]	25:A100,34.40,[100.00,17.92,15.33]	30:A100,31.90,[100.00,00.08,04.93]	35:C180,37.40,[100.00,47.12,108.05]	40:A100,34.70,[100.00,29.56,04.21]	45:A100,34.70,[100.00,06.74,05.70]	
0:A100,38.20,[100.00,18.53,44.95]	5:A100,31.20,[100.00,30.21,15.74]	10:B000,32.80,[100.00,44.77,33.03]	15:A100,33.10,[100.00,29.27,19.14]	20:B000,39.50,[100.00,29.48,49.27]	25:A100,34.90,[100.00,17.92,15.33]	30:A100,32.40,[100.00,00.08,04.93]	35:A100,37.90,[100.00,47.12,108.05]	40:A100,35.20,[100.00,29.56,04.21]	45:A100,35.20,[100.00,06.74,05.70]	
0:A100,38.70,[100.00,18.53,44.95]	5:A100,31.70,[100.00,30.21,15.74]	10:A100,33.30,[100.00,44.77,33.03]	15:A100,33.60,[100.00,29.27,19.14]	20:A100,40.00,[100.00,29.48,49.27]	25:A100,35.40,[100.00,17.92,15.33]	30:A100,32.90,[100.00,00.08,04.93]	35:C000,37.90,[100.00,47.12,68.59]	40:A100,35.70,[100.00,29.56,04.21]	45:A100,35.70,[100.00,06.74,05.70]	
0:A100,39.20,[100.00,18.53,44.95]	5:A100,32.20,[100.00,30.21,15.74]	10:A100,33.80,[100.00,44.77,33.03]	15:A100,34.10,[100.00,29.27,19.14]	20:A100,40.50,[100.00,29.48,49.27]	25:A100,35.90,[100.00,17.92,15.33]	30:A100,33.40,[100.00,00.08,04.93]	35:B000,37.90,[100.00,29.91,68.59]	40:A100,36.20,[100.00,29.56,04.21]	45:A100,36.20,[100.00,06.74,05.70]	
0:A100,39.70,[100.00,18.53,44.95]	5:A100,32.70,[100.00,30.21,15.74]	10:A100,34.30,[100.00,44.77,33.03]	15:A100,34.60,[100.00,29.27,19.14]	20:A100,41.00,[100.00,29.48,49.27]	25:A100,36.40,[100.00,17.92,15.33]	30:A100,33.90,[100.00,00.08,04.93]	35:A100,38.40,[100.00,29.91,68.59]	40:A100,36.70,[100.00,29.56,04.21]	45:A100,36.70,[100.00,06.74,05.70]	
0:A100,40.20,[100.00,18.53,44.95]	5:A100,33.20,[100.00,30.21,15.74]	10:A100,34.80,[100.00,44.77,33.03]	15:A100,35.10,[100.00,29.27,19.14]	20:A100,41.50,[100.00,29.48,49.27]	25:A100,36.90,[100.00,17.92,15.33]	30:A100,34.40,[100.00,00.08,04.93]	35:A100,38.90,[100.00,29.91,68.59]	40:A100,37.20,[100.00,29.56,04.21]	45:A100,37.20,[100.00,06.74,05.70]	
0:A100,40.70,[100.00,18.53,44.95]	5:A100,33.70,[100.00,30.21,15.74]	10:A100,35.30,[100.00,44.77,33.03]	15:A100,35.60,[100.00,29.27,19.14]	20:A100,42.00,[100.00,29.48,49.27]	25:A100,37.40,[100.00,17.92,15.33]	30:A100,34.90,[100.00,00.08,04.93]	35:A100,39.40,[100.00,29.91,68.59]	40:A100,37.70,[100.00,29.56,04.21]	45:A100,37.70,[100.00,06.74,05.70]	
0:A100,41.20,[100.00,18.53,44.95]	5:A100,34.20,[100.00,30.21,15.74]	10:A100,35.80,[100.00,44.77,33.03]	15:A100,36.10,[100.00,29.27,19.14]	20:A100,42.50,[100.00,29.48,49.27]	25:A100,37.90,[100.00,17.92,15.33]	30:A100,35.40,[100.00,00.08,04.93]	35:A100,39.90,[100.00,29.91,68.59]	40:A100,38.20,[100.00,29.56,04.21]	45:A100,38.20,[100.00,06.74,05.70]	
0:A100,41.70,[100.00,18.53,44.95]	5:A100,34.70,[100.00,30.21,15.74]	10:A100,36.30,[100.00,44.77,33.03]	15:A100,36.60,[100.00,29.27,19.14]	20:A100,43.00,[100.00,29.48,49.27]	25:A100,38.40,[100.00,17.92,15.33]	30:A100,35.90,[100.00,00.08,04.93]	35:A100,40.40,[100.00,29.91,68.59]	40:A100,38.70,[100.00,29.56,04.21]	45:A100,38.70,[100.00,06.74,05.70]	
0:A100,42.20,[100.00,18.53,44.95]	5:A100,35.20,[100.00,30.21,15.74]	10:A100,36.80,[100.00,44.77,33.03]	15:A100,37.10,[100.00,29.27,19.14]	20:A100,43.50,[100.00,29.48,49.27]	25:A100,38.90,[100.00,17.92,15.33]	30:A100,36.40,[100.00,00.08,04.93]	35:A100,40.90,[100.00,29.91,68.59]	40:A100,39.20,[100.00,29.56,04.21]	45:A100,39.20,[100.00,06.74,05.70]	
0:A100,42.70,[100.00,18.53,44.95]	5:A100,35.70,[100.00,30.21,15.74]	10:A100,37.30,[100.00,44.77,33.03]	15:A100,37.60,[100.00,29.27,19.14]	20:A100,44.00,[100.00,29.48,49.27]	25:A100,39.40,[100.00,17.92,15.33]	30:A100,36.90,[100.00,00.08,04.93]	35:A100,41.40,[100.00,29.91,68.59]	40:A100,39.70,[100.00,29.56,04.21]	45:A100,39.70,[100.00,06.74,05.70]	
0:A100,43.20,[100.00,18.53,44.95]	5:A100,36.20,[100.00,30.21,15.74]	10:A100,37.80,[100.00,44.77,33.03]	15:A100,38.10,[100.00,29.27,19.14]	20:A100,44.50,[100.00,29.48,49.27]	25:A100,39.90,[100.00,17.92,15.33]	30:A100,37.40,[100.00,00.08,04.93]	35:C000,41.40,[100.00,29.91,43.54]	40:A100,40.20,[100.00,29.56,04.21]	45:A100,40.20,[100.00,06.74,05.70]	
0:A100,43.70,[100.00,18.53,44.95]	5:A100,36.70,[100.00,30.21,15.74]	10:A100,38.30,[100.00,44.77,33.03]	15:A100,38.60,[100.00,29.27,19.14]	20:A100,45.00,[100.00,29.48,49.27]	25:A100,40.40,[100.00,17.92,15.33]	30:A100,37.90,[100.00,00.08,04.93]	35:A100,41.90,[100.00,29.91,43.54]	40:A100,40.70,[100.00,29.56,04.21]	45:A100,40.70,[100.00,06.74,05.70]	
0:A100,44.20,[100.00,18.53,44.95]	5:A100,37.20,[100.00,30.21,15.74]	10:A100,38.80,[100.00,44.77,33.03]	15:A100,39.10,[100.00,29.27,19.14]	20:A100,45.50,[100.00,29.48,49.27]	25:A100,40.90,[100.00,17.92,15.33]	30:A100,38.40,[100.00,00.08,04.93]	35:A100,42.40,[100.00,29.91,43.54]	40:A100,41.20,[100.00,29.56,04.21]	45:A100,41.20,[100.00,06.74,05.70]	
0:A100,44.70,[100.00,18.53,44.95]	5:A100,37.70,[100.00,30.21,15.74]	10:A100,39.30,[100.00,44.77,33.03]	15:A100,39.60,[100.00,29.27,19.14]	20:A100,46.00,[100.00,29.48,49.27]	25:A100,41.40,[100.00,17.92,15.33]	30:A100,38.90,[100.00,00.08,04.93]	35:C000,42.40,[100.00,29.91,27.64]	40:B000,41.20,[100.00,04.57,04.21]	45:A100,41.70,[100.00,06.74,05.70]	
0:A100,45.20,[100.00,18.53,44.95]	5:A100,38.20,[100.00,30.21,15.74]	10:A100,39.80,[100.00,44.77,33.03]	15:A100,40.10,[100.00,29.27,19.14]	20:A100,46.50,[100.00,29.48,49.27]	25:A100,41.90,[100.00,17.92,15.33]	30:A100,39.40,[100.00,00.08,04.93]	35:B000,42.40,[100.00,18.99,27.64]	40:A100,41.70,[100.00,04.57,04.21]	45:A100,42.20,[100.00,06.74,05.70]	
0:A100,45.70,[100.00,18.53,44.95]	5:A100,38.70,[100.00,30.21,15.74]	10:A100,40.30,[100.00,44.77,33.03]	15:A100,40.60,[100.00,29.27,19.14]	20:A100,47.00,[100.00,29.48,49.27]	25:A100,42.40,[100.00,17.92,15.33]	30:A100,39.90,[100.00,00.08,04.93]	35:A100,42.90,[100.00,18.99,27.64]	40:A100,42.20,[100.00,04.57,04.21]	45:A100,42.70,[100.00,06.74,05.70]	
0:A100,46.20,[100.00,18.53,44.95]	5:A100,39.20,[100.00,30.21,15.74]	10:B000,40.30,[100.00,31.42,33.03]	15:A100,41.10,[100.00,29.27,19.14]	20:A100,47.50,[100.00,29.48,49.27]	25:A100,42.90,[100.00,17.92,15.33]	30:A100,40.40,[100.00,00.08,04.93]	35:A100,43.40,[100.00,18.99,27.64]	40:A100,42.70,[100.00,04.57,04.21]	45:A100,43.20,[100.00,06.74,05.70]	
0:A100,46.70,[100.00,18.53,44.95]	5:A100,39.70,[100.00,30.21,15.74]	10:A100,40.80,[100.00,31.42,33.03]	15:A100,41.60,[100.00,29.27,19.14]	20:A100,48.00,[100.00,29.48,49.27]	25:A100,43.40,[100.00,17.92,15.33]	30:A100,40.90,[100.00,00.08,04.93]	35:A100,43.90,[100.00,18.99,27.64]	40:A100,43.20,[100.00,04.57,04.21]	45:A100,43.70,[100.00,06.74,05.70]	
0:A100,47.20,[100.00,18.53,44.95]	5:A100,40.20,[100.00,30.21,15.74]	10:A100,41.30,[100.00,31.42,33.03]	15:A100,42.10,[100.00,29.27,19.14]	20:A100,48.50,[100.00,29.48,49.27]	25:A100,43.90,[100.00,17.92,15.33]	30:A100,41.40,[100.00,00.08,04.93]	35:A100,44.40,[100.00,18.99,27.64]	40:A100,43.70,[100.00,04.57,04.21]	45:A100,44.20,[100.00,06.74,05.70]	
0:A100,47.70,[100.00,18.53,44.95]	5:A100,40.70,[100.00,30.21,15.74]	10:A100,41.80,[100.00,31.42,33.03]	15:A100,42.60,[100.00,29.27,19.14]	20:A100,49.00,[100.00,29.48,49.27]	25:A100,44.40,[100.00,17.92,15.33]	30:A100,41.90,[100.00,00.08,04.93]	35:A100,44.90,[100.00,18.99,27.64]	40:A100,44.20,[100.00,04.57,04.21]	45:A100,44.70,[100.00,06.74,05.70]	
0:A100,48.20,[100.00,18.53,44.95]	5:C000,40.70,[100.00,30.21,10.45]	10:A100,42.30,[100.00,31.42,33.03]	15:A100,43.10,[100.00,29.27,19.14]	20:A100,49.50,[100.00,29.48,49.27]	25:A100,44.90,[100.00,17.92,15.33]	30:A100,42.40,[100.00,00.08,04.93]	35:A100,45.40,[100.00,18.99,27.64]	40:A100,44.70,[100.00,04.57,04.21]	45:A100,45.20,[100.00,06.74,05.70]	
0:A100,48.70,[100.00,18.53,44.95]	5:A100,41.20,[100.00,30.21,10.45]	10:A100,42.80,[100.00,31.42,33.03]	15:A100,43.60,[100.00,29.27,19.14]	20:A100,50.00,[100.00,29.48,49.27]	25:A100,45.40,[100.00,17.92,15.33]	30:A100,42.90,[100.00,00.08,04.93]	35:A100,45.90,[100.00,18.99,27.64]	40:A100,45.20,[100.00,04.57,04.21]	45:A100,45.70,[100.00,06.74,05.70]	
0:A100,49.20,[100.00,18.53,44.95]	5:A100,41.70,[100.00,30.21,10.45]	10:A100,43.30,[100.00,31.42,33.03]	15:A100,44.10,[100.00,29.27,19.14]	20:A100,50.50,[100.00,29.48,49.27]	25:C000,45.40,[100.00,17.92,01.31]	30:A100,43.40,[100.00,00.08,04.93]	35:A100,46.40,[100.00,18.99,27.64]	40:A100,45.70,[100.00,04.57,04.21]	45:A100,46.20,[100.00,06.74,05.70]	
0:A100,49.70,[100.00,18.53,44.95]	5:A100,42.20,[100.00,30.21,10.45]	10:A100,43.80,[100.00,31.42,33.03]	15:A100,44.60,[100.00,29.27,19.14]	20:A100,51.00,[100.00,29.48,49.27]	25:A100,45.90,[100.00,17.92,01.31]	30:A100,43.90,[100.00,00.08,04.93]	35:A100,46.90,[100.00,18.99,27.64]	40:A100,46.20,[100.00,04.57,04.21]	45:A100,46.70,[100.00,06.74,05.70]	
0:A100,50.20,[100.00,18.53,44.95]	5:A100,42.70,[100.00,30.21,10.45]	10:A100,44.30,[100.00,31.42,33.03]	15:A100,45.10,[100.00,29.27,19.14]	20:A100,51.50,[100.00,29.48,49.27]	25:A100,46.40,[100.00,17.92,01.31]	30:A100,44.40,[100.00,00.08,04.93]	35:A100,47.40,[100.00,18.99,27.64]	40:A100,46.70,[100.00,04.57,04.21]	45:A100,47.20,[100.00,06.74,05.70]	
0:A100,50.70,[100.00,18.53,44.95]	5:A100,43.20,[100.00,30.21,10.45]	10:A100,44.80,[100.00,31.42,33.03]	15:A100,45.60,[100.00,29.27,19.14]	20:A100,52.00,[100.00,29.48,49.27]	25:A100,46.90,[100.00,17.92,01.31]	30:A100,44.90,[100.00,00.08,04.93]	35:A100,47.90,[100.00,18.99,27.64]	40:A100,47.20,[100.00,04.57,04.21]	45:A100,47.70,[100.00,06.74,05.70]	
0:A100,51.20,[100.00,18.53,44.95]	5:A100,43.70,[100.00,30.21,10.45]	10:A100,45.30,[100.00,31.42,33.03]	15:A100,46.10,[100.00,29.27,19.14]	20:A100,52.50,[100.00,29.48,49.27]	25:A100,47.40,[100.00,17.92,01.31]	30:A100,45.40,[100.00,00.08,04.93]	35:A100,48.40,[100.00,18.99,27.64]	40:A100,47.70,[100.00,04.57,04.21]	45:A100,48.20,[100.00,06.74,05.70]	
0:A100,51.70,[100.00,18.53,44.95]	5:A100,44.20,[100.00,30.21,10.45]	10:A100,45.80,[100.00,31.42,33.03]	15:A100,46.60,[100.00,29.27,19.14]	20:A100,53.00,[100.00,29.48,49.27]	25:A100,47.90,[100.00,17.92,01.31]	30:A100,45.90,[100.00,00.08,04.93]	35:A100,48.90,[100.00,18.99,27.64]	40:A100,48.20,[100.00,04.57,04.21]	45:A100,48.70,[100.00,06.74,05.70]	
0:A100,52.20,[100.00,18.53,44.95]	5:A100,44.70,[100.00,30.21,10.45]	10:A100,46.30,[100.00,31.42,33.03]	15:A100,47.10,[100.00,29.27,19.14]	20:A100,53.50,[100.00,29.48,49.27]	25:A100,48.40,[100.00,17.92,01.31]	30:A100,46.40,[100.00,00.08,04.93]	35:A100,49.40,[100.00,18.99,27.64]	40:A100,48.70,[100.00,04.57,04.21]	45:A100,49.20,[100.00,06.74,05.70]	
0:A100,52.70,[100.00,18.53,44.95]	5:A100,45.20,[100.00,30.21,10.45]	10:A100,46.80,[100.00,31.42,33.03]	15:A100,47.60,[100.00,29.27,19.14]	20:A100,54.00,[100.00,29.48,49.27]	25:A100,48.90,[100.00,17.92,01.31]	30:A100,46.90,[100.00,00.08,04.93]	35:A100,49.90,[100.00,18.99,27.64]	40:A100,49.20,[100.00,04.57,04.21]	45:A100,49.70,[100.00,06.74,05.70]	
0:A100,53.20,[100.00,18.53,44.95]	5:A100,45.70,[100.00,30.21,10.45]	10:A100,47.30,[100.00,31.42,33.03]	15:A100,48.10,[100.00,29.27,19.14]	20:A100,54.50,[100.00,29.48,49.27]	25:A100,49.40,[100.00,17.92,01.31]	30:A100,47.40,[100.00,00.08,04.93]	35:A100,50.40,[100.00,18.99,27.64]	40:A100,49.70,[100.00,04.57,04.21]	45:A100,50.20,[100.00,06.74,05.70]	
0:A100,53.70,[100.00,18.53,44.95]	5:B000,45.70,[100.00,20.06,10.45]	10:A100,47.80,[100.00,31.42,33.03]	15:A100,48.60,[100.00,29.27,19.14]	20:A100,55.00,[100.00,29.48,49.27]	25:A100,49.90,[100.00,17.92,01.31]	30:A100,47.90,[100.00,00.08,04.93]	35:A100,50.90,[100.00,18.99,27.64]	40:A100,50.20,[100.00,04.57,04.21]	45:A100,50.70,[100.00,06.74,05.70]	
0:C180,54.60,[100.00,18.53,136.87]	5:A100,46.20,[100.00,20.06,10.45]	10:A100,48.30,[100.00,31.42,33.03]	15:A100,49.10,[100.00,29.27,19.14]	20:A100,55.50,[100.00,29.48,49.27]	25:A100,50.40,[100.00,17.92,01.31]	30:A100,48.40,[100.00,00.08,04.93]	35:A100,51.40,[100.00,18.99,27.64]	40:A100,50.70,[100.00,04.57,04.21]	45:A100,51.20,[100.00,06.74,05.70]	
0:C000,54.60,[100.00,18.53,43.71]	5:A100,46.70,[100.00,20.06,10.45]	10:A100,48.80,[100.00,31.42,33.03]	15:A100,49.60,[100.00,29.27,19.14]	20:A100,56.00,[100.00,29.48,49.27]	25:A100,50.90,[100.00,17.92,01.31]	30:A100,48.90,[100.00,00.08,04.93]	35:C180,52.30,[100.00,18.99,83.28]	40:A100,51.20,[100.00,04.57,04.21]	45:A100,51.70,[100.00,06.74,05.70]	
0:A100,55.10,[100.00,18.53,43.71]	5:A100,47.20,[100.00,20.06,10.45]	10:A100,49.30,[100.00,31.42,33.03]	15:A100,50.10,[100.00,29.27,19.14]	20:A100,56.50,[100.00,29.48,49.27]	25:A100,51.40,[100.00,17.92,01.31]	30:A100,49.40,[100.00,00.08,04.93]	35:A100,52.80,[100.00,18.99,83.28]	40:A100,51.70,[100.00,04.57,04.21]	45:A100,52.20,[100.00,06.74,05.70]	
0:A100,55.60,[100.00,18.53,43.71]	5:A100,47.70,[100.00,20.06,10.45]	10:A100,49.80,[100.00,31.42,33.03]	15:A100,50.60,[100.00,29.27,19.14]	20:A100,57.00,[100.00,29.48,49.27]	25:A100,51.90,[100.00,17.92,01.31]	30:A100,49.90,[100.00,00.08,04.93]	35:C180,53.70,[100.00,18.99,118.60]	40:A100,52.20,[100.00,04.57,04.21]	45:A100,52.70,[100.00,06.74,05.70]	
0:A100,56.10,[100.00,18.53,43.71]	5:A100,48.20,[100.00,20.06,10.45]	10:A100,50.30,[100.00,31.42,33.03]	15:A100,51.10,[100.00,29.27,19.14]	20:A100,57.50,[100.00,29.48,49.27]	25:A100,52.40,[100.00,17.92,01.31]	30:A100,50.40,[100.00,00.08,04.93]	35:C000,53.70,[100.00,18.99,75.29]	40:A100,52.70,[100.00,04.57,04.21]	45:A100,53.20,[100.00,06.74,05.70]	
0:A100,56.60,[100.00,18.53,43.71]	5:A100,48.70,[100.00,20.06,10.45]	10:A100,50.80,[100.00,31.42,33.03]	15:A100,51.60,[100.00,29.27,19.14]	20:A100,58.00,[100.00,29.48,49.27]	25:A100,52.90,[100.00,17.92,01.31]	30:A100,50.90,[100.00,00.08,04.93]	35:C180,54.60,[100.00,18.99,113.53]	40:A100,53.20,[100.00,04.57,04.21]	45:A100,53.70,[100.00,06.74,05.70]	
0:A100,57.10,[100.00,18.53,43.71]	5:A100,49.20,[100.00,20.06,10.45]	10:A100,51.30,[100.00,31.42,33.03]	15:A100,52.10,[100.00,29.27,19.14]	20:A100,58.50,[100.00,29.48,49.27]	25:A100,53.40,[100.00,17.92,01.31]	30:A100,51.40,[100.00,00.08,04.93]	35:C180,55.50,[100.00,18.99,137.80]	40:C000,53.20,[100.00,04.57,00.65]	45:A100,54.20,[100.00,06.74,05.70]	
0:A100,57.60,[100.00,18.53,43.71]	5:A100,49.70,[100.00,20.06,10.45]	10:A100,51.80,[100.00,31.42,33.03]	15:A100,52.60,[100.00,29.27,19.14]	20:A100,59.00,[100.00,29.48,49.27]	25:A100,53.90,[100.00,17.92,01.31]	30:A100,51.90,[100.00,00.08,04.93]	35:A100,56.00,[100.00,18.99,137.80]	40:A100,53.70,[100.00,04.57,00.65]	45:A100,54.70,[100.00,06.74,05.70]	
0:A100,58.10,[100.00,18.53,43.71]	5:A100,50.20,[100.00,20.06,10.45]	10:A100,52.30,[100.00,31.42,33.03]	15:A100,53.10,[100.00,29.27,19.14]	20:A100,59.50,[100.00,29.48,49.27]	25:A100,54.40,[100.00,17.92,01.31]	30:A100,52.40,[100.00,00.08,04.93]	35:A100,56.50,[100.00,18.99,137.80]	40:A100,54.20,[100.00,04.57,00.65]	45:A100,55.20,[100.00,06.74,05.70]	
0:A100,58.60,[100.00,18.53,43.71]	5:A100,50.70,[100.00,20.06,10.45]	10:A100,52.80,[100.00,31.42,33.03]	15:A100,53.60,[100.00,29.27,19.14]	20:A100,60.00,[100.00,29.48,49.27]	25:A100,54.90,[100.00,17.92,01.31]	30:A100,52.90,[100.00,00.08,04.93]	35:C180,57.40,[100.00,18.99,153.21]	40:A100,54.70,[100.00,04.57,00.65]	45:A100,55.70,[100.00,06.74,05.70]	
0:A100,59.10,[100.00,18.53,43.71]	5:A100,51.20,[100.00,20.06,10.45]	10:A100,53.30,[100.00,31.42,33.03]	15:A100,54.10,[100.00,29.27,19.14]	20:A100,60.50,[100.00,29.48,49.27]	25:A100,55.40,[100.00,17.92,01.31]	30:A100,53.40,[100.00,00.08,04.93]	35:C000,57.40,[100.00,18.99,97.26]	40:A100,55.20,[100.00,04.57,00.65]	45:A100,56.20,[100.00,06.74,05.70]	
0:A100,59.60,[100.00,18.53,43.71]	5:A100,51.70,[100.00,20.06,10.45]	10:A100,53.80,[100.00,31.42,33.03]	15:A100,54.60,[100.00,29.27,19.14]	20:A100,61.00,[100.00,29.48,49.27]	25:A100,55.90,[100.00,17.92,01.31]	30:A100,53.90,[100.00,00.08,04.93]	35:C000,57.40,[100.00,18.99,61.74]	40:A100,55.70,[100.00,04.57,00.65]	45:A100,56.70,[100.00,06.74,05.70]	
0:A100,60.10,[100.00,18.53,43.71]	5:A100,52.20,[100.00,20.06,10.45]	10:A100,54.30,[100.00,31.42,33.03]	15:A100,55.10,[100.00,29.27,19.14]	20:A100,61.50,[100.00,29.48,49.27]	25:A100,56.40,[100.00,17.92,01.31]	30:A100,54.40,[100.00,00.08,04.93]	35:B000,57.40,[100.00,12.05,61.74]	40:A100,56.20,[100.00,04.57,00.65]	45:A100,57.20,[100.00,06.74,05.70]	
0:A100,60.60,[100.00,18.53,43.71]	5:A100,52.70,[100.00,20.06,10.45]	10:A100,54.80,[100.00,31.42,33.03]	15:A100,55.60,[100.00,29.27,19.14]	20:A100,62.00,[100.00,29.48,49.27]	25:A100,56.90,[100.00,17.92,01.31]	30:A100,54.90,[100.00,00.08,04.93]	35:A100,57.90,[100.00,12.05,61.74]	40:A100,56.70,[100.00,04.57,00.65]	45:A100,57.70,[100.00,06.74,05.70]	
0:A100,61.10,[100.00,18.53,43.71]	5:A100,53.20,[100.00,20.06,10.45]	10:A100,55.30,[100.00,31.42,33.03]	15:A100,56.10,[100.00,29.27,19.14]	20:A100,62.50,[100.00,29.48,49.27]	25:A100,57.40,[100.00,17.92,01.31]	30:A100,55.40,[100.00,00.08,04.93]	35:A100,58.40,[100.00,12.05,61.74]	40:A100,57.20,[100.00,04.57,00.65]	45:A100,58.20,[100.00,06.74,05.70]	
0:A100,61.60,[100.00,18.53,43.71]	5:A100,53.70,[100.00,20.06,10.45]	10:A100,55.80,[100.00,31.42,33.03]	15:A100,56.60,[100.00,29.27,19.14]	20:A100,63.00,[100.00,29.48,49.27]	25:A100,57.90,[100.00,17.92,01.31]	30:A100,55.90,[100.00,00.08,04.93]	35:A100,58.90,[100.00,12.05,61.74]	40:A100,57.70,[100.00,04.57,00.65]	45:A100,58.70,[100.00,06.74,05.70]	
0:A100,62.10,[100.00,18.53,43.71]	5:A100,54.20,[100.00,20.06,10.45]	10:A100,56.30,[100.00,31.42,33.03]	15:A100,57.10,[100.00,29.27,19.14]	20:A100,63.50,[100.00,29.48,49.27]	25:A100,58.40,[100.00,17.92,01.31]	30:A100,56.40,[100.00,00.08,04.93]	35:A100,59.40,[100.00,12.05,61.74]	40:A100,58.20,[100.00,04.57,00.65]	45:A100,59.20,[100.00,06.74,05.70]	
0:A100,62.60,[100.00,18.53,43.71]	5:A100,54.70,[100.00,20.06,10.45]	10:B220,57.40,[100.00,87.65,33.03]	15:A100,57.60,[100.00,29.27,19.14]	20:A100,64.00,[100.00,29.48,49.27]	25:A100,58.90,[100.00,17.92,01.31]	30:A100,56.90,[100.00,00.08,04.93]	35:A100,59.90,[100.00,12.05,61.74]	40:A100,58.70,[100.00,04.57,00.65]	45:A100,59.70,[100.00,06.74,05.70]	
0:A100,63.10,[100.00,18.53,43.71]	5:A100,55.20,[100.00,20.06,10.45]	10:A100,57.90,[100.00,87.65,33.03]	15:A100,58.10,[100.00,29.27,19.14]	20:C000,64.00,[100.00,29.48,28.12]	25:A100,59.40,[100.00,17.92,01.31]	30:A100,57.40,[100.00,00.08,04.93]	35:A100,60.40,[100.00,12.05,61.74]	40:A100,59.20,[100.00,04.57,00.65]	45:A100,60.20,[100.00,06.74,05.70]	
0:A100,63.60,[100.00,18.53,43.71]	5:A100,55.70,[100.00,20.06,10.45]	10:B000,57.90,[100.00,61.52,33.03]	15:A100,58.60,[100.00,29.27,19.14]	20:A100,64.50,[100.00,29.48,28.12]	25:A100,59.90,[100.00,17.92,01.31]	30:A100,57.90,[100.00,00.08,04.93]	35:C180,61.30,[100.00,12.05,104.93]	40:A100,59.70,[100.00,04.57,00.65]	45:A100,60.70,[100.00,06.74,05.70]	
0:A100,64.10,[100.00,18.53,43.71]	5:A100,56.20,[100.00,20.06,10.45]	10:A100,58.40,[100.00,61.52,33.03]	15:A100,59.10,[100.00,29.27,19.14]	20:A100,65.00,[100.00,29.48,28.12]	25:A100,60.40,[100.00,17.92,01.31]	30:C000,57.90,[100.00,00.08,00.14]	35:C180,62.20,[100.00,12.05,132.34]	40:A100,60.20,[100.00,04.57,00.65]	45:A100,61.20,[100.00,06.74,05.70]	
0:A100,64.60,[100.00,18.53,43.71]	5:A100,56.70,[100.00,20.06,10.45]	10:C000,58.40,[100.00,61.52,23.18]	15:A100,59.60,[100.00,29.27,19.14]	20:A100,65.50,[100.00,29.48,28.12]	25:A100,60.90,[100.00,17.92,01.31]	30:A100,58.40,[100.00,00.08,00.14]	35:C180,63.10,[100.00,12.05,149.75]	40:A100,60.70,[100.00,04.57,00.65]	45:C180,62.10,[100.00,06.74,174.48]	
0:A100,65.10,[100.00,18.53,43.71]	5:A100,57.20,[100.00,20.06,10.45]	10:A100,58.90,[100.00,61.52,23.18]	15:A100,60.10,[100.00,29.27,19.14]	20:A100,66.00,[100.00,29.48,28.12]	25:A100,61.40,[100.00,17.92,01.31]	30:A100,58.90,[100.00,00.08,00.14]	35:C000,63.10,[100.00,12.05,95.06]	40:A100,61.20,[100.00,04.57,00.65]	45:C000,62.10,[100.00,06.74,05.52]	
0:B000,65.10,[100.00,05.92,43.71]	5:A100,57.70,[100.00,20.06,10.45]	10:A100,59.40,[100.00,61.52,23.18]	15:A100,60.60,[100.00,29.27,19.14]	20:A100,66.50,[100.00,29.48,28.12]	25:A100,61.90,[100.00,17.92,01.31]	30:A100,59.40,[100.00,00.08,00.14]	35:C000,63.10,[100.00,12.05,60.35]	40:A100,61.70,[100.00,04.57,00.65]	45:A100,62.60,[100.00,06.74,05.52]	
0:A100,65.60,[100.00,05.92,43.71]	5:A100,58.20,[100.00,20.06,10.45]	10:A100,59.90,[100.00,61.52,23.18]	15:A100,61.10,[100.00,29.27,19.14]	20:A100,67.00,[100.00,29.48,28.12]	25:A100,62.40,[100.00,17.92,01.31]	30:A100,59.90,[100.00,00.08,00.14]	35:A100,63.60,[100.00,12.05,60.35]	40:A100,62.20,[100.00,04.57,00.65]	45:B000,62.60,[100.00,00.21,05.52]	
0:A100,66.10,[100.00,05.92,43.71]	5:A100,58.70,[100.00,20.06,10.45]	10:A100,60.40,[100.00,61.52,23.18]	15:A100,61.60,[100.00,29.27,19.14]	20:A100,67.50,[100.00,29.48,28.12]	25:A100,62.90,[100.00,17.92,01.31]	30:A100,60.40,[100.00,00.08,00.14]	35:A100,64.10,[100.00,12.05,60.35]	40:A100,62.70,[100.00,04.57,00.65]	45:A100,63.10,[100.00,00.21,05.52]	
0:A100,66.60,[100.00,05.92,43.71]	5:A100,59.20,[100.00,20.06,10.45]	10:A100,60.90,[100.00,61.52,23.18]	15:A100,62.10,[100.00,29.27,19.14]	20:A100,68.00,[100.00,29.48,28.12]	25:A100,63.40,[100.00,17.92,01.31]	30:A100,60.90,[100.00,00.08,00.14]	35:A100,64.60,[100.00,12.05,60.35]	40:A100,63.20,[100.00,04.57,00.65]	45:A100,63.60,[100.00,00.21,05.52]	
0:C000,66.60,[100.00,05.92,13.96]	5:A100,59.70,[100.00,20.06,10.45]	10:B220,62.00,[100.00,108.77,23.18]	15:A100,62.60,[100.00,29.27,19.14]	20:A100,68.50,[100.00,29.48,28.12]	25:A100,63.90,[100.00,17.92,01.31]	30:A100,61.40,[100.00,00.08,00.14]	35:A100,65.10,[100.00,12.05,60.35]	40:A100,63.70,[100.00,04.57,00.65]	45:A100,64.10,[100.00,00.21,05.52]	
0:A100,67.10,[100.00,05.92,13.96]	5:A100,60.20,[100.00,20.06,10.45]	10:B000,62.00,[100.00,76.34,23.18]	15:A100,63.10,[100.00,29.27,19.14]	20:A100,69.00,[100.00,29.48,28.12]	25:A100,64.40,[100.00,17.92,01.31]	30:A100,61.90,[100.00,00.08,00.14]	35:B000,65.10,[100.00,07.65,60.35]	40:A100,64.20,[100.00,04.57,00.65]	45:A100,64.60,[100.00,00.21,05.52]	
0:A100,67.60,[100.00,05.92,13.96]	5:A100,60.70,[100.00,20.06,10.45]	10:B220,63.10,[100.00,119.18,23.18]	15:A100,63.60,[100.00,29.27,19.14]	20:A100,69.50,[100.00,29.48,28.12]	25:A100,64.90,[100.00,17.92,01.31]	30:A100,62.40,[100.00,00.08,00.14]	35:A100,65.60,[100.00,07.65,60.35]	40:A100,64.70,[100.00,04.57,00.65]	45:A100,65.10,[100.00,00.21,05.52]	
0:A100,68.10,[100.00,05.92,13.96]	5:A100,61.20,[100.00,20.06,10.45]	10:B220,64.20,[100.00,149.24,23.18]	15:A100,64.10,[100.00,29.27,19.14]	20:A100,70.00,[100.00,29.48,28.12]	25:A100,65.40,[100.00,17.92,01.31]	30:A100,62.90,[100.00,00.08,00.14]	35:A100,66.10,[100.00,07.65,60.35]	40:A100,65.20,[100.00,04.57,00.65]	45:A100,65.60,[100.00,00.21,05.52]	
0:A100,68.60,[100.00,05.92,13.96]	5:A100,61.70,[100.00,20.06,10.45]	10:B000,64.20,[100.00,104.74,23.18]	15:A100,64.60,[100.00,29.27,19.14]	20:A100,70.50,[100.00,29.48,28.12]	25:A100,65.90,[100.00,17.92,01.31]	30:A100,63.40,[100.00,00.08,00.14]	35:A100,66.60,[100.00,07.65,60.35]	40:A100,65.70,[100.00,04.57,00.65]	45:A100,66.10,[100.00,00.21,05.52]	
0:A100,69.10,[100.00,05.92,13.96]	5:A100,62.20,[100.00,20.06,10.45]	10:B000,64.20,[100.00,73.51,23.18]	15:A100,65.10,[100.00,29.27,19.14]	20:A100,71.00,[100.00,29.48,28.12]	25:A100,66.40,[100.00,17.92,01.31]	30:A100,63.90,[100.00,00.08,00.14]	35:A100,67.10,[100.00,07.65,60.35]	40:A100,66.20,[100.00,04.57,00.65]	45:A100,66.60,[100.00,00.21,05.52]	
0:A100,69.60,[100.00,05.92,13.96]	5:A100,62.70,[100.00,20.06,10.45]	10:A100,64.70,[100.00,73.51,23.18]	15:A100,65.60,[100.00,29.27,19.14]	20:A100,71.50,[100.00,29.48,28.12]	25:A100,66.90,[100.00,17.92,01.31]	30:A100,64.40,[100.00,00.08,00.14]	35:A100,67.60,[100.00,07.65,60.35]	40:A100,66.70,[100.00,04.57,00.65]	45:A100,67.10,[100.00,00.21,05.52]	
0:A100,70.10,[100.00,05.92,13.96]	5:A100,63.20,[100.00,20.06,10.45]	10:A100,65.20,[100.00,73.51,23.18]	15:A100,66.10,[100.00,29.27,19.14]	20:A100,72.00,[100.00,29.48,28.12]	25:A100,67.40,[100.00,17.92,01.31]	30:A100,64.90,[100.00,00.08,00.14]	35:A100,68.10,[100.00,07.65,60.35]	40:A100,67.20,[100.00,04.57,00.65]	45:A100,67.60,[100.00,00.21,05.52]	
0:A100,70.60,[100.00,05.92,13.96]	5:A100,63.70,[100.00,20.06,10.45]	10:A100,65.70,[100.00,73.51,23.18]	15:A100,66.60,[100.00,29.27,19.14]	20:A100,72.50,[100.00,29.48,28.12]	25:B220,68.50,[100.00,202.74,01.31]	30:A100,65.40,[100.00,00.08,00.14]	35:A100,68.60,[100.00,07.65,60.35]	40:A100,67.70,[100.00,04.57,00.65]	45:A100,68.10,[100.00,00.21,05.52]	
0:A100,71.10,[100.00,05.92,13.96]	5:A100,64.20,[100.00,20.06,10.45]	10:A100,66.20,[100.00,73.51,23.18]	15:A100,67.10,[100.00,29.27,19.14]	20:A100,73.00,[100.00,29.48,28.12]	25:B220,69.60,[100.00,218.53,01.31]	30:A100,65.90,[100.00,00.08,00.14]	35:A100,69.10,[100.00,07.65,60.35]	40:A100,68.20,[100.00,04.57,00.65]	45:A100,68.60,[100.00,00.21,05.52]	
0:A100,71.60,[100.00,05.92,13.96]	5:A100,64.70,[100.00,20.06,10.45]	10:A100,66.70,[100.00,73.51,23.18]	15:A100,67.60,[100.00,29.27,19.14]	20:A100,73.50,[100.00,29.48,28.12]	25:B220,70.70,[100.00,219.87,01.31]	30:A100,66.40,[100.00,00.08,00.14]	35:A100,69.60,[100.00,07.65,60.35]	40:A100,68.70,[100.00,04.57,00.65]	45:A100,69.10,[100.00,00.21,05.52]	
0:A100,72.10,[100.00,05.92,13.96]	5:A100,65.20,[100.00,20.06,10.45]	10:A100,67.20,[100.00,73.51,23.18]	15:A100,68.10,[100.00,29.27,19.14]	20:A100,74.00,[100.00,29.48,28.12]	25:B220,71.80,[100.00,219.99,01.31]	30:A100,66.90,[100.00,00.08,00.14]	35:A100,70.10,[100.00,07.65,60.35]	40:A100,69.20,[100.00,04.57,00.65]	45:A100,69.60,[100.00,00.21,05.52]	
0:A100,72.60,[100.00,05.92,13.96]	5:B220,66.30,[100.00,87.24,10.45]	10:A100,67.70,[100.00,73.51,23.18]	15:A100,68.60,[100.00,29.27,19.14]	20:A100,74.50,[100.00,29.48,28.12]	25:B000,71.80,[100.00,18.79,01.31]	30:A100,67.40,[100.00,00.08,00.14]	35:A100,70.60,[100.00,07.65,60.35]	40:A100,69.70,[100.00,04.57,00.65]	45:A100,70.10,[100.00,00.21,05.52]	
0:A100,73.10,[100.00,05.92,13.96]	5:A100,66.80,[100.00,87.24,10.45]	10:A100,68.20,[100.00,73.51,23.18]	15:A100,69.10,[100.00,29.27,19.14]	20:A100,75.00,[100.00,29.48,28.12]	25:A100,72.30,[100.00,18.79,01.31]	30:A100,67.90,[100.00,00.08,00.14]	35:A100,71.10,[100.00,07.65,60.35]	40:A100,70.20,[100.00,04.57,00.65]	45:A100,70.60,[100.00,00.21,05.52]	
0:A100,73.60,[100.00,05.92,13.96]	5:A100,67.30,[100.00,87.24,10.45]	10:A100,68.70,[100.00,73.51,23.18]	15:A100,69.60,[100.00,29.27,19.14]	20:A100,75.50,[100.00,29.48,28.12]	25:A100,72.80,[100.00,18.79,01.31]	30:A100,68.40,[100.00,00.08,00.14]	35:A100,71.60,[100.00,07.65,60.35]	40:A100,70.70,[100.00,04.57,00.65]	45:A100,71.10,[100.00,00.21,05.52]	
0:A100,74.10,[100.00,05.92,13.96]	5:A100,67.80,[100.00,87.24,10.45]	10:B000,68.70,[100.00,51.59,23.18]	15:A100,70.10,[100.00,29.27,19.14]	20:A100,76.00,[100.00,29.48,28.12]	25:A100,73.30,[100.00,18.79,01.31]	30:A100,68.90,[100.00,00.08,00.14]	35:A100,72.10,[100.00,07.65,60.35]	40:A100,71.20,[100.00,04.57,00.65]	45:A100,71.60,[100.00,00.21,05.52]	
0:A100,74.60,[100.00,05.92,13.96]	5:A100,68.30,[100.00,87.24,10.45]	10:A100,69.20,[100.00,51.59,23.18]	15:A100,70.60,[100.00,29.27,19.14]	20:A100,76.50,[100.00,29.48,28.12]	25:A100,73.80,[100.00,18.79,01.31]	30:A100,69.40,[100.00,00.08,00.14]	35:A100,72.60,[100.00,07.65,60.35]	40:A100,71.70,[100.00,04.57,00.65]	45:A100,72.10,[100.00,00.21,05.52]	
0:A100,75.10,[100.00,05.92,13.96]	5:A100,68.80,[100.00,87.24,10.45]	10:A100,69.70,[100.00,51.59,23.18]	15:A100,71.10,[100.00,29.27,19.14]	20:A100,77.00,[100.00,29.48,28.12]	25:A100,74.30,[100.00,18.79,01.31]	30:A100,69.90,[100.00,00.08,00.14]	35:C180,73.50,[100.00,07.65,104.04]	40:A100,72.20,[100.00,04.57,00.65]	45:A100,72.60,[100.00,00.21,05.52]	
0:A100,75.60,[100.00,05.92,13.96]	5:A100,69.30,[100.00,87.24,10.45]	10:A100,70.20,[100.00,51.59,23.18]	15:C000,71.10,[100.00,29.27,08.38]	20:A100,77.50,[100.00,29.48,28.12]	25:A100,74.80,[100.00,18.79,01.31]	30:A100,70.40,[100.00,00.08,00.14]	35:C180,74.40,[100.00,07.65,131.78]	40:A100,72.70,[100.00,04.57,00.65]	45:A100,73.10,[100.00,00.21,05.52]	
0:A100,76.10,[100.00,05.92,13.96]	5:A100,69.80,[100.00,87.24,10.45]	10:A100,70.70,[100.00,51.59,23.18]	15:A100,71.60,[100.00,29.27,08.38]	20:A100,78.00,[100.00,29.48,28.12]	25:A100,75.30,[100.00,18.79,01.31]	30:A100,70.90,[100.00,00.08,00.14]	35:C180,75.30,[100.00,07.65,149.39]	40:A100,73.20,[100.00,04.57,00.65]	45:A100,73.60,[100.00,00.21,05.52]	
0:A100,76.60,[100.00,05.92,13.96]	5:B220,70.90,[100.00,131.85,10.45]	10:A100,71.20,[100.00,51.59,23.18]	15:A100,72.10,[100.00,29.27,08.38]	20:A100,78.50,[100.00,29.48,28.12]	25:A100,75.80,[100.00,18.79,01.31]	30:A100,71.40,[100.00,00.08,00.14]	35:C000,75.30,[100.00,07.65,94.83]	40:A100,73.70,[100.00,04.57,00.65]	45:A100,74.10,[100.00,00.21,05.52]	
0:A100,77.10,[100.00,05.92,13.96]	5:B000,70.90,[100.00,87.55,10.45]	10:C180,72.10,[100.00,51.59,69.94]	15:A100,72.60,[100.00,29.27,08.38]	20:A100,79.00,[100.00,29.48,28.12]	25:A100,76.30,[100.00,18.79,01.31]	30:A100,71.90,[100.00,00.08,00.14]	35:C180,76.20,[100.00,07.65,125.94]	40:A100,74.20,[100.00,04.57,00.65]	45:A100,74.60,[100.00,00.21,05.52]	
0:A100,77.60,[100.00,05.92,13.96]	5:A100,71.40,[100.00,87.55,10.45]	10:A100,72.60,[100.00,51.59,69.94]	15:A100,73.10,[100.00,29.27,08.38]	20:A100,79.50,[100.00,29.48,28.12]	25:A100,76.80,[100.00,18.79,01.31]	30:A100,72.40,[100.00,00.08,00.14]	35:C000,76.20,[100.00,07.65,79.95]	40:A100,74.70,[100.00,04.57,00.65]	45:A100,75.10,[100.00,00.21,05.52]	
0:A100,78.10,[100.00,05.92,13.96]	5:B220,72.50,[100.00,132.06,10.45]	10:A100,73.10,[100.00,51.59,69.94]	15:A100,73.60,[100.00,29.27,08.38]	20:A100,80.00,[100.00,29.48,28.12]	25:A100,77.30,[100.00,18.79,01.31]	30:A100,72.90,[100.00,00.08,00.14]	35:A100,76.70,[100.00,07.65,79.95]	40:A100,75.20,[100.00,04.57,00.65]	45:A100,75.60,[100.00,00.21,05.52]	
0:A100,78.60,[100.00,05.92,13.96]	5:A100,73.00,[100.00,132.06,10.45]	10:A100,73.60,[100.00,51.59,69.94]	15:A100,74.10,[100.00,29.27,08.38]	20:A100,80.50,[100.00,29.48,28.12]	25:A100,77.80,[100.00,18.79,01.31]	30:A100,73.40,[100.00,00.08,00.14]	35:A100,77.20,[100.00,07.65,79.95]	40:A100,75.70,[100.00,04.57,00.65]	45:A100,76.10,[100.00,00.21,05.52]	
0:A100,79.10,[100.00,05.92,13.96]	5:B000,73.00,[100.00,87.68,10.45]	10:A100,74.10,[100.00,51.59,69.94]	15:B000,74.10,[100.00,12.81,08.38]	20:A100,81.00,[100.00,29.48,28.12]	25:A100,78.30,[100.00,18.79,01.31]	30:A100,73.90,[100.00,00.08,00.14]	35:A100,77.70,[100.00,07.65,79.95]	40:A100,76.20,[100.00,04.57,00.65]	45:A100,76.60,[100.00,00.21,05.52]	
0:A100,79.60,[100.00,05.92,13.96]	5:A100,73.50,[100.00,87.68,10.45]	10:A100,74.60,[100.00,51.59,69.94]	15:A100,74.60,[100.00,12.81,08.38]	20:A100,81.50,[100.00,29.48,28.12]	25:A100,78.80,[100.00,18.79,01.31]	30:A100,74.40,[100.00,00.08,00.14]	35:A100,78.20,[100.00,07.65,79.95]	40:A100,76.70,[100.00,04.57,00.65]	45:A100,77.10,[100.00,00.21,05.52]	
0:A100,80.10,[100.00,05.92,13.96]	5:A100,74.00,[100.00,87.68,10.45]	10:A100,75.10,[100.00,51.59,69.94]	15:A100,75.10,[100.00,12.81,08.38]	20:A100,82.00,[100.00,29.48,28.12]	25:A100,79.30,[100.00,18.79,01.31]	30:A100,74.90,[100.00,00.08,00.14]	35:A100,78.70,[100.00,07.65,79.95]	40:A100,77.20,[100.00,04.57,00.65]	45:A100,77.60,[100.00,00.21,05.52]	
0:A100,80.60,[100.00,05.92,13.96]	5:A100,74.50,[100.00,87.68,10.45]	10:A100,75.60,[100.00,51.59,69.94]	15:A100,75.60,[100.00,12.81,08.38]	20:A100,82.50,[100.00,29.48,28.12]	25:A100,79.80,[100.00,18.79,01.31]	30:A100,75.40,[100.00,00.08,00.14]	35:A100,79.20,[100.00,07.65,79.95]	40:A100,77.70,[100.00,04.57,00.65]	45:A100,78.10,[100.00,00.21,05.52]	
0:A100,81.10,[100.00,05.92,13.96]	5:A100,75.00,[100.00,87.68,10.45]	10:A100,76.10,[100.00,51.59,69.94]	15:A100,76.10,[100.00,12.81,08.38]	20:A100,83.00,[100.00,29.48,28.12]	25:A100,80.30,[100.00,18.79,01.31]	30:A100,75.90,[100.00,00.08,00.14]	35:A100,79.70,[100.00,07.65,79.95]	40:A100,78.20,[100.00,04.57,00.65]	45:A100,78.60,[100.00,00.21,05.52]	
0:A100,81.60,[100.00,05.92,13.96]	5:A100,75.50,[100.00,87.68,10.45]	10:A100,76.60,[100.00,51.59,69.94]	15:A100,76.60,[100.00,12.81,08.38]	20:A100,83.50,[100.00,29.48,28.12]	25:A100,80.80,[100.00,18.79,01.31]	30:B220,77.00,[100.00,213.80,00.14]	35:C000,79.70,[100.00,07.65,50.75]	40:A100,78.70,[100.00,04.57,00.65]	45:A100,79.10,[100.00,00.21,05.52]	
0:A100,82.10,[100.00,05.92,13.96]	5:B220,76.60,[100.00,132.14,10.45]	10:A100,77.10,[100.00,51.59,69.94]	15:A100,77.10,[100.00,12.81,08.38]	20:A100,84.00,[100.00,29.48,28.12]	25:A100,81.30,[100.00,18.79,01.31]	30:B000,77.00,[100.00,06.03,00.14]	35:A100,80.20,[100.00,07.65,50.75]	40:A100,79.20,[100.00,04.57,00.65]	45:A100,79.60,[100.00,00.21,05.52]	
0:A100,82.60,[100.00,05.92,13.96]	5:B220,77.70,[100.00,161.67,10.45]	10:C000,77.10,[100.00,51.59,49.08]	15:A100,77.60,[100.00,12.81,08.38]	20:A100,84.50,[100.00,29.48,28.12]	25:A100,81.80,[100.00,18.79,01.31]	30:A100,77.50,[100.00,06.03,00.14]	35:A100,80.70,[100.00,07.65,50.75]	40:A100,79.70,[100.00,04.57,00.65]	45:A100,80.10,[100.00,00.21,05.52]	
0:A100,83.10,[100.00,05.92,13.96]	5:B220,78.80,[100.00,181.27,10.45]	10:A100,77.60,[100.00,51.59,49.08]	15:A100,78.10,[100.00,12.81,08.38]	20:A100,85.00,[100.00,29.48,28.12]	25:A100,82.30,[100.00,18.79,01.31]	30:A100,78.00,[100.00,06.03,00.14]	35:A100,81.20,[100.00,07.65,50.75]	40:A100,80.20,[100.00,04.57,00.65]	45:A100,80.60,[100.00,00.21,05.52]	
0:A100,83.60,[100.00,05.92,13.96]	5:B220,79.90,[100.00,194.28,10.45]	10:A100,78.10,[100.00,51.59,49.08]	15:A100,78.60,[100.00,12.81,08.38]	20:A100,85.50,[100.00,29.48,28.12]	25:A100,82.80,[100.00,18.79,01.31]	30:A100,78.50,[100.00,06.03,00.14]	35:C180,82.10,[100.00,07.65,97.95]	40:A100,80.70,[100.00,04.57,00.65]	45:A100,81.10,[100.00,00.21,05.52]	
0:A100,84.10,[100.00,05.92,13.96]	5:B220,81.00,[100.00,202.92,10.45]	10:A100,78.60,[100.00,51.59,49.08]	15:A100,79.10,[100.00,12.81,08.38]	20:A100,86.