each row consists of groups of data for each agent, in form:	agentNum(learningParameter):choice,fitness,[expA,expB,expC]where choice has letter chosen and reward received
each column consists of every trial for the same agent.
this entire file is from Generation 200

0(0.40901704945393125):C180,00.90,[100.00,100.00,132.72]	5(0.34078087844837907):A100,00.50,[100.00,100.00,100.00]	10(0.49979458783286274):B220,01.10,[100.00,159.98,100.00]	15(0.7516735145205405):B000,00.00,[100.00,24.83,100.00]	20(0.41211891409595763):B000,00.00,[100.00,58.79,100.00]	25(0.6067832419226961):A100,00.50,[100.00,100.00,100.00]	30(0.8664690492289784):C000,00.00,[100.00,100.00,13.35]	35(0.40441330156502364):B000,00.00,[100.00,59.56,100.00]	40(0.9990704254810282):B000,00.00,[100.00,00.09,100.00]	45(0.8808480504185898):C180,00.90,[100.00,100.00,170.47]	
0(0.40901704945393125):C000,00.90,[100.00,100.00,78.44]	5(0.34078087844837907):B000,00.50,[100.00,65.92,100.00]	10(0.49979458783286274):B220,02.20,[100.00,189.98,100.00]	15(0.7516735145205405):A100,00.50,[100.00,24.83,100.00]	20(0.41211891409595763):C000,00.00,[100.00,58.79,58.79]	25(0.6067832419226961):A100,01.00,[100.00,100.00,100.00]	30(0.8664690492289784):B000,00.00,[100.00,13.35,13.35]	35(0.40441330156502364):C000,00.00,[100.00,59.56,59.56]	40(0.9990704254810282):C000,00.00,[100.00,00.09,00.09]	45(0.8808480504185898):C000,00.90,[100.00,100.00,20.31]	
0(0.40901704945393125):A100,01.40,[100.00,100.00,78.44]	5(0.34078087844837907):B000,00.50,[100.00,43.46,100.00]	10(0.49979458783286274):B000,02.20,[100.00,95.03,100.00]	15(0.7516735145205405):C000,00.50,[100.00,24.83,24.83]	20(0.41211891409595763):A100,00.50,[100.00,58.79,58.79]	25(0.6067832419226961):B000,01.00,[100.00,39.32,100.00]	30(0.8664690492289784):A100,00.50,[100.00,13.35,13.35]	35(0.40441330156502364):A100,00.50,[100.00,59.56,59.56]	40(0.9990704254810282):A100,00.50,[100.00,00.09,00.09]	45(0.8808480504185898):B220,02.00,[100.00,205.70,20.31]	
0(0.40901704945393125):B220,02.50,[100.00,149.08,78.44]	5(0.34078087844837907):C000,00.50,[100.00,43.46,65.92]	10(0.49979458783286274):A100,02.70,[100.00,95.03,100.00]	15(0.7516735145205405):A100,01.00,[100.00,24.83,24.83]	20(0.41211891409595763):A100,01.00,[100.00,58.79,58.79]	25(0.6067832419226961):A100,01.50,[100.00,39.32,100.00]	30(0.8664690492289784):A100,01.00,[100.00,13.35,13.35]	35(0.40441330156502364):A100,01.00,[100.00,59.56,59.56]	40(0.9990704254810282):A100,01.00,[100.00,00.09,00.09]	45(0.8808480504185898):B220,03.10,[100.00,218.30,20.31]	
0(0.40901704945393125):B220,03.60,[100.00,178.09,78.44]	5(0.34078087844837907):A100,01.00,[100.00,43.46,65.92]	10(0.49979458783286274):C000,02.70,[100.00,95.03,50.02]	15(0.7516735145205405):A100,01.50,[100.00,24.83,24.83]	20(0.41211891409595763):A100,01.50,[100.00,58.79,58.79]	25(0.6067832419226961):B220,02.60,[100.00,148.95,100.00]	30(0.8664690492289784):A100,01.50,[100.00,13.35,13.35]	35(0.40441330156502364):B220,02.10,[100.00,124.44,59.56]	40(0.9990704254810282):A100,01.50,[100.00,00.09,00.09]	45(0.8808480504185898):B000,03.10,[100.00,26.01,20.31]	
0(0.40901704945393125):B220,04.70,[100.00,195.23,78.44]	5(0.34078087844837907):A100,01.50,[100.00,43.46,65.92]	10(0.49979458783286274):B000,02.70,[100.00,47.53,50.02]	15(0.7516735145205405):A100,02.00,[100.00,24.83,24.83]	20(0.41211891409595763):B000,01.50,[100.00,34.56,58.79]	25(0.6067832419226961):A100,03.10,[100.00,148.95,100.00]	30(0.8664690492289784):A100,02.00,[100.00,13.35,13.35]	35(0.40441330156502364):B220,03.20,[100.00,163.09,59.56]	40(0.9990704254810282):A100,02.00,[100.00,00.09,00.09]	45(0.8808480504185898):A100,03.60,[100.00,26.01,20.31]	
0(0.40901704945393125):B000,04.70,[100.00,115.38,78.44]	5(0.34078087844837907):A100,02.00,[100.00,43.46,65.92]	10(0.49979458783286274):A100,03.20,[100.00,47.53,50.02]	15(0.7516735145205405):A100,02.50,[100.00,24.83,24.83]	20(0.41211891409595763):A100,02.00,[100.00,34.56,58.79]	25(0.6067832419226961):B220,04.20,[100.00,192.06,100.00]	30(0.8664690492289784):A100,02.50,[100.00,13.35,13.35]	35(0.40441330156502364):B000,03.20,[100.00,97.13,59.56]	40(0.9990704254810282):A100,02.50,[100.00,00.09,00.09]	45(0.8808480504185898):A100,04.10,[100.00,26.01,20.31]	
0(0.40901704945393125):A100,05.20,[100.00,115.38,78.44]	5(0.34078087844837907):C000,02.00,[100.00,43.46,43.46]	10(0.49979458783286274):A100,03.70,[100.00,47.53,50.02]	15(0.7516735145205405):A100,03.00,[100.00,24.83,24.83]	20(0.41211891409595763):A100,02.50,[100.00,34.56,58.79]	25(0.6067832419226961):B000,04.20,[100.00,75.52,100.00]	30(0.8664690492289784):A100,03.00,[100.00,13.35,13.35]	35(0.40441330156502364):A100,03.70,[100.00,97.13,59.56]	40(0.9990704254810282):A100,03.00,[100.00,00.09,00.09]	45(0.8808480504185898):A100,04.60,[100.00,26.01,20.31]	
0(0.40901704945393125):B000,05.20,[100.00,68.19,78.44]	5(0.34078087844837907):A100,02.50,[100.00,43.46,43.46]	10(0.49979458783286274):A100,04.20,[100.00,47.53,50.02]	15(0.7516735145205405):A100,03.50,[100.00,24.83,24.83]	20(0.41211891409595763):A100,03.00,[100.00,34.56,58.79]	25(0.6067832419226961):A100,04.70,[100.00,75.52,100.00]	30(0.8664690492289784):A100,03.50,[100.00,13.35,13.35]	35(0.40441330156502364):B220,04.80,[100.00,146.82,59.56]	40(0.9990704254810282):A100,03.50,[100.00,00.09,00.09]	45(0.8808480504185898):A100,05.10,[100.00,26.01,20.31]	
0(0.40901704945393125):A100,05.70,[100.00,68.19,78.44]	5(0.34078087844837907):B000,02.50,[100.00,28.65,43.46]	10(0.49979458783286274):A100,04.70,[100.00,47.53,50.02]	15(0.7516735145205405):A100,04.00,[100.00,24.83,24.83]	20(0.41211891409595763):A100,03.50,[100.00,34.56,58.79]	25(0.6067832419226961):C180,05.60,[100.00,75.52,148.54]	30(0.8664690492289784):A100,04.00,[100.00,13.35,13.35]	35(0.40441330156502364):B220,05.90,[100.00,176.42,59.56]	40(0.9990704254810282):A100,04.00,[100.00,00.09,00.09]	45(0.8808480504185898):A100,05.60,[100.00,26.01,20.31]	
0(0.40901704945393125):A100,06.20,[100.00,68.19,78.44]	5(0.34078087844837907):A100,03.00,[100.00,28.65,43.46]	10(0.49979458783286274):A100,05.20,[100.00,47.53,50.02]	15(0.7516735145205405):A100,04.50,[100.00,24.83,24.83]	20(0.41211891409595763):A100,04.00,[100.00,34.56,58.79]	25(0.6067832419226961):C180,06.50,[100.00,75.52,167.63]	30(0.8664690492289784):A100,04.50,[100.00,13.35,13.35]	35(0.40441330156502364):B220,07.00,[100.00,194.04,59.56]	40(0.9990704254810282):A100,04.50,[100.00,00.09,00.09]	45(0.8808480504185898):A100,06.10,[100.00,26.01,20.31]	
0(0.40901704945393125):A100,06.70,[100.00,68.19,78.44]	5(0.34078087844837907):A100,03.50,[100.00,28.65,43.46]	10(0.49979458783286274):B000,05.20,[100.00,23.78,50.02]	15(0.7516735145205405):A100,05.00,[100.00,24.83,24.83]	20(0.41211891409595763):A100,04.50,[100.00,34.56,58.79]	25(0.6067832419226961):C000,06.50,[100.00,75.52,65.92]	30(0.8664690492289784):A100,05.00,[100.00,13.35,13.35]	35(0.40441330156502364):B220,08.10,[100.00,204.54,59.56]	40(0.9990704254810282):A100,05.00,[100.00,00.09,00.09]	45(0.8808480504185898):A100,06.60,[100.00,26.01,20.31]	
0(0.40901704945393125):B220,07.80,[100.00,130.28,78.44]	5(0.34078087844837907):A100,04.00,[100.00,28.65,43.46]	10(0.49979458783286274):A100,05.70,[100.00,23.78,50.02]	15(0.7516735145205405):A100,05.50,[100.00,24.83,24.83]	20(0.41211891409595763):A100,05.00,[100.00,34.56,58.79]	25(0.6067832419226961):A100,07.00,[100.00,75.52,65.92]	30(0.8664690492289784):A100,05.50,[100.00,13.35,13.35]	35(0.40441330156502364):B220,09.20,[100.00,210.79,59.56]	40(0.9990704254810282):A100,05.50,[100.00,00.09,00.09]	45(0.8808480504185898):A100,07.10,[100.00,26.01,20.31]	
0(0.40901704945393125):B000,07.80,[100.00,76.99,78.44]	5(0.34078087844837907):A100,04.50,[100.00,28.65,43.46]	10(0.49979458783286274):A100,06.20,[100.00,23.78,50.02]	15(0.7516735145205405):A100,06.00,[100.00,24.83,24.83]	20(0.41211891409595763):A100,05.50,[100.00,34.56,58.79]	25(0.6067832419226961):A100,07.50,[100.00,75.52,65.92]	30(0.8664690492289784):A100,06.00,[100.00,13.35,13.35]	35(0.40441330156502364):B220,10.30,[100.00,214.52,59.56]	40(0.9990704254810282):A100,06.00,[100.00,00.09,00.09]	45(0.8808480504185898):A100,07.60,[100.00,26.01,20.31]	
0(0.40901704945393125):C000,07.80,[100.00,76.99,46.35]	5(0.34078087844837907):A100,05.00,[100.00,28.65,43.46]	10(0.49979458783286274):A100,06.70,[100.00,23.78,50.02]	15(0.7516735145205405):A100,06.50,[100.00,24.83,24.83]	20(0.41211891409595763):C000,05.50,[100.00,34.56,34.56]	25(0.6067832419226961):A100,08.00,[100.00,75.52,65.92]	30(0.8664690492289784):C000,06.00,[100.00,13.35,01.78]	35(0.40441330156502364):B000,10.30,[100.00,127.76,59.56]	40(0.9990704254810282):A100,06.50,[100.00,00.09,00.09]	45(0.8808480504185898):C000,07.60,[100.00,26.01,02.42]	
0(0.40901704945393125):C000,07.80,[100.00,76.99,27.39]	5(0.34078087844837907):B220,06.10,[100.00,93.86,43.46]	10(0.49979458783286274):A100,07.20,[100.00,23.78,50.02]	15(0.7516735145205405):A100,07.00,[100.00,24.83,24.83]	20(0.41211891409595763):A100,06.00,[100.00,34.56,34.56]	25(0.6067832419226961):A100,08.50,[100.00,75.52,65.92]	30(0.8664690492289784):A100,06.50,[100.00,13.35,01.78]	35(0.40441330156502364):B220,11.40,[100.00,165.06,59.56]	40(0.9990704254810282):A100,07.00,[100.00,00.09,00.09]	45(0.8808480504185898):A100,08.10,[100.00,26.01,02.42]	
0(0.40901704945393125):B000,07.80,[100.00,45.50,27.39]	5(0.34078087844837907):B000,06.10,[100.00,61.87,43.46]	10(0.49979458783286274):A100,07.70,[100.00,23.78,50.02]	15(0.7516735145205405):A100,07.50,[100.00,24.83,24.83]	20(0.41211891409595763):A100,06.50,[100.00,34.56,34.56]	25(0.6067832419226961):B220,09.60,[100.00,163.19,65.92]	30(0.8664690492289784):A100,07.00,[100.00,13.35,01.78]	35(0.40441330156502364):B000,11.40,[100.00,98.31,59.56]	40(0.9990704254810282):A100,07.50,[100.00,00.09,00.09]	45(0.8808480504185898):A100,08.60,[100.00,26.01,02.42]	
0(0.40901704945393125):A100,08.30,[100.00,45.50,27.39]	5(0.34078087844837907):A100,06.60,[100.00,61.87,43.46]	10(0.49979458783286274):A100,08.20,[100.00,23.78,50.02]	15(0.7516735145205405):A100,08.00,[100.00,24.83,24.83]	20(0.41211891409595763):A100,07.00,[100.00,34.56,34.56]	25(0.6067832419226961):B220,10.70,[100.00,197.66,65.92]	30(0.8664690492289784):A100,07.50,[100.00,13.35,01.78]	35(0.40441330156502364):A100,11.90,[100.00,98.31,59.56]	40(0.9990704254810282):A100,08.00,[100.00,00.09,00.09]	45(0.8808480504185898):A100,09.10,[100.00,26.01,02.42]	
0(0.40901704945393125):A100,08.80,[100.00,45.50,27.39]	5(0.34078087844837907):A100,07.10,[100.00,61.87,43.46]	10(0.49979458783286274):A100,08.70,[100.00,23.78,50.02]	15(0.7516735145205405):A100,08.50,[100.00,24.83,24.83]	20(0.41211891409595763):A100,07.50,[100.00,34.56,34.56]	25(0.6067832419226961):B000,10.70,[100.00,77.72,65.92]	30(0.8664690492289784):A100,08.00,[100.00,13.35,01.78]	35(0.40441330156502364):A100,12.40,[100.00,98.31,59.56]	40(0.9990704254810282):A100,08.50,[100.00,00.09,00.09]	45(0.8808480504185898):A100,09.60,[100.00,26.01,02.42]	
0(0.40901704945393125):A100,09.30,[100.00,45.50,27.39]	5(0.34078087844837907):A100,07.60,[100.00,61.87,43.46]	10(0.49979458783286274):A100,09.20,[100.00,23.78,50.02]	15(0.7516735145205405):A100,09.00,[100.00,24.83,24.83]	20(0.41211891409595763):A100,08.00,[100.00,34.56,34.56]	25(0.6067832419226961):A100,11.20,[100.00,77.72,65.92]	30(0.8664690492289784):A100,08.50,[100.00,13.35,01.78]	35(0.40441330156502364):A100,12.90,[100.00,98.31,59.56]	40(0.9990704254810282):A100,09.00,[100.00,00.09,00.09]	45(0.8808480504185898):A100,10.10,[100.00,26.01,02.42]	
0(0.40901704945393125):B220,10.40,[100.00,116.87,27.39]	5(0.34078087844837907):B220,08.70,[100.00,115.76,43.46]	10(0.49979458783286274):A100,09.70,[100.00,23.78,50.02]	15(0.7516735145205405):A100,09.50,[100.00,24.83,24.83]	20(0.41211891409595763):A100,08.50,[100.00,34.56,34.56]	25(0.6067832419226961):A100,11.70,[100.00,77.72,65.92]	30(0.8664690492289784):A100,09.00,[100.00,13.35,01.78]	35(0.40441330156502364):A100,13.40,[100.00,98.31,59.56]	40(0.9990704254810282):A100,09.50,[100.00,00.09,00.09]	45(0.8808480504185898):A100,10.60,[100.00,26.01,02.42]	
0(0.40901704945393125):A100,10.90,[100.00,116.87,27.39]	5(0.34078087844837907):A100,09.20,[100.00,115.76,43.46]	10(0.49979458783286274):A100,10.20,[100.00,23.78,50.02]	15(0.7516735145205405):A100,10.00,[100.00,24.83,24.83]	20(0.41211891409595763):A100,09.00,[100.00,34.56,34.56]	25(0.6067832419226961):B220,12.80,[100.00,164.05,65.92]	30(0.8664690492289784):A100,09.50,[100.00,13.35,01.78]	35(0.40441330156502364):B000,13.40,[100.00,58.55,59.56]	40(0.9990704254810282):A100,10.00,[100.00,00.09,00.09]	45(0.8808480504185898):A100,11.10,[100.00,26.01,02.42]	
0(0.40901704945393125):B000,10.90,[100.00,69.07,27.39]	5(0.34078087844837907):B220,10.30,[100.00,151.28,43.46]	10(0.49979458783286274):A100,10.70,[100.00,23.78,50.02]	15(0.7516735145205405):A100,10.50,[100.00,24.83,24.83]	20(0.41211891409595763):A100,09.50,[100.00,34.56,34.56]	25(0.6067832419226961):B220,13.90,[100.00,198.00,65.92]	30(0.8664690492289784):A100,10.00,[100.00,13.35,01.78]	35(0.40441330156502364):A100,13.90,[100.00,58.55,59.56]	40(0.9990704254810282):A100,10.50,[100.00,00.09,00.09]	45(0.8808480504185898):A100,11.60,[100.00,26.01,02.42]	
0(0.40901704945393125):A100,11.40,[100.00,69.07,27.39]	5(0.34078087844837907):B000,10.30,[100.00,99.73,43.46]	10(0.49979458783286274):A100,11.20,[100.00,23.78,50.02]	15(0.7516735145205405):A100,11.00,[100.00,24.83,24.83]	20(0.41211891409595763):A100,10.00,[100.00,34.56,34.56]	25(0.6067832419226961):B220,15.00,[100.00,211.35,65.92]	30(0.8664690492289784):A100,10.50,[100.00,13.35,01.78]	35(0.40441330156502364):A100,14.40,[100.00,58.55,59.56]	40(0.9990704254810282):A100,11.00,[100.00,00.09,00.09]	45(0.8808480504185898):A100,12.10,[100.00,26.01,02.42]	
0(0.40901704945393125):A100,11.90,[100.00,69.07,27.39]	5(0.34078087844837907):A100,10.80,[100.00,99.73,43.46]	10(0.49979458783286274):A100,11.70,[100.00,23.78,50.02]	15(0.7516735145205405):A100,11.50,[100.00,24.83,24.83]	20(0.41211891409595763):A100,10.50,[100.00,34.56,34.56]	25(0.6067832419226961):B220,16.10,[100.00,216.60,65.92]	30(0.8664690492289784):A100,11.00,[100.00,13.35,01.78]	35(0.40441330156502364):A100,14.90,[100.00,58.55,59.56]	40(0.9990704254810282):A100,11.50,[100.00,00.09,00.09]	45(0.8808480504185898):A100,12.60,[100.00,26.01,02.42]	
0(0.40901704945393125):A100,12.40,[100.00,69.07,27.39]	5(0.34078087844837907):B220,11.90,[100.00,140.71,43.46]	10(0.49979458783286274):A100,12.20,[100.00,23.78,50.02]	15(0.7516735145205405):A100,12.00,[100.00,24.83,24.83]	20(0.41211891409595763):A100,11.00,[100.00,34.56,34.56]	25(0.6067832419226961):B000,16.10,[100.00,85.17,65.92]	30(0.8664690492289784):A100,11.50,[100.00,13.35,01.78]	35(0.40441330156502364):A100,15.40,[100.00,58.55,59.56]	40(0.9990704254810282):A100,12.00,[100.00,00.09,00.09]	45(0.8808480504185898):A100,13.10,[100.00,26.01,02.42]	
0(0.40901704945393125):A100,12.90,[100.00,69.07,27.39]	5(0.34078087844837907):B000,11.90,[100.00,92.76,43.46]	10(0.49979458783286274):A100,12.70,[100.00,23.78,50.02]	15(0.7516735145205405):A100,12.50,[100.00,24.83,24.83]	20(0.41211891409595763):A100,11.50,[100.00,34.56,34.56]	25(0.6067832419226961):B000,16.10,[100.00,33.49,65.92]	30(0.8664690492289784):A100,12.00,[100.00,13.35,01.78]	35(0.40441330156502364):A100,15.90,[100.00,58.55,59.56]	40(0.9990704254810282):A100,12.50,[100.00,00.09,00.09]	45(0.8808480504185898):A100,13.60,[100.00,26.01,02.42]	
0(0.40901704945393125):A100,13.40,[100.00,69.07,27.39]	5(0.34078087844837907):B000,11.90,[100.00,61.15,43.46]	10(0.49979458783286274):A100,13.20,[100.00,23.78,50.02]	15(0.7516735145205405):A100,13.00,[100.00,24.83,24.83]	20(0.41211891409595763):A100,12.00,[100.00,34.56,34.56]	25(0.6067832419226961):A100,16.60,[100.00,33.49,65.92]	30(0.8664690492289784):A100,12.50,[100.00,13.35,01.78]	35(0.40441330156502364):A100,16.40,[100.00,58.55,59.56]	40(0.9990704254810282):A100,13.00,[100.00,00.09,00.09]	45(0.8808480504185898):A100,14.10,[100.00,26.01,02.42]	
0(0.40901704945393125):A100,13.90,[100.00,69.07,27.39]	5(0.34078087844837907):A100,12.40,[100.00,61.15,43.46]	10(0.49979458783286274):A100,13.70,[100.00,23.78,50.02]	15(0.7516735145205405):A100,13.50,[100.00,24.83,24.83]	20(0.41211891409595763):A100,12.50,[100.00,34.56,34.56]	25(0.6067832419226961):A100,17.10,[100.00,33.49,65.92]	30(0.8664690492289784):A100,13.00,[100.00,13.35,01.78]	35(0.40441330156502364):B220,17.50,[100.00,123.84,59.56]	40(0.9990704254810282):A100,13.50,[100.00,00.09,00.09]	45(0.8808480504185898):A100,14.60,[100.00,26.01,02.42]	
0(0.40901704945393125):A100,14.40,[100.00,69.07,27.39]	5(0.34078087844837907):A100,12.90,[100.00,61.15,43.46]	10(0.49979458783286274):A100,14.20,[100.00,23.78,50.02]	15(0.7516735145205405):A100,14.00,[100.00,24.83,24.83]	20(0.41211891409595763):A100,13.00,[100.00,34.56,34.56]	25(0.6067832419226961):A100,17.60,[100.00,33.49,65.92]	30(0.8664690492289784):A100,13.50,[100.00,13.35,01.78]	35(0.40441330156502364):B220,18.60,[100.00,162.73,59.56]	40(0.9990704254810282):A100,14.00,[100.00,00.09,00.09]	45(0.8808480504185898):A100,15.10,[100.00,26.01,02.42]	
0(0.40901704945393125):A100,14.90,[100.00,69.07,27.39]	5(0.34078087844837907):A100,13.40,[100.00,61.15,43.46]	10(0.49979458783286274):A100,14.70,[100.00,23.78,50.02]	15(0.7516735145205405):A100,14.50,[100.00,24.83,24.83]	20(0.41211891409595763):A100,13.50,[100.00,34.56,34.56]	25(0.6067832419226961):A100,18.10,[100.00,33.49,65.92]	30(0.8664690492289784):A100,14.00,[100.00,13.35,01.78]	35(0.40441330156502364):B220,19.70,[100.00,185.89,59.56]	40(0.9990704254810282):A100,14.50,[100.00,00.09,00.09]	45(0.8808480504185898):A100,15.60,[100.00,26.01,02.42]	
0(0.40901704945393125):A100,15.40,[100.00,69.07,27.39]	5(0.34078087844837907):A100,13.90,[100.00,61.15,43.46]	10(0.49979458783286274):A100,15.20,[100.00,23.78,50.02]	15(0.7516735145205405):A100,15.00,[100.00,24.83,24.83]	20(0.41211891409595763):A100,14.00,[100.00,34.56,34.56]	25(0.6067832419226961):A100,18.60,[100.00,33.49,65.92]	30(0.8664690492289784):A100,14.50,[100.00,13.35,01.78]	35(0.40441330156502364):B220,20.80,[100.00,199.69,59.56]	40(0.9990704254810282):A100,15.00,[100.00,00.09,00.09]	45(0.8808480504185898):A100,16.10,[100.00,26.01,02.42]	
0(0.40901704945393125):B000,15.40,[100.00,40.82,27.39]	5(0.34078087844837907):A100,14.40,[100.00,61.15,43.46]	10(0.49979458783286274):A100,15.70,[100.00,23.78,50.02]	15(0.7516735145205405):A100,15.50,[100.00,24.83,24.83]	20(0.41211891409595763):A100,14.50,[100.00,34.56,34.56]	25(0.6067832419226961):A100,19.10,[100.00,33.49,65.92]	30(0.8664690492289784):A100,15.00,[100.00,13.35,01.78]	35(0.40441330156502364):B220,21.90,[100.00,207.90,59.56]	40(0.9990704254810282):A100,15.50,[100.00,00.09,00.09]	45(0.8808480504185898):A100,16.60,[100.00,26.01,02.42]	
0(0.40901704945393125):A100,15.90,[100.00,40.82,27.39]	5(0.34078087844837907):A100,14.90,[100.00,61.15,43.46]	10(0.49979458783286274):A100,16.20,[100.00,23.78,50.02]	15(0.7516735145205405):A100,16.00,[100.00,24.83,24.83]	20(0.41211891409595763):A100,15.00,[100.00,34.56,34.56]	25(0.6067832419226961):A100,19.60,[100.00,33.49,65.92]	30(0.8664690492289784):A100,15.50,[100.00,13.35,01.78]	35(0.40441330156502364):B220,23.00,[100.00,212.79,59.56]	40(0.9990704254810282):A100,16.00,[100.00,00.09,00.09]	45(0.8808480504185898):B000,16.60,[100.00,03.10,02.42]	
0(0.40901704945393125):A100,16.40,[100.00,40.82,27.39]	5(0.34078087844837907):A100,15.40,[100.00,61.15,43.46]	10(0.49979458783286274):A100,16.70,[100.00,23.78,50.02]	15(0.7516735145205405):C180,16.90,[100.00,24.83,141.47]	20(0.41211891409595763):C180,15.90,[100.00,34.56,94.50]	25(0.6067832419226961):A100,20.10,[100.00,33.49,65.92]	30(0.8664690492289784):A100,16.00,[100.00,13.35,01.78]	35(0.40441330156502364):B000,23.00,[100.00,126.74,59.56]	40(0.9990704254810282):A100,16.50,[100.00,00.09,00.09]	45(0.8808480504185898):A100,17.10,[100.00,03.10,02.42]	
0(0.40901704945393125):A100,16.90,[100.00,40.82,27.39]	5(0.34078087844837907):A100,15.90,[100.00,61.15,43.46]	10(0.49979458783286274):A100,17.20,[100.00,23.78,50.02]	15(0.7516735145205405):C000,16.90,[100.00,24.83,35.13]	20(0.41211891409595763):C180,16.80,[100.00,34.56,129.74]	25(0.6067832419226961):A100,20.60,[100.00,33.49,65.92]	30(0.8664690492289784):A100,16.50,[100.00,13.35,01.78]	35(0.40441330156502364):B000,23.00,[100.00,75.48,59.56]	40(0.9990704254810282):A100,17.00,[100.00,00.09,00.09]	45(0.8808480504185898):A100,17.60,[100.00,03.10,02.42]	
0(0.40901704945393125):A100,17.40,[100.00,40.82,27.39]	5(0.34078087844837907):A100,16.40,[100.00,61.15,43.46]	10(0.49979458783286274):A100,17.70,[100.00,23.78,50.02]	15(0.7516735145205405):A100,17.40,[100.00,24.83,35.13]	20(0.41211891409595763):C180,17.70,[100.00,34.56,150.45]	25(0.6067832419226961):A100,21.10,[100.00,33.49,65.92]	30(0.8664690492289784):A100,17.00,[100.00,13.35,01.78]	35(0.40441330156502364):B000,23.00,[100.00,44.96,59.56]	40(0.9990704254810282):A100,17.50,[100.00,00.09,00.09]	45(0.8808480504185898):A100,18.10,[100.00,03.10,02.42]	
0(0.40901704945393125):A100,17.90,[100.00,40.82,27.39]	5(0.34078087844837907):B220,17.50,[100.00,115.28,43.46]	10(0.49979458783286274):A100,18.20,[100.00,23.78,50.02]	15(0.7516735145205405):A100,17.90,[100.00,24.83,35.13]	20(0.41211891409595763):C180,18.60,[100.00,34.56,162.63]	25(0.6067832419226961):A100,21.60,[100.00,33.49,65.92]	30(0.8664690492289784):A100,17.50,[100.00,13.35,01.78]	35(0.40441330156502364):A100,23.50,[100.00,44.96,59.56]	40(0.9990704254810282):A100,18.00,[100.00,00.09,00.09]	45(0.8808480504185898):A100,18.60,[100.00,03.10,02.42]	
0(0.40901704945393125):A100,18.40,[100.00,40.82,27.39]	5(0.34078087844837907):B000,17.50,[100.00,76.00,43.46]	10(0.49979458783286274):A100,18.70,[100.00,23.78,50.02]	15(0.7516735145205405):A100,18.40,[100.00,24.83,35.13]	20(0.41211891409595763):C180,19.50,[100.00,34.56,169.79]	25(0.6067832419226961):A100,22.10,[100.00,33.49,65.92]	30(0.8664690492289784):A100,18.00,[100.00,13.35,01.78]	35(0.40441330156502364):A100,24.00,[100.00,44.96,59.56]	40(0.9990704254810282):A100,18.50,[100.00,00.09,00.09]	45(0.8808480504185898):A100,19.10,[100.00,03.10,02.42]	
0(0.40901704945393125):A100,18.90,[100.00,40.82,27.39]	5(0.34078087844837907):A100,18.00,[100.00,76.00,43.46]	10(0.49979458783286274):A100,19.20,[100.00,23.78,50.02]	15(0.7516735145205405):A100,18.90,[100.00,24.83,35.13]	20(0.41211891409595763):C180,20.40,[100.00,34.56,174.00]	25(0.6067832419226961):A100,22.60,[100.00,33.49,65.92]	30(0.8664690492289784):A100,18.50,[100.00,13.35,01.78]	35(0.40441330156502364):A100,24.50,[100.00,44.96,59.56]	40(0.9990704254810282):A100,19.00,[100.00,00.09,00.09]	45(0.8808480504185898):A100,19.60,[100.00,03.10,02.42]	
0(0.40901704945393125):A100,19.40,[100.00,40.82,27.39]	5(0.34078087844837907):A100,18.50,[100.00,76.00,43.46]	10(0.49979458783286274):A100,19.70,[100.00,23.78,50.02]	15(0.7516735145205405):A100,19.40,[100.00,24.83,35.13]	20(0.41211891409595763):C180,21.30,[100.00,34.56,176.47]	25(0.6067832419226961):A100,23.10,[100.00,33.49,65.92]	30(0.8664690492289784):A100,19.00,[100.00,13.35,01.78]	35(0.40441330156502364):A100,25.00,[100.00,44.96,59.56]	40(0.9990704254810282):A100,19.50,[100.00,00.09,00.09]	45(0.8808480504185898):A100,20.10,[100.00,03.10,02.42]	
0(0.40901704945393125):A100,19.90,[100.00,40.82,27.39]	5(0.34078087844837907):B000,18.50,[100.00,50.10,43.46]	10(0.49979458783286274):A100,20.20,[100.00,23.78,50.02]	15(0.7516735145205405):A100,19.90,[100.00,24.83,35.13]	20(0.41211891409595763):C000,21.30,[100.00,34.56,103.74]	25(0.6067832419226961):C180,24.00,[100.00,33.49,135.14]	30(0.8664690492289784):A100,19.50,[100.00,13.35,01.78]	35(0.40441330156502364):A100,25.50,[100.00,44.96,59.56]	40(0.9990704254810282):A100,20.00,[100.00,00.09,00.09]	45(0.8808480504185898):A100,20.60,[100.00,03.10,02.42]	
0(0.40901704945393125):A100,20.40,[100.00,40.82,27.39]	5(0.34078087844837907):A100,19.00,[100.00,50.10,43.46]	10(0.49979458783286274):A100,20.70,[100.00,23.78,50.02]	15(0.7516735145205405):A100,20.40,[100.00,24.83,35.13]	20(0.41211891409595763):A100,21.80,[100.00,34.56,103.74]	25(0.6067832419226961):C180,24.90,[100.00,33.49,162.36]	30(0.8664690492289784):A100,20.00,[100.00,13.35,01.78]	35(0.40441330156502364):A100,26.00,[100.00,44.96,59.56]	40(0.9990704254810282):A100,20.50,[100.00,00.09,00.09]	45(0.8808480504185898):A100,21.10,[100.00,03.10,02.42]	
0(0.40901704945393125):A100,20.90,[100.00,40.82,27.39]	5(0.34078087844837907):A100,19.50,[100.00,50.10,43.46]	10(0.49979458783286274):A100,21.20,[100.00,23.78,50.02]	15(0.7516735145205405):A100,20.90,[100.00,24.83,35.13]	20(0.41211891409595763):C000,21.80,[100.00,34.56,60.99]	25(0.6067832419226961):A100,25.40,[100.00,33.49,162.36]	30(0.8664690492289784):A100,20.50,[100.00,13.35,01.78]	35(0.40441330156502364):A100,26.50,[100.00,44.96,59.56]	40(0.9990704254810282):A100,21.00,[100.00,00.09,00.09]	45(0.8808480504185898):A100,21.60,[100.00,03.10,02.42]	
0(0.40901704945393125):A100,21.40,[100.00,40.82,27.39]	5(0.34078087844837907):A100,20.00,[100.00,50.10,43.46]	10(0.49979458783286274):A100,21.70,[100.00,23.78,50.02]	15(0.7516735145205405):A100,21.40,[100.00,24.83,35.13]	20(0.41211891409595763):C180,22.70,[100.00,34.56,110.04]	25(0.6067832419226961):C000,25.40,[100.00,33.49,63.84]	30(0.8664690492289784):A100,21.00,[100.00,13.35,01.78]	35(0.40441330156502364):A100,27.00,[100.00,44.96,59.56]	40(0.9990704254810282):A100,21.50,[100.00,00.09,00.09]	45(0.8808480504185898):A100,22.10,[100.00,03.10,02.42]	
0(0.40901704945393125):A100,21.90,[100.00,40.82,27.39]	5(0.34078087844837907):B220,21.10,[100.00,108.00,43.46]	10(0.49979458783286274):A100,22.20,[100.00,23.78,50.02]	15(0.7516735145205405):A100,21.90,[100.00,24.83,35.13]	20(0.41211891409595763):A100,23.20,[100.00,34.56,110.04]	25(0.6067832419226961):A100,25.90,[100.00,33.49,63.84]	30(0.8664690492289784):A100,21.50,[100.00,13.35,01.78]	35(0.40441330156502364):C180,27.90,[100.00,44.96,108.27]	40(0.9990704254810282):A100,22.00,[100.00,00.09,00.09]	45(0.8808480504185898):A100,22.60,[100.00,03.10,02.42]	
0(0.40901704945393125):A100,22.40,[100.00,40.82,27.39]	5(0.34078087844837907):A100,21.60,[100.00,108.00,43.46]	10(0.49979458783286274):A100,22.70,[100.00,23.78,50.02]	15(0.7516735145205405):A100,22.40,[100.00,24.83,35.13]	20(0.41211891409595763):C180,24.10,[100.00,34.56,138.87]	25(0.6067832419226961):C180,26.80,[100.00,33.49,134.33]	30(0.8664690492289784):A100,22.00,[100.00,13.35,01.78]	35(0.40441330156502364):C180,28.80,[100.00,44.96,137.28]	40(0.9990704254810282):A100,22.50,[100.00,00.09,00.09]	45(0.8808480504185898):A100,23.10,[100.00,03.10,02.42]	
0(0.40901704945393125):A100,22.90,[100.00,40.82,27.39]	5(0.34078087844837907):B220,22.70,[100.00,146.17,43.46]	10(0.49979458783286274):A100,23.20,[100.00,23.78,50.02]	15(0.7516735145205405):A100,22.90,[100.00,24.83,35.13]	20(0.41211891409595763):C180,25.00,[100.00,34.56,155.82]	25(0.6067832419226961):C180,27.70,[100.00,33.49,162.04]	30(0.8664690492289784):A100,22.50,[100.00,13.35,01.78]	35(0.40441330156502364):C180,29.70,[100.00,44.96,154.55]	40(0.9990704254810282):A100,23.00,[100.00,00.09,00.09]	45(0.8808480504185898):A100,23.60,[100.00,03.10,02.42]	
0(0.40901704945393125):A100,23.40,[100.00,40.82,27.39]	5(0.34078087844837907):B000,22.70,[100.00,96.36,43.46]	10(0.49979458783286274):A100,23.70,[100.00,23.78,50.02]	15(0.7516735145205405):A100,23.40,[100.00,24.83,35.13]	20(0.41211891409595763):C000,25.00,[100.00,34.56,91.60]	25(0.6067832419226961):C000,27.70,[100.00,33.49,63.72]	30(0.8664690492289784):A100,23.00,[100.00,13.35,01.78]	35(0.40441330156502364):C180,30.60,[100.00,44.96,164.85]	40(0.9990704254810282):A100,23.50,[100.00,00.09,00.09]	45(0.8808480504185898):A100,24.10,[100.00,03.10,02.42]	
0(0.40901704945393125):A100,23.90,[100.00,40.82,27.39]	5(0.34078087844837907):A100,23.20,[100.00,96.36,43.46]	10(0.49979458783286274):A100,24.20,[100.00,23.78,50.02]	15(0.7516735145205405):A100,23.90,[100.00,24.83,35.13]	20(0.41211891409595763):C180,25.90,[100.00,34.56,128.03]	25(0.6067832419226961):A100,28.20,[100.00,33.49,63.72]	30(0.8664690492289784):A100,23.50,[100.00,13.35,01.78]	35(0.40441330156502364):C000,30.60,[100.00,44.96,98.18]	40(0.9990704254810282):A100,24.00,[100.00,00.09,00.09]	45(0.8808480504185898):A100,24.60,[100.00,03.10,02.42]	
0(0.40901704945393125):A100,24.40,[100.00,40.82,27.39]	5(0.34078087844837907):B220,24.30,[100.00,138.49,43.46]	10(0.49979458783286274):A100,24.70,[100.00,23.78,50.02]	15(0.7516735145205405):A100,24.40,[100.00,24.83,35.13]	20(0.41211891409595763):C000,25.90,[100.00,34.56,75.27]	25(0.6067832419226961):A100,28.70,[100.00,33.49,63.72]	30(0.8664690492289784):A100,24.00,[100.00,13.35,01.78]	35(0.40441330156502364):C180,31.50,[100.00,44.96,131.27]	40(0.9990704254810282):A100,24.50,[100.00,00.09,00.09]	45(0.8808480504185898):A100,25.10,[100.00,03.10,02.42]	
0(0.40901704945393125):A100,24.90,[100.00,40.82,27.39]	5(0.34078087844837907):B000,24.30,[100.00,91.30,43.46]	10(0.49979458783286274):C180,25.60,[100.00,23.78,114.98]	15(0.7516735145205405):A100,24.90,[100.00,24.83,35.13]	20(0.41211891409595763):C180,26.80,[100.00,34.56,118.43]	25(0.6067832419226961):A100,29.20,[100.00,33.49,63.72]	30(0.8664690492289784):A100,24.50,[100.00,13.35,01.78]	35(0.40441330156502364):B000,31.50,[100.00,26.78,131.27]	40(0.9990704254810282):A100,25.00,[100.00,00.09,00.09]	45(0.8808480504185898):A100,25.60,[100.00,03.10,02.42]	
0(0.40901704945393125):A100,25.40,[100.00,40.82,27.39]	5(0.34078087844837907):C180,25.20,[100.00,91.30,89.99]	10(0.49979458783286274):A100,26.10,[100.00,23.78,114.98]	15(0.7516735145205405):A100,25.40,[100.00,24.83,35.13]	20(0.41211891409595763):A100,27.30,[100.00,34.56,118.43]	25(0.6067832419226961):A100,29.70,[100.00,33.49,63.72]	30(0.8664690492289784):A100,25.00,[100.00,13.35,01.78]	35(0.40441330156502364):C180,32.40,[100.00,26.78,150.98]	40(0.9990704254810282):A100,25.50,[100.00,00.09,00.09]	45(0.8808480504185898):A100,26.10,[100.00,03.10,02.42]	
0(0.40901704945393125):A100,25.90,[100.00,40.82,27.39]	5(0.34078087844837907):A100,25.70,[100.00,91.30,89.99]	10(0.49979458783286274):C000,26.10,[100.00,23.78,57.52]	15(0.7516735145205405):A100,25.90,[100.00,24.83,35.13]	20(0.41211891409595763):A100,27.80,[100.00,34.56,118.43]	25(0.6067832419226961):A100,30.20,[100.00,33.49,63.72]	30(0.8664690492289784):A100,25.50,[100.00,13.35,01.78]	35(0.40441330156502364):C180,33.30,[100.00,26.78,162.71]	40(0.9990704254810282):A100,26.00,[100.00,00.09,00.09]	45(0.8808480504185898):A100,26.60,[100.00,03.10,02.42]	
0(0.40901704945393125):A100,26.40,[100.00,40.82,27.39]	5(0.34078087844837907):A100,26.20,[100.00,91.30,89.99]	10(0.49979458783286274):A100,26.60,[100.00,23.78,57.52]	15(0.7516735145205405):A100,26.40,[100.00,24.83,35.13]	20(0.41211891409595763):C180,28.70,[100.00,34.56,143.80]	25(0.6067832419226961):C000,30.20,[100.00,33.49,25.05]	30(0.8664690492289784):A100,26.00,[100.00,13.35,01.78]	35(0.40441330156502364):C000,33.30,[100.00,26.78,96.91]	40(0.9990704254810282):A100,26.50,[100.00,00.09,00.09]	45(0.8808480504185898):A100,27.10,[100.00,03.10,02.42]	
0(0.40901704945393125):A100,26.90,[100.00,40.82,27.39]	5(0.34078087844837907):C000,26.20,[100.00,91.30,59.32]	10(0.49979458783286274):A100,27.10,[100.00,23.78,57.52]	15(0.7516735145205405):A100,26.90,[100.00,24.83,35.13]	20(0.41211891409595763):C180,29.60,[100.00,34.56,158.72]	25(0.6067832419226961):A100,30.70,[100.00,33.49,25.05]	30(0.8664690492289784):A100,26.50,[100.00,13.35,01.78]	35(0.40441330156502364):A100,33.80,[100.00,26.78,96.91]	40(0.9990704254810282):A100,27.00,[100.00,00.09,00.09]	45(0.8808480504185898):A100,27.60,[100.00,03.10,02.42]	
0(0.40901704945393125):A100,27.40,[100.00,40.82,27.39]	5(0.34078087844837907):A100,26.70,[100.00,91.30,59.32]	10(0.49979458783286274):A100,27.60,[100.00,23.78,57.52]	15(0.7516735145205405):A100,27.40,[100.00,24.83,35.13]	20(0.41211891409595763):C180,30.50,[100.00,34.56,167.49]	25(0.6067832419226961):A100,31.20,[100.00,33.49,25.05]	30(0.8664690492289784):A100,27.00,[100.00,13.35,01.78]	35(0.40441330156502364):C000,33.80,[100.00,26.78,57.72]	40(0.9990704254810282):A100,27.50,[100.00,00.09,00.09]	45(0.8808480504185898):A100,28.10,[100.00,03.10,02.42]	
0(0.40901704945393125):A100,27.90,[100.00,40.82,27.39]	5(0.34078087844837907):A100,27.20,[100.00,91.30,59.32]	10(0.49979458783286274):A100,28.10,[100.00,23.78,57.52]	15(0.7516735145205405):A100,27.90,[100.00,24.83,35.13]	20(0.41211891409595763):C000,30.50,[100.00,34.56,98.46]	25(0.6067832419226961):A100,31.70,[100.00,33.49,25.05]	30(0.8664690492289784):A100,27.50,[100.00,13.35,01.78]	35(0.40441330156502364):A100,34.30,[100.00,26.78,57.72]	40(0.9990704254810282):A100,28.00,[100.00,00.09,00.09]	45(0.8808480504185898):A100,28.60,[100.00,03.10,02.42]	
0(0.40901704945393125):A100,28.40,[100.00,40.82,27.39]	5(0.34078087844837907):A100,27.70,[100.00,91.30,59.32]	10(0.49979458783286274):A100,28.60,[100.00,23.78,57.52]	15(0.7516735145205405):A100,28.40,[100.00,24.83,35.13]	20(0.41211891409595763):A100,31.00,[100.00,34.56,98.46]	25(0.6067832419226961):A100,32.20,[100.00,33.49,25.05]	30(0.8664690492289784):A100,28.00,[100.00,13.35,01.78]	35(0.40441330156502364):A100,34.80,[100.00,26.78,57.72]	40(0.9990704254810282):A100,28.50,[100.00,00.09,00.09]	45(0.8808480504185898):A100,29.10,[100.00,03.10,02.42]	
0(0.40901704945393125):A100,28.90,[100.00,40.82,27.39]	5(0.34078087844837907):A100,28.20,[100.00,91.30,59.32]	10(0.49979458783286274):A100,29.10,[100.00,23.78,57.52]	15(0.7516735145205405):A100,28.90,[100.00,24.83,35.13]	20(0.41211891409595763):A100,31.50,[100.00,34.56,98.46]	25(0.6067832419226961):A100,32.70,[100.00,33.49,25.05]	30(0.8664690492289784):A100,28.50,[100.00,13.35,01.78]	35(0.40441330156502364):C000,34.80,[100.00,26.78,34.38]	40(0.9990704254810282):A100,29.00,[100.00,00.09,00.09]	45(0.8808480504185898):A100,29.60,[100.00,03.10,02.42]	
0(0.40901704945393125):A100,29.40,[100.00,40.82,27.39]	5(0.34078087844837907):B220,29.30,[100.00,135.16,59.32]	10(0.49979458783286274):A100,29.60,[100.00,23.78,57.52]	15(0.7516735145205405):A100,29.40,[100.00,24.83,35.13]	20(0.41211891409595763):C180,32.40,[100.00,34.56,132.07]	25(0.6067832419226961):A100,33.20,[100.00,33.49,25.05]	30(0.8664690492289784):A100,29.00,[100.00,13.35,01.78]	35(0.40441330156502364):A100,35.30,[100.00,26.78,34.38]	40(0.9990704254810282):A100,29.50,[100.00,00.09,00.09]	45(0.8808480504185898):A100,30.10,[100.00,03.10,02.42]	
0(0.40901704945393125):A100,29.90,[100.00,40.82,27.39]	5(0.34078087844837907):B220,30.40,[100.00,164.07,59.32]	10(0.49979458783286274):C180,30.50,[100.00,23.78,118.73]	15(0.7516735145205405):A100,29.90,[100.00,24.83,35.13]	20(0.41211891409595763):C180,33.30,[100.00,34.56,151.82]	25(0.6067832419226961):A100,33.70,[100.00,33.49,25.05]	30(0.8664690492289784):A100,29.50,[100.00,13.35,01.78]	35(0.40441330156502364):A100,35.80,[100.00,26.78,34.38]	40(0.9990704254810282):A100,30.00,[100.00,00.09,00.09]	45(0.8808480504185898):A100,30.60,[100.00,03.10,02.42]	
0(0.40901704945393125):B220,31.00,[100.00,114.11,27.39]	5(0.34078087844837907):B220,31.50,[100.00,183.13,59.32]	10(0.49979458783286274):C180,31.40,[100.00,23.78,149.35]	15(0.7516735145205405):A100,30.40,[100.00,24.83,35.13]	20(0.41211891409595763):C000,33.30,[100.00,34.56,89.25]	25(0.6067832419226961):A100,34.20,[100.00,33.49,25.05]	30(0.8664690492289784):A100,30.00,[100.00,13.35,01.78]	35(0.40441330156502364):A100,36.30,[100.00,26.78,34.38]	40(0.9990704254810282):A100,30.50,[100.00,00.09,00.09]	45(0.8808480504185898):A100,31.10,[100.00,03.10,02.42]	
0(0.40901704945393125):B000,31.00,[100.00,67.44,27.39]	5(0.34078087844837907):B000,31.50,[100.00,120.72,59.32]	10(0.49979458783286274):C000,31.40,[100.00,23.78,74.71]	15(0.7516735145205405):A100,30.90,[100.00,24.83,35.13]	20(0.41211891409595763):A100,33.80,[100.00,34.56,89.25]	25(0.6067832419226961):A100,34.70,[100.00,33.49,25.05]	30(0.8664690492289784):A100,30.50,[100.00,13.35,01.78]	35(0.40441330156502364):A100,36.80,[100.00,26.78,34.38]	40(0.9990704254810282):A100,31.00,[100.00,00.09,00.09]	45(0.8808480504185898):A100,31.60,[100.00,03.10,02.42]	
0(0.40901704945393125):A100,31.50,[100.00,67.44,27.39]	5(0.34078087844837907):B220,32.60,[100.00,154.55,59.32]	10(0.49979458783286274):A100,31.90,[100.00,23.78,74.71]	15(0.7516735145205405):C180,31.80,[100.00,24.83,144.02]	20(0.41211891409595763):C180,34.70,[100.00,34.56,126.65]	25(0.6067832419226961):A100,35.20,[100.00,33.49,25.05]	30(0.8664690492289784):A100,31.00,[100.00,13.35,01.78]	35(0.40441330156502364):A100,37.30,[100.00,26.78,34.38]	40(0.9990704254810282):A100,31.50,[100.00,00.09,00.09]	45(0.8808480504185898):A100,32.10,[100.00,03.10,02.42]	
0(0.40901704945393125):A100,32.00,[100.00,67.44,27.39]	5(0.34078087844837907):B220,33.70,[100.00,176.86,59.32]	10(0.49979458783286274):A100,32.40,[100.00,23.78,74.71]	15(0.7516735145205405):C180,32.70,[100.00,24.83,171.07]	20(0.41211891409595763):C180,35.60,[100.00,34.56,148.64]	25(0.6067832419226961):A100,35.70,[100.00,33.49,25.05]	30(0.8664690492289784):A100,31.50,[100.00,13.35,01.78]	35(0.40441330156502364):A100,37.80,[100.00,26.78,34.38]	40(0.9990704254810282):A100,32.00,[100.00,00.09,00.09]	45(0.8808480504185898):A100,32.60,[100.00,03.10,02.42]	
0(0.40901704945393125):C180,32.90,[100.00,67.44,89.81]	5(0.34078087844837907):B220,34.80,[100.00,191.56,59.32]	10(0.49979458783286274):A100,32.90,[100.00,23.78,74.71]	15(0.7516735145205405):C000,32.70,[100.00,24.83,42.48]	20(0.41211891409595763):C180,36.50,[100.00,34.56,161.56]	25(0.6067832419226961):A100,36.20,[100.00,33.49,25.05]	30(0.8664690492289784):A100,32.00,[100.00,13.35,01.78]	35(0.40441330156502364):A100,38.30,[100.00,26.78,34.38]	40(0.9990704254810282):A100,32.50,[100.00,00.09,00.09]	45(0.8808480504185898):A100,33.10,[100.00,03.10,02.42]	
0(0.40901704945393125):A100,33.40,[100.00,67.44,89.81]	5(0.34078087844837907):B000,34.80,[100.00,126.28,59.32]	10(0.49979458783286274):A100,33.40,[100.00,23.78,74.71]	15(0.7516735145205405):A100,33.20,[100.00,24.83,42.48]	20(0.41211891409595763):C000,36.50,[100.00,34.56,94.98]	25(0.6067832419226961):A100,36.70,[100.00,33.49,25.05]	30(0.8664690492289784):A100,32.50,[100.00,13.35,01.78]	35(0.40441330156502364):A100,38.80,[100.00,26.78,34.38]	40(0.9990704254810282):A100,33.00,[100.00,00.09,00.09]	45(0.8808480504185898):A100,33.60,[100.00,03.10,02.42]	
0(0.40901704945393125):A100,33.90,[100.00,67.44,89.81]	5(0.34078087844837907):B000,34.80,[100.00,83.25,59.32]	10(0.49979458783286274):A100,33.90,[100.00,23.78,74.71]	15(0.7516735145205405):A100,33.70,[100.00,24.83,42.48]	20(0.41211891409595763):C180,37.40,[100.00,34.56,130.02]	25(0.6067832419226961):A100,37.20,[100.00,33.49,25.05]	30(0.8664690492289784):A100,33.00,[100.00,13.35,01.78]	35(0.40441330156502364):A100,39.30,[100.00,26.78,34.38]	40(0.9990704254810282):A100,33.50,[100.00,00.09,00.09]	45(0.8808480504185898):A100,34.10,[100.00,03.10,02.42]	
0(0.40901704945393125):A100,34.40,[100.00,67.44,89.81]	5(0.34078087844837907):B000,34.80,[100.00,54.88,59.32]	10(0.49979458783286274):C180,34.80,[100.00,23.78,127.33]	15(0.7516735145205405):A100,34.20,[100.00,24.83,42.48]	20(0.41211891409595763):C000,37.40,[100.00,34.56,76.44]	25(0.6067832419226961):A100,37.70,[100.00,33.49,25.05]	30(0.8664690492289784):A100,33.50,[100.00,13.35,01.78]	35(0.40441330156502364):A100,39.80,[100.00,26.78,34.38]	40(0.9990704254810282):A100,34.00,[100.00,00.09,00.09]	45(0.8808480504185898):A100,34.60,[100.00,03.10,02.42]	
0(0.40901704945393125):A100,34.90,[100.00,67.44,89.81]	5(0.34078087844837907):A100,35.30,[100.00,54.88,59.32]	10(0.49979458783286274):C000,34.80,[100.00,23.78,63.69]	15(0.7516735145205405):A100,34.70,[100.00,24.83,42.48]	20(0.41211891409595763):C000,37.40,[100.00,34.56,44.93]	25(0.6067832419226961):C180,38.60,[100.00,33.49,119.07]	30(0.8664690492289784):A100,34.00,[100.00,13.35,01.78]	35(0.40441330156502364):A100,40.30,[100.00,26.78,34.38]	40(0.9990704254810282):A100,34.50,[100.00,00.09,00.09]	45(0.8808480504185898):A100,35.10,[100.00,03.10,02.42]	
0(0.40901704945393125):B000,34.90,[100.00,39.85,89.81]	5(0.34078087844837907):C000,35.30,[100.00,54.88,39.11]	10(0.49979458783286274):A100,35.30,[100.00,23.78,63.69]	15(0.7516735145205405):A100,35.20,[100.00,24.83,42.48]	20(0.41211891409595763):A100,37.90,[100.00,34.56,44.93]	25(0.6067832419226961):C000,38.60,[100.00,33.49,46.82]	30(0.8664690492289784):A100,34.50,[100.00,13.35,01.78]	35(0.40441330156502364):A100,40.80,[100.00,26.78,34.38]	40(0.9990704254810282):A100,35.00,[100.00,00.09,00.09]	45(0.8808480504185898):A100,35.60,[100.00,03.10,02.42]	
0(0.40901704945393125):A100,35.40,[100.00,39.85,89.81]	5(0.34078087844837907):A100,35.80,[100.00,54.88,39.11]	10(0.49979458783286274):A100,35.80,[100.00,23.78,63.69]	15(0.7516735145205405):A100,35.70,[100.00,24.83,42.48]	20(0.41211891409595763):A100,38.40,[100.00,34.56,44.93]	25(0.6067832419226961):A100,39.10,[100.00,33.49,46.82]	30(0.8664690492289784):A100,35.00,[100.00,13.35,01.78]	35(0.40441330156502364):A100,41.30,[100.00,26.78,34.38]	40(0.9990704254810282):A100,35.50,[100.00,00.09,00.09]	45(0.8808480504185898):B000,35.60,[100.00,00.37,02.42]	
0(0.40901704945393125):C000,35.40,[100.00,39.85,53.08]	5(0.34078087844837907):A100,36.30,[100.00,54.88,39.11]	10(0.49979458783286274):A100,36.30,[100.00,23.78,63.69]	15(0.7516735145205405):A100,36.20,[100.00,24.83,42.48]	20(0.41211891409595763):A100,38.90,[100.00,34.56,44.93]	25(0.6067832419226961):A100,39.60,[100.00,33.49,46.82]	30(0.8664690492289784):A100,35.50,[100.00,13.35,01.78]	35(0.40441330156502364):A100,41.80,[100.00,26.78,34.38]	40(0.9990704254810282):A100,36.00,[100.00,00.09,00.09]	45(0.8808480504185898):A100,36.10,[100.00,00.37,02.42]	
0(0.40901704945393125):A100,35.90,[100.00,39.85,53.08]	5(0.34078087844837907):B220,37.40,[100.00,111.15,39.11]	10(0.49979458783286274):A100,36.80,[100.00,23.78,63.69]	15(0.7516735145205405):A100,36.70,[100.00,24.83,42.48]	20(0.41211891409595763):A100,39.40,[100.00,34.56,44.93]	25(0.6067832419226961):C000,39.60,[100.00,33.49,18.41]	30(0.8664690492289784):A100,36.00,[100.00,13.35,01.78]	35(0.40441330156502364):A100,42.30,[100.00,26.78,34.38]	40(0.9990704254810282):A100,36.50,[100.00,00.09,00.09]	45(0.8808480504185898):A100,36.60,[100.00,00.37,02.42]	
0(0.40901704945393125):A100,36.40,[100.00,39.85,53.08]	5(0.34078087844837907):B220,38.50,[100.00,148.24,39.11]	10(0.49979458783286274):A100,37.30,[100.00,23.78,63.69]	15(0.7516735145205405):A100,37.20,[100.00,24.83,42.48]	20(0.41211891409595763):A100,39.90,[100.00,34.56,44.93]	25(0.6067832419226961):A100,40.10,[100.00,33.49,18.41]	30(0.8664690492289784):A100,36.50,[100.00,13.35,01.78]	35(0.40441330156502364):A100,42.80,[100.00,26.78,34.38]	40(0.9990704254810282):A100,37.00,[100.00,00.09,00.09]	45(0.8808480504185898):A100,37.10,[100.00,00.37,02.42]	
0(0.40901704945393125):A100,36.90,[100.00,39.85,53.08]	5(0.34078087844837907):B000,38.50,[100.00,97.72,39.11]	10(0.49979458783286274):A100,37.80,[100.00,23.78,63.69]	15(0.7516735145205405):A100,37.70,[100.00,24.83,42.48]	20(0.41211891409595763):A100,40.40,[100.00,34.56,44.93]	25(0.6067832419226961):A100,40.60,[100.00,33.49,18.41]	30(0.8664690492289784):A100,37.00,[100.00,13.35,01.78]	35(0.40441330156502364):A100,43.30,[100.00,26.78,34.38]	40(0.9990704254810282):A100,37.50,[100.00,00.09,00.09]	45(0.8808480504185898):A100,37.60,[100.00,00.37,02.42]	
0(0.40901704945393125):A100,37.40,[100.00,39.85,53.08]	5(0.34078087844837907):A100,39.00,[100.00,97.72,39.11]	10(0.49979458783286274):A100,38.30,[100.00,23.78,63.69]	15(0.7516735145205405):A100,38.20,[100.00,24.83,42.48]	20(0.41211891409595763):A100,40.90,[100.00,34.56,44.93]	25(0.6067832419226961):A100,41.10,[100.00,33.49,18.41]	30(0.8664690492289784):A100,37.50,[100.00,13.35,01.78]	35(0.40441330156502364):A100,43.80,[100.00,26.78,34.38]	40(0.9990704254810282):A100,38.00,[100.00,00.09,00.09]	45(0.8808480504185898):A100,38.10,[100.00,00.37,02.42]	
0(0.40901704945393125):A100,37.90,[100.00,39.85,53.08]	5(0.34078087844837907):B220,40.10,[100.00,139.39,39.11]	10(0.49979458783286274):A100,38.80,[100.00,23.78,63.69]	15(0.7516735145205405):A100,38.70,[100.00,24.83,42.48]	20(0.41211891409595763):A100,41.40,[100.00,34.56,44.93]	25(0.6067832419226961):A100,41.60,[100.00,33.49,18.41]	30(0.8664690492289784):A100,38.00,[100.00,13.35,01.78]	35(0.40441330156502364):A100,44.30,[100.00,26.78,34.38]	40(0.9990704254810282):A100,38.50,[100.00,00.09,00.09]	45(0.8808480504185898):A100,38.60,[100.00,00.37,02.42]	
0(0.40901704945393125):C000,37.90,[100.00,39.85,31.37]	5(0.34078087844837907):B220,41.20,[100.00,166.86,39.11]	10(0.49979458783286274):A100,39.30,[100.00,23.78,63.69]	15(0.7516735145205405):A100,39.20,[100.00,24.83,42.48]	20(0.41211891409595763):A100,41.90,[100.00,34.56,44.93]	25(0.6067832419226961):A100,42.10,[100.00,33.49,18.41]	30(0.8664690492289784):A100,38.50,[100.00,13.35,01.78]	35(0.40441330156502364):A100,44.80,[100.00,26.78,34.38]	40(0.9990704254810282):A100,39.00,[100.00,00.09,00.09]	45(0.8808480504185898):A100,39.10,[100.00,00.37,02.42]	
0(0.40901704945393125):A100,38.40,[100.00,39.85,31.37]	5(0.34078087844837907):B000,41.20,[100.00,110.00,39.11]	10(0.49979458783286274):A100,39.80,[100.00,23.78,63.69]	15(0.7516735145205405):A100,39.70,[100.00,24.83,42.48]	20(0.41211891409595763):A100,42.40,[100.00,34.56,44.93]	25(0.6067832419226961):A100,42.60,[100.00,33.49,18.41]	30(0.8664690492289784):A100,39.00,[100.00,13.35,01.78]	35(0.40441330156502364):A100,45.30,[100.00,26.78,34.38]	40(0.9990704254810282):A100,39.50,[100.00,00.09,00.09]	45(0.8808480504185898):A100,39.60,[100.00,00.37,02.42]	
0(0.40901704945393125):A100,38.90,[100.00,39.85,31.37]	5(0.34078087844837907):B000,41.20,[100.00,72.51,39.11]	10(0.49979458783286274):A100,40.30,[100.00,23.78,63.69]	15(0.7516735145205405):A100,40.20,[100.00,24.83,42.48]	20(0.41211891409595763):A100,42.90,[100.00,34.56,44.93]	25(0.6067832419226961):A100,43.10,[100.00,33.49,18.41]	30(0.8664690492289784):A100,39.50,[100.00,13.35,01.78]	35(0.40441330156502364):A100,45.80,[100.00,26.78,34.38]	40(0.9990704254810282):A100,40.00,[100.00,00.09,00.09]	45(0.8808480504185898):A100,40.10,[100.00,00.37,02.42]	
0(0.40901704945393125):A100,39.40,[100.00,39.85,31.37]	5(0.34078087844837907):A100,41.70,[100.00,72.51,39.11]	10(0.49979458783286274):A100,40.80,[100.00,23.78,63.69]	15(0.7516735145205405):A100,40.70,[100.00,24.83,42.48]	20(0.41211891409595763):A100,43.40,[100.00,34.56,44.93]	25(0.6067832419226961):A100,43.60,[100.00,33.49,18.41]	30(0.8664690492289784):A100,40.00,[100.00,13.35,01.78]	35(0.40441330156502364):A100,46.30,[100.00,26.78,34.38]	40(0.9990704254810282):A100,40.50,[100.00,00.09,00.09]	45(0.8808480504185898):A100,40.60,[100.00,00.37,02.42]	
0(0.40901704945393125):A100,39.90,[100.00,39.85,31.37]	5(0.34078087844837907):A100,42.20,[100.00,72.51,39.11]	10(0.49979458783286274):A100,41.30,[100.00,23.78,63.69]	15(0.7516735145205405):C000,40.70,[100.00,24.83,10.55]	20(0.41211891409595763):C180,44.30,[100.00,34.56,100.60]	25(0.6067832419226961):A100,44.10,[100.00,33.49,18.41]	30(0.8664690492289784):A100,40.50,[100.00,13.35,01.78]	35(0.40441330156502364):A100,46.80,[100.00,26.78,34.38]	40(0.9990704254810282):A100,41.00,[100.00,00.09,00.09]	45(0.8808480504185898):A100,41.10,[100.00,00.37,02.42]	
0(0.40901704945393125):A100,40.40,[100.00,39.85,31.37]	5(0.34078087844837907):B220,43.30,[100.00,122.77,39.11]	10(0.49979458783286274):A100,41.80,[100.00,23.78,63.69]	15(0.7516735145205405):A100,41.20,[100.00,24.83,10.55]	20(0.41211891409595763):A100,44.80,[100.00,34.56,100.60]	25(0.6067832419226961):A100,44.60,[100.00,33.49,18.41]	30(0.8664690492289784):A100,41.00,[100.00,13.35,01.78]	35(0.40441330156502364):A100,47.30,[100.00,26.78,34.38]	40(0.9990704254810282):A100,41.50,[100.00,00.09,00.09]	45(0.8808480504185898):A100,41.60,[100.00,00.37,02.42]	
0(0.40901704945393125):A100,40.90,[100.00,39.85,31.37]	5(0.34078087844837907):A100,43.80,[100.00,122.77,39.11]	10(0.49979458783286274):C000,41.80,[100.00,23.78,31.86]	15(0.7516735145205405):A100,41.70,[100.00,24.83,10.55]	20(0.41211891409595763):A100,45.30,[100.00,34.56,100.60]	25(0.6067832419226961):A100,45.10,[100.00,33.49,18.41]	30(0.8664690492289784):A100,41.50,[100.00,13.35,01.78]	35(0.40441330156502364):A100,47.80,[100.00,26.78,34.38]	40(0.9990704254810282):A100,42.00,[100.00,00.09,00.09]	45(0.8808480504185898):A100,42.10,[100.00,00.37,02.42]	
0(0.40901704945393125):A100,41.40,[100.00,39.85,31.37]	5(0.34078087844837907):A100,44.30,[100.00,122.77,39.11]	10(0.49979458783286274):A100,42.30,[100.00,23.78,31.86]	15(0.7516735145205405):A100,42.20,[100.00,24.83,10.55]	20(0.41211891409595763):C180,46.20,[100.00,34.56,133.32]	25(0.6067832419226961):A100,45.60,[100.00,33.49,18.41]	30(0.8664690492289784):A100,42.00,[100.00,13.35,01.78]	35(0.40441330156502364):A100,48.30,[100.00,26.78,34.38]	40(0.9990704254810282):A100,42.50,[100.00,00.09,00.09]	45(0.8808480504185898):A100,42.60,[100.00,00.37,02.42]	
0(0.40901704945393125):A100,41.90,[100.00,39.85,31.37]	5(0.34078087844837907):B220,45.40,[100.00,155.91,39.11]	10(0.49979458783286274):A100,42.80,[100.00,23.78,31.86]	15(0.7516735145205405):A100,42.70,[100.00,24.83,10.55]	20(0.41211891409595763):C000,46.20,[100.00,34.56,78.38]	25(0.6067832419226961):A100,46.10,[100.00,33.49,18.41]	30(0.8664690492289784):A100,42.50,[100.00,13.35,01.78]	35(0.40441330156502364):A100,48.80,[100.00,26.78,34.38]	40(0.9990704254810282):A100,43.00,[100.00,00.09,00.09]	45(0.8808480504185898):A100,43.10,[100.00,00.37,02.42]	
0(0.40901704945393125):A100,42.40,[100.00,39.85,31.37]	5(0.34078087844837907):A100,45.90,[100.00,155.91,39.11]	10(0.49979458783286274):A100,43.30,[100.00,23.78,31.86]	15(0.7516735145205405):A100,43.20,[100.00,24.83,10.55]	20(0.41211891409595763):C000,46.20,[100.00,34.56,46.08]	25(0.6067832419226961):C180,47.00,[100.00,33.49,116.46]	30(0.8664690492289784):A100,43.00,[100.00,13.35,01.78]	35(0.40441330156502364):A100,49.30,[100.00,26.78,34.38]	40(0.9990704254810282):A100,43.50,[100.00,00.09,00.09]	45(0.8808480504185898):A100,43.60,[100.00,00.37,02.42]	
0(0.40901704945393125):A100,42.90,[100.00,39.85,31.37]	5(0.34078087844837907):A100,46.40,[100.00,155.91,39.11]	10(0.49979458783286274):A100,43.80,[100.00,23.78,31.86]	15(0.7516735145205405):A100,43.70,[100.00,24.83,10.55]	20(0.41211891409595763):A100,46.70,[100.00,34.56,46.08]	25(0.6067832419226961):C180,47.90,[100.00,33.49,155.02]	30(0.8664690492289784):A100,43.50,[100.00,13.35,01.78]	35(0.40441330156502364):A100,49.80,[100.00,26.78,34.38]	40(0.9990704254810282):A100,44.00,[100.00,00.09,00.09]	45(0.8808480504185898):A100,44.10,[100.00,00.37,02.42]	
0(0.40901704945393125):A100,43.40,[100.00,39.85,31.37]	5(0.34078087844837907):B000,46.40,[100.00,102.78,39.11]	10(0.49979458783286274):A100,44.30,[100.00,23.78,31.86]	15(0.7516735145205405):A100,44.20,[100.00,24.83,10.55]	20(0.41211891409595763):A100,47.20,[100.00,34.56,46.08]	25(0.6067832419226961):A100,48.40,[100.00,33.49,155.02]	30(0.8664690492289784):A100,44.00,[100.00,13.35,01.78]	35(0.40441330156502364):A100,50.30,[100.00,26.78,34.38]	40(0.9990704254810282):A100,44.50,[100.00,00.09,00.09]	45(0.8808480504185898):A100,44.60,[100.00,00.37,02.42]	
0(0.40901704945393125):A100,43.90,[100.00,39.85,31.37]	5(0.34078087844837907):B000,46.40,[100.00,67.75,39.11]	10(0.49979458783286274):C180,45.20,[100.00,23.78,105.90]	15(0.7516735145205405):A100,44.70,[100.00,24.83,10.55]	20(0.41211891409595763):A100,47.70,[100.00,34.56,46.08]	25(0.6067832419226961):C000,48.40,[100.00,33.49,60.95]	30(0.8664690492289784):A100,44.50,[100.00,13.35,01.78]	35(0.40441330156502364):A100,50.80,[100.00,26.78,34.38]	40(0.9990704254810282):A100,45.00,[100.00,00.09,00.09]	45(0.8808480504185898):A100,45.10,[100.00,00.37,02.42]	
0(0.40901704945393125):A100,44.40,[100.00,39.85,31.37]	5(0.34078087844837907):B000,46.40,[100.00,44.66,39.11]	10(0.49979458783286274):A100,45.70,[100.00,23.78,105.90]	15(0.7516735145205405):A100,45.20,[100.00,24.83,10.55]	20(0.41211891409595763):A100,48.20,[100.00,34.56,46.08]	25(0.6067832419226961):A100,48.90,[100.00,33.49,60.95]	30(0.8664690492289784):A100,45.00,[100.00,13.35,01.78]	35(0.40441330156502364):A100,51.30,[100.00,26.78,34.38]	40(0.9990704254810282):A100,45.50,[100.00,00.09,00.09]	45(0.8808480504185898):A100,45.60,[100.00,00.37,02.42]	
0(0.40901704945393125):A100,44.90,[100.00,39.85,31.37]	5(0.34078087844837907):A100,46.90,[100.00,44.66,39.11]	10(0.49979458783286274):C000,45.70,[100.00,23.78,52.97]	15(0.7516735145205405):A100,45.70,[100.00,24.83,10.55]	20(0.41211891409595763):A100,48.70,[100.00,34.56,46.08]	25(0.6067832419226961):C000,48.90,[100.00,33.49,23.97]	30(0.8664690492289784):A100,45.50,[100.00,13.35,01.78]	35(0.40441330156502364):A100,51.80,[100.00,26.78,34.38]	40(0.9990704254810282):A100,46.00,[100.00,00.09,00.09]	45(0.8808480504185898):A100,46.10,[100.00,00.37,02.42]	
0(0.40901704945393125):A100,45.40,[100.00,39.85,31.37]	5(0.34078087844837907):A100,47.40,[100.00,44.66,39.11]	10(0.49979458783286274):A100,46.20,[100.00,23.78,52.97]	15(0.7516735145205405):A100,46.20,[100.00,24.83,10.55]	20(0.41211891409595763):A100,49.20,[100.00,34.56,46.08]	25(0.6067832419226961):A100,49.40,[100.00,33.49,23.97]	30(0.8664690492289784):A100,46.00,[100.00,13.35,01.78]	35(0.40441330156502364):A100,52.30,[100.00,26.78,34.38]	40(0.9990704254810282):A100,46.50,[100.00,00.09,00.09]	45(0.8808480504185898):A100,46.60,[100.00,00.37,02.42]	
0(0.40901704945393125):A100,45.90,[100.00,39.85,31.37]	5(0.34078087844837907):A100,47.90,[100.00,44.66,39.11]	10(0.49979458783286274):A100,46.70,[100.00,23.78,52.97]	15(0.7516735145205405):A100,46.70,[100.00,24.83,10.55]	20(0.41211891409595763):A100,49.70,[100.00,34.56,46.08]	25(0.6067832419226961):A100,49.90,[100.00,33.49,23.97]	30(0.8664690492289784):A100,46.50,[100.00,13.35,01.78]	35(0.40441330156502364):A100,52.80,[100.00,26.78,34.38]	40(0.9990704254810282):A100,47.00,[100.00,00.09,00.09]	45(0.8808480504185898):A100,47.10,[100.00,00.37,02.42]	
0(0.40901704945393125):A100,46.40,[100.00,39.85,31.37]	5(0.34078087844837907):A100,48.40,[100.00,44.66,39.11]	10(0.49979458783286274):A100,47.20,[100.00,23.78,52.97]	15(0.7516735145205405):A100,47.20,[100.00,24.83,10.55]	20(0.41211891409595763):A100,50.20,[100.00,34.56,46.08]	25(0.6067832419226961):A100,50.40,[100.00,33.49,23.97]	30(0.8664690492289784):A100,47.00,[100.00,13.35,01.78]	35(0.40441330156502364):A100,53.30,[100.00,26.78,34.38]	40(0.9990704254810282):A100,47.50,[100.00,00.09,00.09]	45(0.8808480504185898):A100,47.60,[100.00,00.37,02.42]	
0(0.40901704945393125):A100,46.90,[100.00,39.85,31.37]	5(0.34078087844837907):A100,48.90,[100.00,44.66,39.11]	10(0.49979458783286274):A100,47.70,[100.00,23.78,52.97]	15(0.7516735145205405):A100,47.70,[100.00,24.83,10.55]	20(0.41211891409595763):A100,50.70,[100.00,34.56,46.08]	25(0.6067832419226961):B000,50.40,[100.00,13.17,23.97]	30(0.8664690492289784):A100,47.50,[100.00,13.35,01.78]	35(0.40441330156502364):A100,53.80,[100.00,26.78,34.38]	40(0.9990704254810282):A100,48.00,[100.00,00.09,00.09]	45(0.8808480504185898):A100,48.10,[100.00,00.37,02.42]	
0(0.40901704945393125):A100,47.40,[100.00,39.85,31.37]	5(0.34078087844837907):A100,49.40,[100.00,44.66,39.11]	10(0.49979458783286274):A100,48.20,[100.00,23.78,52.97]	15(0.7516735145205405):A100,48.20,[100.00,24.83,10.55]	20(0.41211891409595763):A100,51.20,[100.00,34.56,46.08]	25(0.6067832419226961):A100,50.90,[100.00,13.17,23.97]	30(0.8664690492289784):A100,48.00,[100.00,13.35,01.78]	35(0.40441330156502364):A100,54.30,[100.00,26.78,34.38]	40(0.9990704254810282):A100,48.50,[100.00,00.09,00.09]	45(0.8808480504185898):A100,48.60,[100.00,00.37,02.42]	
0(0.40901704945393125):A100,47.90,[100.00,39.85,31.37]	5(0.34078087844837907):A100,49.90,[100.00,44.66,39.11]	10(0.49979458783286274):A100,48.70,[100.00,23.78,52.97]	15(0.7516735145205405):A100,48.70,[100.00,24.83,10.55]	20(0.41211891409595763):A100,51.70,[100.00,34.56,46.08]	25(0.6067832419226961):A100,51.40,[100.00,13.17,23.97]	30(0.8664690492289784):A100,48.50,[100.00,13.35,01.78]	35(0.40441330156502364):A100,54.80,[100.00,26.78,34.38]	40(0.9990704254810282):A100,49.00,[100.00,00.09,00.09]	45(0.8808480504185898):A100,49.10,[100.00,00.37,02.42]	
0(0.40901704945393125):A100,48.40,[100.00,39.85,31.37]	5(0.34078087844837907):A100,50.40,[100.00,44.66,39.11]	10(0.49979458783286274):A100,49.20,[100.00,23.78,52.97]	15(0.7516735145205405):A100,49.20,[100.00,24.83,10.55]	20(0.41211891409595763):B220,52.80,[100.00,110.98,46.08]	25(0.6067832419226961):A100,51.90,[100.00,13.17,23.97]	30(0.8664690492289784):A100,49.00,[100.00,13.35,01.78]	35(0.40441330156502364):A100,55.30,[100.00,26.78,34.38]	40(0.9990704254810282):A100,49.50,[100.00,00.09,00.09]	45(0.8808480504185898):A100,49.60,[100.00,00.37,02.42]	
0(0.40901704945393125):A100,48.90,[100.00,39.85,31.37]	5(0.34078087844837907):A100,50.90,[100.00,44.66,39.11]	10(0.49979458783286274):A100,49.70,[100.00,23.78,52.97]	15(0.7516735145205405):A100,49.70,[100.00,24.83,10.55]	20(0.41211891409595763):A100,53.30,[100.00,110.98,46.08]	25(0.6067832419226961):A100,52.40,[100.00,13.17,23.97]	30(0.8664690492289784):A100,49.50,[100.00,13.35,01.78]	35(0.40441330156502364):A100,55.80,[100.00,26.78,34.38]	40(0.9990704254810282):A100,50.00,[100.00,00.09,00.09]	45(0.8808480504185898):A100,50.10,[100.00,00.37,02.42]	
0(0.40901704945393125):B220,50.00,[100.00,113.54,31.37]	5(0.34078087844837907):A100,51.40,[100.00,44.66,39.11]	10(0.49979458783286274):A100,50.20,[100.00,23.78,52.97]	15(0.7516735145205405):A100,50.20,[100.00,24.83,10.55]	20(0.41211891409595763):B000,53.30,[100.00,65.25,46.08]	25(0.6067832419226961):A100,52.90,[100.00,13.17,23.97]	30(0.8664690492289784):A100,50.00,[100.00,13.35,01.78]	35(0.40441330156502364):A100,56.30,[100.00,26.78,34.38]	40(0.9990704254810282):A100,50.50,[100.00,00.09,00.09]	45(0.8808480504185898):A100,50.60,[100.00,00.37,02.42]	
0(0.40901704945393125):B000,50.00,[100.00,67.10,31.37]	5(0.34078087844837907):A100,51.90,[100.00,44.66,39.11]	10(0.49979458783286274):A100,50.70,[100.00,23.78,52.97]	15(0.7516735145205405):A100,50.70,[100.00,24.83,10.55]	20(0.41211891409595763):B220,54.40,[100.00,129.02,46.08]	25(0.6067832419226961):A100,53.40,[100.00,13.17,23.97]	30(0.8664690492289784):A100,50.50,[100.00,13.35,01.78]	35(0.40441330156502364):A100,56.80,[100.00,26.78,34.38]	40(0.9990704254810282):A100,51.00,[100.00,00.09,00.09]	45(0.8808480504185898):A100,51.10,[100.00,00.37,02.42]	
0(0.40901704945393125):A100,50.50,[100.00,67.10,31.37]	5(0.34078087844837907):A100,52.40,[100.00,44.66,39.11]	10(0.49979458783286274):A100,51.20,[100.00,23.78,52.97]	15(0.7516735145205405):B000,50.70,[100.00,06.17,10.55]	20(0.41211891409595763):B220,55.50,[100.00,166.52,46.08]	25(0.6067832419226961):A100,53.90,[100.00,13.17,23.97]	30(0.8664690492289784):C000,50.50,[100.00,13.35,00.24]	35(0.40441330156502364):A100,57.30,[100.00,26.78,34.38]	40(0.9990704254810282):A100,51.50,[100.00,00.09,00.09]	45(0.8808480504185898):A100,51.60,[100.00,00.37,02.42]	
0(0.40901704945393125):A100,51.00,[100.00,67.10,31.37]	5(0.34078087844837907):A100,52.90,[100.00,44.66,39.11]	10(0.49979458783286274):A100,51.70,[100.00,23.78,52.97]	15(0.7516735145205405):A100,51.20,[100.00,06.17,10.55]	20(0.41211891409595763):B000,55.50,[100.00,97.89,46.08]	25(0.6067832419226961):C180,54.80,[100.00,13.17,118.65]	30(0.8664690492289784):A100,51.00,[100.00,13.35,00.24]	35(0.40441330156502364):A100,57.80,[100.00,26.78,34.38]	40(0.9990704254810282):A100,52.00,[100.00,00.09,00.09]	45(0.8808480504185898):A100,52.10,[100.00,00.37,02.42]	
0(0.40901704945393125):A100,51.50,[100.00,67.10,31.37]	5(0.34078087844837907):A100,53.40,[100.00,44.66,39.11]	10(0.49979458783286274):A100,52.20,[100.00,23.78,52.97]	15(0.7516735145205405):C000,51.20,[100.00,06.17,02.62]	20(0.41211891409595763):A100,56.00,[100.00,97.89,46.08]	25(0.6067832419226961):C180,55.70,[100.00,13.17,155.87]	30(0.8664690492289784):A100,51.50,[100.00,13.35,00.24]	35(0.40441330156502364):A100,58.30,[100.00,26.78,34.38]	40(0.9990704254810282):A100,52.50,[100.00,00.09,00.09]	45(0.8808480504185898):A100,52.60,[100.00,00.37,02.42]	
0(0.40901704945393125):A100,52.00,[100.00,67.10,31.37]	5(0.34078087844837907):A100,53.90,[100.00,44.66,39.11]	10(0.49979458783286274):A100,52.70,[100.00,23.78,52.97]	15(0.7516735145205405):A100,51.70,[100.00,06.17,02.62]	20(0.41211891409595763):B220,57.10,[100.00,148.21,46.08]	25(0.6067832419226961):C180,56.60,[100.00,13.17,170.51]	30(0.8664690492289784):A100,52.00,[100.00,13.35,00.24]	35(0.40441330156502364):A100,58.80,[100.00,26.78,34.38]	40(0.9990704254810282):A100,53.00,[100.00,00.09,00.09]	45(0.8808480504185898):A100,53.10,[100.00,00.37,02.42]	
0(0.40901704945393125):A100,52.50,[100.00,67.10,31.37]	5(0.34078087844837907):C000,53.90,[100.00,44.66,25.78]	10(0.49979458783286274):A100,53.20,[100.00,23.78,52.97]	15(0.7516735145205405):A100,52.20,[100.00,06.17,02.62]	20(0.41211891409595763):B000,57.10,[100.00,87.13,46.08]	25(0.6067832419226961):C180,57.50,[100.00,13.17,176.27]	30(0.8664690492289784):A100,52.50,[100.00,13.35,00.24]	35(0.40441330156502364):A100,59.30,[100.00,26.78,34.38]	40(0.9990704254810282):A100,53.50,[100.00,00.09,00.09]	45(0.8808480504185898):A100,53.60,[100.00,00.37,02.42]	
0(0.40901704945393125):A100,53.00,[100.00,67.10,31.37]	5(0.34078087844837907):A100,54.40,[100.00,44.66,25.78]	10(0.49979458783286274):A100,53.70,[100.00,23.78,52.97]	15(0.7516735145205405):A100,52.70,[100.00,06.17,02.62]	20(0.41211891409595763):A100,57.60,[100.00,87.13,46.08]	25(0.6067832419226961):C180,58.40,[100.00,13.17,178.53]	30(0.8664690492289784):A100,53.00,[100.00,13.35,00.24]	35(0.40441330156502364):A100,59.80,[100.00,26.78,34.38]	40(0.9990704254810282):A100,54.00,[100.00,00.09,00.09]	45(0.8808480504185898):B000,53.60,[100.00,00.04,02.42]	
0(0.40901704945393125):B000,53.00,[100.00,39.65,31.37]	5(0.34078087844837907):A100,54.90,[100.00,44.66,25.78]	10(0.49979458783286274):A100,54.20,[100.00,23.78,52.97]	15(0.7516735145205405):A100,53.20,[100.00,06.17,02.62]	20(0.41211891409595763):A100,58.10,[100.00,87.13,46.08]	25(0.6067832419226961):C180,59.30,[100.00,13.17,179.42]	30(0.8664690492289784):A100,53.50,[100.00,13.35,00.24]	35(0.40441330156502364):A100,60.30,[100.00,26.78,34.38]	40(0.9990704254810282):A100,54.50,[100.00,00.09,00.09]	45(0.8808480504185898):A100,54.10,[100.00,00.04,02.42]	
0(0.40901704945393125):A100,53.50,[100.00,39.65,31.37]	5(0.34078087844837907):A100,55.40,[100.00,44.66,25.78]	10(0.49979458783286274):A100,54.70,[100.00,23.78,52.97]	15(0.7516735145205405):A100,53.70,[100.00,06.17,02.62]	20(0.41211891409595763):A100,58.60,[100.00,87.13,46.08]	25(0.6067832419226961):C180,60.20,[100.00,13.17,179.77]	30(0.8664690492289784):A100,54.00,[100.00,13.35,00.24]	35(0.40441330156502364):A100,60.80,[100.00,26.78,34.38]	40(0.9990704254810282):A100,55.00,[100.00,00.09,00.09]	45(0.8808480504185898):A100,54.60,[100.00,00.04,02.42]	
0(0.40901704945393125):A100,54.00,[100.00,39.65,31.37]	5(0.34078087844837907):A100,55.90,[100.00,44.66,25.78]	10(0.49979458783286274):A100,55.20,[100.00,23.78,52.97]	15(0.7516735145205405):A100,54.20,[100.00,06.17,02.62]	20(0.41211891409595763):A100,59.10,[100.00,87.13,46.08]	25(0.6067832419226961):C180,61.10,[100.00,13.17,179.91]	30(0.8664690492289784):A100,54.50,[100.00,13.35,00.24]	35(0.40441330156502364):A100,61.30,[100.00,26.78,34.38]	40(0.9990704254810282):A100,55.50,[100.00,00.09,00.09]	45(0.8808480504185898):A100,55.10,[100.00,00.04,02.42]	
0(0.40901704945393125):B000,54.00,[100.00,23.43,31.37]	5(0.34078087844837907):C180,56.80,[100.00,44.66,78.33]	10(0.49979458783286274):A100,55.70,[100.00,23.78,52.97]	15(0.7516735145205405):A100,54.70,[100.00,06.17,02.62]	20(0.41211891409595763):B000,59.10,[100.00,51.22,46.08]	25(0.6067832419226961):B000,61.10,[100.00,05.18,179.91]	30(0.8664690492289784):A100,55.00,[100.00,13.35,00.24]	35(0.40441330156502364):A100,61.80,[100.00,26.78,34.38]	40(0.9990704254810282):A100,56.00,[100.00,00.09,00.09]	45(0.8808480504185898):A100,55.60,[100.00,00.04,02.42]	
0(0.40901704945393125):A100,54.50,[100.00,23.43,31.37]	5(0.34078087844837907):C180,57.70,[100.00,44.66,112.98]	10(0.49979458783286274):A100,56.20,[100.00,23.78,52.97]	15(0.7516735145205405):A100,55.20,[100.00,06.17,02.62]	20(0.41211891409595763):A100,59.60,[100.00,51.22,46.08]	25(0.6067832419226961):C000,61.10,[100.00,05.18,70.74]	30(0.8664690492289784):A100,55.50,[100.00,13.35,00.24]	35(0.40441330156502364):A100,62.30,[100.00,26.78,34.38]	40(0.9990704254810282):A100,56.50,[100.00,00.09,00.09]	45(0.8808480504185898):A100,56.10,[100.00,00.04,02.42]	
0(0.40901704945393125):A100,55.00,[100.00,23.43,31.37]	5(0.34078087844837907):C000,57.70,[100.00,44.66,74.48]	10(0.49979458783286274):A100,56.70,[100.00,23.78,52.97]	15(0.7516735145205405):A100,55.70,[100.00,06.17,02.62]	20(0.41211891409595763):A100,60.10,[100.00,51.22,46.08]	25(0.6067832419226961):A100,61.60,[100.00,05.18,70.74]	30(0.8664690492289784):A100,56.00,[100.00,13.35,00.24]	35(0.40441330156502364):A100,62.80,[100.00,26.78,34.38]	40(0.9990704254810282):A100,57.00,[100.00,00.09,00.09]	45(0.8808480504185898):A100,56.60,[100.00,00.04,02.42]	
0(0.40901704945393125):A100,55.50,[100.00,23.43,31.37]	5(0.34078087844837907):A100,58.20,[100.00,44.66,74.48]	10(0.49979458783286274):A100,57.20,[100.00,23.78,52.97]	15(0.7516735145205405):A100,56.20,[100.00,06.17,02.62]	20(0.41211891409595763):A100,60.60,[100.00,51.22,46.08]	25(0.6067832419226961):A100,62.10,[100.00,05.18,70.74]	30(0.8664690492289784):A100,56.50,[100.00,13.35,00.24]	35(0.40441330156502364):A100,63.30,[100.00,26.78,34.38]	40(0.9990704254810282):A100,57.50,[100.00,00.09,00.09]	45(0.8808480504185898):A100,57.10,[100.00,00.04,02.42]	
0(0.40901704945393125):A100,56.00,[100.00,23.43,31.37]	5(0.34078087844837907):A100,58.70,[100.00,44.66,74.48]	10(0.49979458783286274):A100,57.70,[100.00,23.78,52.97]	15(0.7516735145205405):A100,56.70,[100.00,06.17,02.62]	20(0.41211891409595763):B220,61.70,[100.00,120.78,46.08]	25(0.6067832419226961):A100,62.60,[100.00,05.18,70.74]	30(0.8664690492289784):A100,57.00,[100.00,13.35,00.24]	35(0.40441330156502364):A100,63.80,[100.00,26.78,34.38]	40(0.9990704254810282):A100,58.00,[100.00,00.09,00.09]	45(0.8808480504185898):A100,57.60,[100.00,00.04,02.42]	
0(0.40901704945393125):A100,56.50,[100.00,23.43,31.37]	5(0.34078087844837907):A100,59.20,[100.00,44.66,74.48]	10(0.49979458783286274):A100,58.20,[100.00,23.78,52.97]	15(0.7516735145205405):A100,57.20,[100.00,06.17,02.62]	20(0.41211891409595763):B000,61.70,[100.00,71.00,46.08]	25(0.6067832419226961):A100,63.10,[100.00,05.18,70.74]	30(0.8664690492289784):C000,57.00,[100.00,13.35,00.03]	35(0.40441330156502364):A100,64.30,[100.00,26.78,34.38]	40(0.9990704254810282):A100,58.50,[100.00,00.09,00.09]	45(0.8808480504185898):A100,58.10,[100.00,00.04,02.42]	
0(0.40901704945393125):A100,57.00,[100.00,23.43,31.37]	5(0.34078087844837907):C180,60.10,[100.00,44.66,110.44]	10(0.49979458783286274):A100,58.70,[100.00,23.78,52.97]	15(0.7516735145205405):A100,57.70,[100.00,06.17,02.62]	20(0.41211891409595763):A100,62.20,[100.00,71.00,46.08]	25(0.6067832419226961):C000,63.10,[100.00,05.18,27.82]	30(0.8664690492289784):A100,57.50,[100.00,13.35,00.03]	35(0.40441330156502364):A100,64.80,[100.00,26.78,34.38]	40(0.9990704254810282):A100,59.00,[100.00,00.09,00.09]	45(0.8808480504185898):A100,58.60,[100.00,00.04,02.42]	
0(0.40901704945393125):A100,57.50,[100.00,23.43,31.37]	5(0.34078087844837907):C180,61.00,[100.00,44.66,134.14]	10(0.49979458783286274):A100,59.20,[100.00,23.78,52.97]	15(0.7516735145205405):A100,58.20,[100.00,06.17,02.62]	20(0.41211891409595763):C180,63.10,[100.00,71.00,101.27]	25(0.6067832419226961):C000,63.10,[100.00,05.18,10.94]	30(0.8664690492289784):A100,58.00,[100.00,13.35,00.03]	35(0.40441330156502364):A100,65.30,[100.00,26.78,34.38]	40(0.9990704254810282):A100,59.50,[100.00,00.09,00.09]	45(0.8808480504185898):A100,59.10,[100.00,00.04,02.42]	
0(0.40901704945393125):A100,58.00,[100.00,23.43,31.37]	5(0.34078087844837907):C180,61.90,[100.00,44.66,149.77]	10(0.49979458783286274):A100,59.70,[100.00,23.78,52.97]	15(0.7516735145205405):A100,58.70,[100.00,06.17,02.62]	20(0.41211891409595763):C000,63.10,[100.00,71.00,59.53]	25(0.6067832419226961):A100,63.60,[100.00,05.18,10.94]	30(0.8664690492289784):A100,58.50,[100.00,13.35,00.03]	35(0.40441330156502364):A100,65.80,[100.00,26.78,34.38]	40(0.9990704254810282):A100,60.00,[100.00,00.09,00.09]	45(0.8808480504185898):A100,59.60,[100.00,00.04,02.42]	
0(0.40901704945393125):A100,58.50,[100.00,23.43,31.37]	5(0.34078087844837907):C180,62.80,[100.00,44.66,160.07]	10(0.49979458783286274):A100,60.20,[100.00,23.78,52.97]	15(0.7516735145205405):A100,59.20,[100.00,06.17,02.62]	20(0.41211891409595763):B220,64.20,[100.00,132.41,59.53]	25(0.6067832419226961):A100,64.10,[100.00,05.18,10.94]	30(0.8664690492289784):A100,59.00,[100.00,13.35,00.03]	35(0.40441330156502364):A100,66.30,[100.00,26.78,34.38]	40(0.9990704254810282):A100,60.50,[100.00,00.09,00.09]	45(0.8808480504185898):A100,60.10,[100.00,00.04,02.42]	
0(0.40901704945393125):A100,59.00,[100.00,23.43,31.37]	5(0.34078087844837907):C180,63.70,[100.00,44.66,166.86]	10(0.49979458783286274):A100,60.70,[100.00,23.78,52.97]	15(0.7516735145205405):A100,59.70,[100.00,06.17,02.62]	20(0.41211891409595763):B220,65.30,[100.00,168.51,59.53]	25(0.6067832419226961):A100,64.60,[100.00,05.18,10.94]	30(0.8664690492289784):A100,59.50,[100.00,13.35,00.03]	35(0.40441330156502364):A100,66.80,[100.00,26.78,34.38]	40(0.9990704254810282):A100,61.00,[100.00,00.09,00.09]	45(0.8808480504185898):A100,60.60,[100.00,00.04,02.42]	
0(0.40901704945393125):A100,59.50,[100.00,23.43,31.37]	5(0.34078087844837907):C000,63.70,[100.00,44.66,110.00]	10(0.49979458783286274):A100,61.20,[100.00,23.78,52.97]	15(0.7516735145205405):A100,60.20,[100.00,06.17,02.62]	20(0.41211891409595763):B220,66.40,[100.00,189.73,59.53]	25(0.6067832419226961):A100,65.10,[100.00,05.18,10.94]	30(0.8664690492289784):A100,60.00,[100.00,13.35,00.03]	35(0.40441330156502364):A100,67.30,[100.00,26.78,34.38]	40(0.9990704254810282):A100,61.50,[100.00,00.09,00.09]	45(0.8808480504185898):A100,61.10,[100.00,00.04,02.42]	
0(0.40901704945393125):A100,60.00,[100.00,23.43,31.37]	5(0.34078087844837907):A100,64.20,[100.00,44.66,110.00]	10(0.49979458783286274):A100,61.70,[100.00,23.78,52.97]	15(0.7516735145205405):A100,60.70,[100.00,06.17,02.62]	20(0.41211891409595763):B000,66.40,[100.00,111.54,59.53]	25(0.6067832419226961):A100,65.60,[100.00,05.18,10.94]	30(0.8664690492289784):C000,60.00,[100.00,13.35,00.00]	35(0.40441330156502364):A100,67.80,[100.00,26.78,34.38]	40(0.9990704254810282):A100,62.00,[100.00,00.09,00.09]	45(0.8808480504185898):A100,61.60,[100.00,00.04,02.42]	
0(0.40901704945393125):A100,60.50,[100.00,23.43,31.37]	5(0.34078087844837907):A100,64.70,[100.00,44.66,110.00]	10(0.49979458783286274):A100,62.20,[100.00,23.78,52.97]	15(0.7516735145205405):A100,61.20,[100.00,06.17,02.62]	20(0.41211891409595763):A100,66.90,[100.00,111.54,59.53]	25(0.6067832419226961):A100,66.10,[100.00,05.18,10.94]	30(0.8664690492289784):A100,60.50,[100.00,13.35,00.00]	35(0.40441330156502364):A100,68.30,[100.00,26.78,34.38]	40(0.9990704254810282):A100,62.50,[100.00,00.09,00.09]	45(0.8808480504185898):A100,62.10,[100.00,00.04,02.42]	
0(0.40901704945393125):A100,61.00,[100.00,23.43,31.37]	5(0.34078087844837907):C180,65.60,[100.00,44.66,133.85]	10(0.49979458783286274):A100,62.70,[100.00,23.78,52.97]	15(0.7516735145205405):A100,61.70,[100.00,06.17,02.62]	20(0.41211891409595763):C180,67.80,[100.00,111.54,109.18]	25(0.6067832419226961):A100,66.60,[100.00,05.18,10.94]	30(0.8664690492289784):A100,61.00,[100.00,13.35,00.00]	35(0.40441330156502364):A100,68.80,[100.00,26.78,34.38]	40(0.9990704254810282):A100,63.00,[100.00,00.09,00.09]	45(0.8808480504185898):A100,62.60,[100.00,00.04,02.42]	
0(0.40901704945393125):A100,61.50,[100.00,23.43,31.37]	5(0.34078087844837907):C000,65.60,[100.00,44.66,88.24]	10(0.49979458783286274):A100,63.20,[100.00,23.78,52.97]	15(0.7516735145205405):A100,62.20,[100.00,06.17,02.62]	20(0.41211891409595763):C180,68.70,[100.00,111.54,138.37]	25(0.6067832419226961):A100,67.10,[100.00,05.18,10.94]	30(0.8664690492289784):A100,61.50,[100.00,13.35,00.00]	35(0.40441330156502364):A100,69.30,[100.00,26.78,34.38]	40(0.9990704254810282):A100,63.50,[100.00,00.09,00.09]	45(0.8808480504185898):A100,63.10,[100.00,00.04,02.42]	
0(0.40901704945393125):A100,62.00,[100.00,23.43,31.37]	5(0.34078087844837907):A100,66.10,[100.00,44.66,88.24]	10(0.49979458783286274):A100,63.70,[100.00,23.78,52.97]	15(0.7516735145205405):A100,62.70,[100.00,06.17,02.62]	20(0.41211891409595763):C180,69.60,[100.00,111.54,155.52]	25(0.6067832419226961):A100,67.60,[100.00,05.18,10.94]	30(0.8664690492289784):A100,62.00,[100.00,13.35,00.00]	35(0.40441330156502364):A100,69.80,[100.00,26.78,34.38]	40(0.9990704254810282):A100,64.00,[100.00,00.09,00.09]	45(0.8808480504185898):A100,63.60,[100.00,00.04,02.42]	
0(0.40901704945393125):A100,62.50,[100.00,23.43,31.37]	5(0.34078087844837907):A100,66.60,[100.00,44.66,88.24]	10(0.49979458783286274):A100,64.20,[100.00,23.78,52.97]	15(0.7516735145205405):A100,63.20,[100.00,06.17,02.62]	20(0.41211891409595763):C180,70.50,[100.00,111.54,165.61]	25(0.6067832419226961):A100,68.10,[100.00,05.18,10.94]	30(0.8664690492289784):A100,62.50,[100.00,13.35,00.00]	35(0.40441330156502364):A100,70.30,[100.00,26.78,34.38]	40(0.9990704254810282):A100,64.50,[100.00,00.09,00.09]	45(0.8808480504185898):A100,64.10,[100.00,00.04,02.42]	
0(0.40901704945393125):A100,63.00,[100.00,23.43,31.37]	5(0.34078087844837907):A100,67.10,[100.00,44.66,88.24]	10(0.49979458783286274):A100,64.70,[100.00,23.78,52.97]	15(0.7516735145205405):A100,63.70,[100.00,06.17,02.62]	20(0.41211891409595763):A100,71.00,[100.00,111.54,165.61]	25(0.6067832419226961):A100,68.60,[100.00,05.18,10.94]	30(0.8664690492289784):A100,63.00,[100.00,13.35,00.00]	35(0.40441330156502364):A100,70.80,[100.00,26.78,34.38]	40(0.9990704254810282):A100,65.00,[100.00,00.09,00.09]	45(0.8808480504185898):A100,64.60,[100.00,00.04,02.42]	
0(0.40901704945393125):A100,63.50,[100.00,23.43,31.37]	5(0.34078087844837907):A100,67.60,[100.00,44.66,88.24]	10(0.49979458783286274):A100,65.20,[100.00,23.78,52.97]	15(0.7516735145205405):A100,64.20,[100.00,06.17,02.62]	20(0.41211891409595763):C000,71.00,[100.00,111.54,97.36]	25(0.6067832419226961):A100,69.10,[100.00,05.18,10.94]	30(0.8664690492289784):A100,63.50,[100.00,13.35,00.00]	35(0.40441330156502364):A100,71.30,[100.00,26.78,34.38]	40(0.9990704254810282):A100,65.50,[100.00,00.09,00.09]	45(0.8808480504185898):A100,65.10,[100.00,00.04,02.42]	
0(0.40901704945393125):A100,64.00,[100.00,23.43,31.37]	5(0.34078087844837907):A100,68.10,[100.00,44.66,88.24]	10(0.49979458783286274):A100,65.70,[100.00,23.78,52.97]	15(0.7516735145205405):A100,64.70,[100.00,06.17,02.62]	20(0.41211891409595763):B000,71.00,[100.00,65.57,97.36]	25(0.6067832419226961):A100,69.60,[100.00,05.18,10.94]	30(0.8664690492289784):A100,64.00,[100.00,13.35,00.00]	35(0.40441330156502364):A100,71.80,[100.00,26.78,34.38]	40(0.9990704254810282):A100,66.00,[100.00,00.09,00.09]	45(0.8808480504185898):A100,65.60,[100.00,00.04,02.42]	
0(0.40901704945393125):A100,64.50,[100.00,23.43,31.37]	5(0.34078087844837907):A100,68.60,[100.00,44.66,88.24]	10(0.49979458783286274):A100,66.20,[100.00,23.78,52.97]	15(0.7516735145205405):A100,65.20,[100.00,06.17,02.62]	20(0.41211891409595763):A100,71.50,[100.00,65.57,97.36]	25(0.6067832419226961):A100,70.10,[100.00,05.18,10.94]	30(0.8664690492289784):A100,64.50,[100.00,13.35,00.00]	35(0.40441330156502364):A100,72.30,[100.00,26.78,34.38]	40(0.9990704254810282):A100,66.50,[100.00,00.09,00.09]	45(0.8808480504185898):A100,66.10,[100.00,00.04,02.42]	
0(0.40901704945393125):A100,65.00,[100.00,23.43,31.37]	5(0.34078087844837907):A100,69.10,[100.00,44.66,88.24]	10(0.49979458783286274):A100,66.70,[100.00,23.78,52.97]	15(0.7516735145205405):A100,65.70,[100.00,06.17,02.62]	20(0.41211891409595763):A100,72.00,[100.00,65.57,97.36]	25(0.6067832419226961):A100,70.60,[100.00,05.18,10.94]	30(0.8664690492289784):A100,65.00,[100.00,13.35,00.00]	35(0.40441330156502364):A100,72.80,[100.00,26.78,34.38]	40(0.9990704254810282):A100,67.00,[100.00,00.09,00.09]	45(0.8808480504185898):A100,66.60,[100.00,00.04,02.42]	
0(0.40901704945393125):A100,65.50,[100.00,23.43,31.37]	5(0.34078087844837907):C000,69.10,[100.00,44.66,58.17]	10(0.49979458783286274):A100,67.20,[100.00,23.78,52.97]	15(0.7516735145205405):A100,66.20,[100.00,06.17,02.62]	20(0.41211891409595763):A100,72.50,[100.00,65.57,97.36]	25(0.6067832419226961):A100,71.10,[100.00,05.18,10.94]	30(0.8664690492289784):A100,65.50,[100.00,13.35,00.00]	35(0.40441330156502364):A100,73.30,[100.00,26.78,34.38]	40(0.9990704254810282):A100,67.50,[100.00,00.09,00.09]	45(0.8808480504185898):A100,67.10,[100.00,00.04,02.42]	
0(0.40901704945393125):A100,66.00,[100.00,23.43,31.37]	5(0.34078087844837907):B220,70.20,[100.00,104.41,58.17]	10(0.49979458783286274):A100,67.70,[100.00,23.78,52.97]	15(0.7516735145205405):A100,66.70,[100.00,06.17,02.62]	20(0.41211891409595763):C180,73.40,[100.00,65.57,131.42]	25(0.6067832419226961):A100,71.60,[100.00,05.18,10.94]	30(0.8664690492289784):A100,66.00,[100.00,13.35,00.00]	35(0.40441330156502364):A100,73.80,[100.00,26.78,34.38]	40(0.9990704254810282):A100,68.00,[100.00,00.09,00.09]	45(0.8808480504185898):A100,67.60,[100.00,00.04,02.42]	
0(0.40901704945393125):A100,66.50,[100.00,23.43,31.37]	5(0.34078087844837907):A100,70.70,[100.00,104.41,58.17]	10(0.49979458783286274):A100,68.20,[100.00,23.78,52.97]	15(0.7516735145205405):A100,67.20,[100.00,06.17,02.62]	20(0.41211891409595763):C180,74.30,[100.00,65.57,151.44]	25(0.6067832419226961):A100,72.10,[100.00,05.18,10.94]	30(0.8664690492289784):A100,66.50,[100.00,13.35,00.00]	35(0.40441330156502364):A100,74.30,[100.00,26.78,34.38]	40(0.9990704254810282):A100,68.50,[100.00,00.09,00.09]	45(0.8808480504185898):A100,68.10,[100.00,00.04,02.42]	
0(0.40901704945393125):A100,67.00,[100.00,23.43,31.37]	5(0.34078087844837907):A100,71.20,[100.00,104.41,58.17]	10(0.49979458783286274):A100,68.70,[100.00,23.78,52.97]	15(0.7516735145205405):A100,67.70,[100.00,06.17,02.62]	20(0.41211891409595763):C000,74.30,[100.00,65.57,89.03]	25(0.6067832419226961):A100,72.60,[100.00,05.18,10.94]	30(0.8664690492289784):A100,67.00,[100.00,13.35,00.00]	35(0.40441330156502364):A100,74.80,[100.00,26.78,34.38]	40(0.9990704254810282):A100,69.00,[100.00,00.09,00.09]	45(0.8808480504185898):A100,68.60,[100.00,00.04,02.42]	
0(0.40901704945393125):A100,67.50,[100.00,23.43,31.37]	5(0.34078087844837907):B220,72.30,[100.00,143.80,58.17]	10(0.49979458783286274):A100,69.20,[100.00,23.78,52.97]	15(0.7516735145205405):A100,68.20,[100.00,06.17,02.62]	20(0.41211891409595763):A100,74.80,[100.00,65.57,89.03]	25(0.6067832419226961):A100,73.10,[100.00,05.18,10.94]	30(0.8664690492289784):A100,67.50,[100.00,13.35,00.00]	35(0.40441330156502364):A100,75.30,[100.00,26.78,34.38]	40(0.9990704254810282):A100,69.50,[100.00,00.09,00.09]	45(0.8808480504185898):A100,69.10,[100.00,00.04,02.42]	
0(0.40901704945393125):A100,68.00,[100.00,23.43,31.37]	5(0.34078087844837907):B000,72.30,[100.00,94.80,58.17]	10(0.49979458783286274):C180,70.10,[100.00,23.78,116.46]	15(0.7516735145205405):A100,68.70,[100.00,06.17,02.62]	20(0.41211891409595763):A100,75.30,[100.00,65.57,89.03]	25(0.6067832419226961):A100,73.60,[100.00,05.18,10.94]	30(0.8664690492289784):A100,68.00,[100.00,13.35,00.00]	35(0.40441330156502364):A100,75.80,[100.00,26.78,34.38]	40(0.9990704254810282):A100,70.00,[100.00,00.09,00.09]	45(0.8808480504185898):A100,69.60,[100.00,00.04,02.42]	
0(0.40901704945393125):A100,68.50,[100.00,23.43,31.37]	5(0.34078087844837907):B000,72.30,[100.00,62.49,58.17]	10(0.49979458783286274):C180,71.00,[100.00,23.78,148.22]	15(0.7516735145205405):A100,69.20,[100.00,06.17,02.62]	20(0.41211891409595763):A100,75.80,[100.00,65.57,89.03]	25(0.6067832419226961):A100,74.10,[100.00,05.18,10.94]	30(0.8664690492289784):A100,68.50,[100.00,13.35,00.00]	35(0.40441330156502364):A100,76.30,[100.00,26.78,34.38]	40(0.9990704254810282):A100,70.50,[100.00,00.09,00.09]	45(0.8808480504185898):A100,70.10,[100.00,00.04,02.42]	
0(0.40901704945393125):A100,69.00,[100.00,23.43,31.37]	5(0.34078087844837907):A100,72.80,[100.00,62.49,58.17]	10(0.49979458783286274):C180,71.90,[100.00,23.78,164.10]	15(0.7516735145205405):A100,69.70,[100.00,06.17,02.62]	20(0.41211891409595763):C000,75.80,[100.00,65.57,52.34]	25(0.6067832419226961):A100,74.60,[100.00,05.18,10.94]	30(0.8664690492289784):A100,69.00,[100.00,13.35,00.00]	35(0.40441330156502364):A100,76.80,[100.00,26.78,34.38]	40(0.9990704254810282):A100,71.00,[100.00,00.09,00.09]	45(0.8808480504185898):A100,70.60,[100.00,00.04,02.42]	
0(0.40901704945393125):A100,69.50,[100.00,23.43,31.37]	5(0.34078087844837907):A100,73.30,[100.00,62.49,58.17]	10(0.49979458783286274):C000,71.90,[100.00,23.78,82.08]	15(0.7516735145205405):A100,70.20,[100.00,06.17,02.62]	20(0.41211891409595763):A100,76.30,[100.00,65.57,52.34]	25(0.6067832419226961):A100,75.10,[100.00,05.18,10.94]	30(0.8664690492289784):A100,69.50,[100.00,13.35,00.00]	35(0.40441330156502364):A100,77.30,[100.00,26.78,34.38]	40(0.9990704254810282):A100,71.50,[100.00,00.09,00.09]	45(0.8808480504185898):A100,71.10,[100.00,00.04,02.42]	
0(0.40901704945393125):A100,70.00,[100.00,23.43,31.37]	5(0.34078087844837907):A100,73.80,[100.00,62.49,58.17]	10(0.49979458783286274):A100,72.40,[100.00,23.78,82.08]	15(0.7516735145205405):A100,70.70,[100.00,06.17,02.62]	20(0.41211891409595763):A100,76.80,[100.00,65.57,52.34]	25(0.6067832419226961):A100,75.60,[100.00,05.18,10.94]	30(0.8664690492289784):A100,70.00,[100.00,13.35,00.00]	35(0.40441330156502364):A100,77.80,[100.00,26.78,34.38]	40(0.9990704254810282):A100,72.00,[100.00,00.09,00.09]	45(0.8808480504185898):A100,71.60,[100.00,00.04,02.42]	
0(0.40901704945393125):A100,70.50,[100.00,23.43,31.37]	5(0.34078087844837907):A100,74.30,[100.00,62.49,58.17]	10(0.49979458783286274):A100,72.90,[100.00,23.78,82.08]	15(0.7516735145205405):A100,71.20,[100.00,06.17,02.62]	20(0.41211891409595763):A100,77.30,[100.00,65.57,52.34]	25(0.6067832419226961):A100,76.10,[100.00,05.18,10.94]	30(0.8664690492289784):A100,70.50,[100.00,13.35,00.00]	35(0.40441330156502364):A100,78.30,[100.00,26.78,34.38]	40(0.9990704254810282):A100,72.50,[100.00,00.09,00.09]	45(0.8808480504185898):A100,72.10,[100.00,00.04,02.42]	
0(0.40901704945393125):A100,71.00,[100.00,23.43,31.37]	5(0.34078087844837907):A100,74.80,[100.00,62.49,58.17]	10(0.49979458783286274):C000,72.90,[100.00,23.78,41.06]	15(0.7516735145205405):A100,71.70,[100.00,06.17,02.62]	20(0.41211891409595763):C000,77.30,[100.00,65.57,30.77]	25(0.6067832419226961):A100,76.60,[100.00,05.18,10.94]	30(0.8664690492289784):A100,71.00,[100.00,13.35,00.00]	35(0.40441330156502364):A100,78.80,[100.00,26.78,34.38]	40(0.9990704254810282):A100,73.00,[100.00,00.09,00.09]	45(0.8808480504185898):A100,72.60,[100.00,00.04,02.42]	
0(0.40901704945393125):A100,71.50,[100.00,23.43,31.37]	5(0.34078087844837907):A100,75.30,[100.00,62.49,58.17]	10(0.49979458783286274):A100,73.40,[100.00,23.78,41.06]	15(0.7516735145205405):A100,72.20,[100.00,06.17,02.62]	20(0.41211891409595763):A100,77.80,[100.00,65.57,30.77]	25(0.6067832419226961):A100,77.10,[100.00,05.18,10.94]	30(0.8664690492289784):A100,71.50,[100.00,13.35,00.00]	35(0.40441330156502364):B000,78.80,[100.00,15.95,34.38]	40(0.9990704254810282):A100,73.50,[100.00,00.09,00.09]	45(0.8808480504185898):A100,73.10,[100.00,00.04,02.42]	
0(0.40901704945393125):C000,71.50,[100.00,23.43,18.54]	5(0.34078087844837907):A100,75.80,[100.00,62.49,58.17]	10(0.49979458783286274):A100,73.90,[100.00,23.78,41.06]	15(0.7516735145205405):A100,72.70,[100.00,06.17,02.62]	20(0.41211891409595763):C000,77.80,[100.00,65.57,18.09]	25(0.6067832419226961):A100,77.60,[100.00,05.18,10.94]	30(0.8664690492289784):A100,72.00,[100.00,13.35,00.00]	35(0.40441330156502364):A100,79.30,[100.00,15.95,34.38]	40(0.9990704254810282):A100,74.00,[100.00,00.09,00.09]	45(0.8808480504185898):A100,73.60,[100.00,00.04,02.42]	
0(0.40901704945393125):A100,72.00,[100.00,23.43,18.54]	5(0.34078087844837907):A100,76.30,[100.00,62.49,58.17]	10(0.49979458783286274):A100,74.40,[100.00,23.78,41.06]	15(0.7516735145205405):A100,73.20,[100.00,06.17,02.62]	20(0.41211891409595763):B000,77.80,[100.00,38.55,18.09]	25(0.6067832419226961):A100,78.10,[100.00,05.18,10.94]	30(0.8664690492289784):A100,72.50,[100.00,13.35,00.00]	35(0.40441330156502364):A100,79.80,[100.00,15.95,34.38]	40(0.9990704254810282):A100,74.50,[100.00,00.09,00.09]	45(0.8808480504185898):A100,74.10,[100.00,00.04,02.42]	
0(0.40901704945393125):A100,72.50,[100.00,23.43,18.54]	5(0.34078087844837907):C000,76.30,[100.00,62.49,38.35]	10(0.49979458783286274):A100,74.90,[100.00,23.78,41.06]	15(0.7516735145205405):A100,73.70,[100.00,06.17,02.62]	20(0.41211891409595763):A100,78.30,[100.00,38.55,18.09]	25(0.6067832419226961):A100,78.60,[100.00,05.18,10.94]	30(0.8664690492289784):A100,73.00,[100.00,13.35,00.00]	35(0.40441330156502364):A100,80.30,[100.00,15.95,34.38]	40(0.9990704254810282):A100,75.00,[100.00,00.09,00.09]	45(0.8808480504185898):A100,74.60,[100.00,00.04,02.42]	
0(0.40901704945393125):A100,73.00,[100.00,23.43,18.54]	5(0.34078087844837907):A100,76.80,[100.00,62.49,38.35]	10(0.49979458783286274):A100,75.40,[100.00,23.78,41.06]	15(0.7516735145205405):A100,74.20,[100.00,06.17,02.62]	20(0.41211891409595763):A100,78.80,[100.00,38.55,18.09]	25(0.6067832419226961):A100,79.10,[100.00,05.18,10.94]	30(0.8664690492289784):A100,73.50,[100.00,13.35,00.00]	35(0.40441330156502364):A100,80.80,[100.00,15.95,34.38]	40(0.9990704254810282):A100,75.50,[100.00,00.09,00.09]	45(0.8808480504185898):B220,75.70,[100.00,193.79,02.42]	
0(0.40901704945393125):A100,73.50,[100.00,23.43,18.54]	5(0.34078087844837907):B220,77.90,[100.00,116.17,38.35]	10(0.49979458783286274):A100,75.90,[100.00,23.78,41.06]	15(0.7516735145205405):A100,74.70,[100.00,06.17,02.62]	20(0.41211891409595763):A100,79.30,[100.00,38.55,18.09]	25(0.6067832419226961):A100,79.60,[100.00,05.18,10.94]	30(0.8664690492289784):A100,74.00,[100.00,13.35,00.00]	35(0.40441330156502364):A100,81.30,[100.00,15.95,34.38]	40(0.9990704254810282):A100,76.00,[100.00,00.09,00.09]	45(0.8808480504185898):B000,75.70,[100.00,23.09,02.42]	
0(0.40901704945393125):A100,74.00,[100.00,23.43,18.54]	5(0.34078087844837907):B000,77.90,[100.00,76.58,38.35]	10(0.49979458783286274):A100,76.40,[100.00,23.78,41.06]	15(0.7516735145205405):A100,75.20,[100.00,06.17,02.62]	20(0.41211891409595763):A100,79.80,[100.00,38.55,18.09]	25(0.6067832419226961):A100,80.10,[100.00,05.18,10.94]	30(0.8664690492289784):A100,74.50,[100.00,13.35,00.00]	35(0.40441330156502364):A100,81.80,[100.00,15.95,34.38]	40(0.9990704254810282):A100,76.50,[100.00,00.09,00.09]	45(0.8808480504185898):A100,76.20,[100.00,23.09,02.42]	
0(0.40901704945393125):A100,74.50,[100.00,23.43,18.54]	5(0.34078087844837907):B000,77.90,[100.00,50.48,38.35]	10(0.49979458783286274):A100,76.90,[100.00,23.78,41.06]	15(0.7516735145205405):A100,75.70,[100.00,06.17,02.62]	20(0.41211891409595763):A100,80.30,[100.00,38.55,18.09]	25(0.6067832419226961):A100,80.60,[100.00,05.18,10.94]	30(0.8664690492289784):A100,75.00,[100.00,13.35,00.00]	35(0.40441330156502364):A100,82.30,[100.00,15.95,34.38]	40(0.9990704254810282):A100,77.00,[100.00,00.09,00.09]	45(0.8808480504185898):A100,76.70,[100.00,23.09,02.42]	
0(0.40901704945393125):A100,75.00,[100.00,23.43,18.54]	5(0.34078087844837907):A100,78.40,[100.00,50.48,38.35]	10(0.49979458783286274):A100,77.40,[100.00,23.78,41.06]	15(0.7516735145205405):A100,76.20,[100.00,06.17,02.62]	20(0.41211891409595763):A100,80.80,[100.00,38.55,18.09]	25(0.6067832419226961):A100,81.10,[100.00,05.18,10.94]	30(0.8664690492289784):A100,75.50,[100.00,13.35,00.00]	35(0.40441330156502364):A100,82.80,[100.00,15.95,34.38]	40(0.9990704254810282):A100,77.50,[100.00,00.09,00.09]	45(0.8808480504185898):A100,77.20,[100.00,23.09,02.42]	
0(0.40901704945393125):A100,75.50,[100.00,23.43,18.54]	5(0.34078087844837907):A100,78.90,[100.00,50.48,38.35]	10(0.49979458783286274):A100,77.90,[100.00,23.78,41.06]	15(0.7516735145205405):A100,76.70,[100.00,06.17,02.62]	20(0.41211891409595763):A100,81.30,[100.00,38.55,18.09]	25(0.6067832419226961):A100,81.60,[100.00,05.18,10.94]	30(0.8664690492289784):A100,76.00,[100.00,13.35,00.00]	35(0.40441330156502364):A100,83.30,[100.00,15.95,34.38]	40(0.9990704254810282):A100,78.00,[100.00,00.09,00.09]	45(0.8808480504185898):A100,77.70,[100.00,23.09,02.42]	
0(0.40901704945393125):A100,76.00,[100.00,23.43,18.54]	5(0.34078087844837907):B220,80.00,[100.00,108.25,38.35]	10(0.49979458783286274):A100,78.40,[100.00,23.78,41.06]	15(0.7516735145205405):A100,77.20,[100.00,06.17,02.62]	20(0.41211891409595763):A100,81.80,[100.00,38.55,18.09]	25(0.6067832419226961):A100,82.10,[100.00,05.18,10.94]	30(0.8664690492289784):A100,76.50,[100.00,13.35,00.00]	35(0.40441330156502364):A100,83.80,[100.00,15.95,34.38]	40(0.9990704254810282):A100,78.50,[100.00,00.09,00.09]	45(0.8808480504185898):A100,78.20,[100.00,23.09,02.42]	
0(0.40901704945393125):A100,76.50,[100.00,23.43,18.54]	5(0.34078087844837907):A100,80.50,[100.00,108.25,38.35]	10(0.49979458783286274):A100,78.90,[100.00,23.78,41.06]	15(0.7516735145205405):A100,77.70,[100.00,06.17,02.62]	20(0.41211891409595763):A100,82.30,[100.00,38.55,18.09]	25(0.6067832419226961):A100,82.60,[100.00,05.18,10.94]	30(0.8664690492289784):A100,77.00,[100.00,13.35,00.00]	35(0.40441330156502364):A100,84.30,[100.00,15.95,34.38]	40(0.9990704254810282):A100,79.00,[100.00,00.09,00.09]	45(0.8808480504185898):A100,78.70,[100.00,23.09,02.42]	
0(0.40901704945393125):A100,77.00,[100.00,23.43,18.54]	5(0.34078087844837907):B000,80.50,[100.00,71.36,38.35]	10(0.49979458783286274):A100,79.40,[100.00,23.78,41.06]	15(0.7516735145205405):C180,78.60,[100.00,06.17,135.95]	20(0.41211891409595763):A100,82.80,[100.00,38.55,18.09]	25(0.6067832419226961):A100,83.10,[100.00,05.18,10.94]	30(0.8664690492289784):A100,77.50,[100.00,13.35,00.00]	35(0.40441330156502364):A100,84.80,[100.00,15.95,34.38]	40(0.9990704254810282):A100,79.50,[100.00,00.09,00.09]	45(0.8808480504185898):A100,79.20,[100.00,23.09,02.42]	
0(0.40901704945393125):A100,77.50,[100.00,23.43,18.54]	5(0.34078087844837907):B220,81.60,[100.00,122.01,38.35]	10(0.49979458783286274):B220,80.50,[100.00,121.85,41.06]	15(0.7516735145205405):C180,79.50,[100.00,06.17,169.06]	20(0.41211891409595763):A100,83.30,[100.00,38.55,18.09]	25(0.6067832419226961):A100,83.60,[100.00,05.18,10.94]	30(0.8664690492289784):A100,78.00,[100.00,13.35,00.00]	35(0.40441330156502364):C180,85.70,[100.00,15.95,93.27]	40(0.9990704254810282):A100,80.00,[100.00,00.09,00.09]	45(0.8808480504185898):A100,79.70,[100.00,23.09,02.42]	
0(0.40901704945393125):A100,78.00,[100.00,23.43,18.54]	5(0.34078087844837907):B220,82.70,[100.00,155.41,38.35]	10(0.49979458783286274):B000,80.50,[100.00,60.95,41.06]	15(0.7516735145205405):C180,80.40,[100.00,06.17,177.28]	20(0.41211891409595763):A100,83.80,[100.00,38.55,18.09]	25(0.6067832419226961):A100,84.10,[100.00,05.18,10.94]	30(0.8664690492289784):A100,78.50,[100.00,13.35,00.00]	35(0.40441330156502364):A100,86.20,[100.00,15.95,93.27]	40(0.9990704254810282):A100,80.50,[100.00,00.09,00.09]	45(0.8808480504185898):A100,80.20,[100.00,23.09,02.42]	
0(0.40901704945393125):A100,78.50,[100.00,23.43,18.54]	5(0.34078087844837907):B220,83.80,[100.00,177.42,38.35]	10(0.49979458783286274):A100,81.00,[100.00,60.95,41.06]	15(0.7516735145205405):C000,80.40,[100.00,06.17,44.02]	20(0.41211891409595763):A100,84.30,[100.00,38.55,18.09]	25(0.6067832419226961):A100,84.60,[100.00,05.18,10.94]	30(0.8664690492289784):B220,79.60,[100.00,192.41,00.00]	35(0.40441330156502364):C000,86.20,[100.00,15.95,55.55]	40(0.9990704254810282):A100,81.00,[100.00,00.09,00.09]	45(0.8808480504185898):A100,80.70,[100.00,23.09,02.42]	
0(0.40901704945393125):A100,79.00,[100.00,23.43,18.54]	5(0.34078087844837907):B220,84.90,[100.00,191.93,38.35]	10(0.49979458783286274):A100,81.50,[100.00,60.95,41.06]	15(0.7516735145205405):A100,80.90,[100.00,06.17,44.02]	20(0.41211891409595763):A100,84.80,[100.00,38.55,18.09]	25(0.6067832419226961):A100,85.10,[100.00,05.18,10.94]	30(0.8664690492289784):B220,80.70,[100.00,216.32,00.00]	35(0.40441330156502364):A100,86.70,[100.00,15.95,55.55]	40(0.9990704254810282):A100,81.50,[100.00,00.09,00.09]	45(0.8808480504185898):A100,81.20,[100.00,23.09,02.42]	
0(0.40901704945393125):A100,79.50,[100.00,23.43,18.54]	5(0.34078087844837907):B220,86.00,[100.00,201.50,38.35]	10(0.49979458783286274):A100,82.00,[100.00,60.95,41.06]	15(0.7516735145205405):A100,81.40,[100.00,06.17,44.02]	20(0.41211891409595763):A100,85.30,[100.00,38.55,18.09]	25(0.6067832419226961):A100,85.60,[100.00,05.18,10.94]	30(0.8664690492289784):B000,80.70,[100.00,28.88,00.00]	35(0.40441330156502364):A100,87.20,[100.00,15.95,55.55]	40(0.9990704254810282):A100,82.00,[100.00,00.09,00.09]	45(0.8808480504185898):B220,82.30,[100.00,196.54,02.42]	
0(0.40901704945393125):B000,79.50,[100.00,13.85,18.54]	5(0.34078087844837907):B000,86.00,[100.00,132.83,38.35]	10(0.49979458783286274):A100,82.50,[100.00,60.95,41.06]	15(0.7516735145205405):A100,81.90,[100.00,06.17,44.02]	20(0.41211891409595763):A100,85.80,[100.00,38.55,18.09]	25(0.6067832419226961):A100,86.10,[100.00,05.18,10.94]	30(0.8664690492289784):A100,81.20,[100.00,28.88,00.00]	35(0.40441330156502364):A100,87.70,[100.00,15.95,55.55]	40(0.9990704254810282):A100,82.50,[100.00,00.09,00.09]	45(0.8808480504185898):B000,82.30,[100.00,23.42,02.42]	
0(0.40901704945393125):A100,80.00,[100.00,13.85,18.54]	5(0.34078087844837907):B000,86.00,[100.00,87.56,38.35]	10(0.49979458783286274):A100,83.00,[100.00,60.95,41.06]	15(0.7516735145205405):C000,81.90,[100.00,06.17,10.93]	20(0.41211891409595763):A100,86.30,[100.00,38.55,18.09]	25(0.6067832419226961):A100,86.60,[100.00,05.18,10.94]	30(0.8664690492289784):A100,81.70,[100.00,28.88,00.00]	35(0.40441330156502364):A100,88.20,[100.00,15.95,55.55]	40(0.9990704254810282):A100,83.00,[100.00,00.09,00.09]	45(0.8808480504185898):A100,82.80,[100.00,23.42,02.42]	
0(0.40901704945393125):A100,80.50,[100.00,13.85,18.54]	5(0.34078087844837907):B000,86.00,[100.00,57.72,38.35]	10(0.49979458783286274):A100,83.50,[100.00,60.95,41.06]	15(0.7516735145205405):A100,82.40,[100.00,06.17,10.93]	20(0.41211891409595763):A100,86.80,[100.00,38.55,18.09]	25(0.6067832419226961):A100,87.10,[100.00,05.18,10.94]	30(0.8664690492289784):A100,82.20,[100.00,28.88,00.00]	35(0.40441330156502364):A100,88.70,[100.00,15.95,55.55]	40(0.9990704254810282):A100,83.50,[100.00,00.09,00.09]	45(0.8808480504185898):A100,83.30,[100.00,23.42,02.42]	
0(0.40901704945393125):A100,81.00,[100.00,13.85,18.54]	5(0.34078087844837907):A100,86.50,[100.00,57.72,38.35]	10(0.49979458783286274):A100,84.00,[100.00,60.95,41.06]	15(0.7516735145205405):A100,82.90,[100.00,06.17,10.93]	20(0.41211891409595763):A100,87.30,[100.00,38.55,18.09]	25(0.6067832419226961):A100,87.60,[100.00,05.18,10.94]	30(0.8664690492289784):A100,82.70,[100.00,28.88,00.00]	35(0.40441330156502364):A100,89.20,[100.00,15.95,55.55]	40(0.9990704254810282):A100,84.00,[100.00,00.09,00.09]	45(0.8808480504185898):A100,83.80,[100.00,23.42,02.42]	
0(0.40901704945393125):A100,81.50,[100.00,13.85,18.54]	5(0.34078087844837907):A100,87.00,[100.00,57.72,38.35]	10(0.49979458783286274):A100,84.50,[100.00,60.95,41.06]	15(0.7516735145205405):A100,83.40,[100.00,06.17,10.93]	20(0.41211891409595763):A100,87.80,[100.00,38.55,18.09]	25(0.6067832419226961):A100,88.10,[100.00,05.18,10.94]	30(0.8664690492289784):A100,83.20,[100.00,28.88,00.00]	35(0.40441330156502364):A100,89.70,[100.00,15.95,55.55]	40(0.9990704254810282):A100,84.50,[100.00,00.09,00.09]	45(0.8808480504185898):A100,84.30,[100.00,23.42,02.42]	
0(0.40901704945393125):A100,82.00,[100.00,13.85,18.54]	5(0.34078087844837907):A100,87.50,[100.00,57.72,38.35]	10(0.49979458783286274):A100,85.00,[100.00,60.95,41.06]	15(0.7516735145205405):A100,83.90,[100.00,06.17,10.93]	20(0.41211891409595763):A100,88.30,[100.00,38.55,18.09]	25(0.6067832419226961):A100,88.60,[100.00,05.18,10.94]	30(0.8664690492289784):A100,83.70,[100.00,28.88,00.00]	35(0.40441330156502364):A100,90.20,[100.00,15.95,55.55]	40(0.9990704254810282):A100,85.00,[100.00,00.09,00.09]	45(0.8808480504185898):A100,84.80,[100.00,23.42,02.42]	
0(0.40901704945393125):A100,82.50,[100.00,13.85,18.54]	5(0.34078087844837907):B000,87.50,[100.00,38.05,38.35]	10(0.49979458783286274):A100,85.50,[100.00,60.95,41.06]	15(0.7516735145205405):A100,84.40,[100.00,06.17,10.93]	20(0.41211891409595763):A100,88.80,[100.00,38.55,18.09]	25(0.6067832419226961):A100,89.10,[100.00,05.18,10.94]	30(0.8664690492289784):A100,84.20,[100.00,28.88,00.00]	35(0.40441330156502364):A100,90.70,[100.00,15.95,55.55]	40(0.9990704254810282):A100,85.50,[100.00,00.09,00.09]	45(0.8808480504185898):A100,85.30,[100.00,23.42,02.42]	
0(0.40901704945393125):A100,83.00,[100.00,13.85,18.54]	5(0.34078087844837907):A100,88.00,[100.00,38.05,38.35]	10(0.49979458783286274):A100,86.00,[100.00,60.95,41.06]	15(0.7516735145205405):A100,84.90,[100.00,06.17,10.93]	20(0.41211891409595763):A100,89.30,[100.00,38.55,18.09]	25(0.6067832419226961):A100,89.60,[100.00,05.18,10.94]	30(0.8664690492289784):A100,84.70,[100.00,28.88,00.00]	35(0.40441330156502364):A100,91.20,[100.00,15.95,55.55]	40(0.9990704254810282):A100,86.00,[100.00,00.09,00.09]	45(0.8808480504185898):A100,85.80,[100.00,23.42,02.42]	
0(0.40901704945393125):A100,83.50,[100.00,13.85,18.54]	5(0.34078087844837907):A100,88.50,[100.00,38.05,38.35]	10(0.49979458783286274):A100,86.50,[100.00,60.95,41.06]	15(0.7516735145205405):A100,85.40,[100.00,06.17,10.93]	20(0.41211891409595763):A100,89.80,[100.00,38.55,18.09]	25(0.6067832419226961):A100,90.10,[100.00,05.18,10.94]	30(0.8664690492289784):A100,85.20,[100.00,28.88,00.00]	35(0.40441330156502364):A100,91.70,[100.00,15.95,55.55]	40(0.9990704254810282):A100,86.50,[100.00,00.09,00.09]	45(0.8808480504185898):A100,86.30,[100.00,23.42,02.42]	
0(0.40901704945393125):A100,84.00,[100.00,13.85,18.54]	5(0.34078087844837907):A100,89.00,[100.00,38.05,38.35]	10(0.49979458783286274):A100,87.00,[100.00,60.95,41.06]	15(0.7516735145205405):A100,85.90,[100.00,06.17,10.93]	20(0.41211891409595763):A100,90.30,[100.00,38.55,18.09]	25(0.6067832419226961):A100,90.60,[100.00,05.18,10.94]	30(0.8664690492289784):A100,85.70,[100.00,28.88,00.00]	35(0.40441330156502364):C180,92.60,[100.00,15.95,105.88]	40(0.9990704254810282):A100,87.00,[100.00,00.09,00.09]	45(0.8808480504185898):A100,86.80,[100.00,23.42,02.42]	
0(0.40901704945393125):A100,84.50,[100.00,13.85,18.54]	5(0.34078087844837907):A100,89.50,[100.00,38.05,38.35]	10(0.499794587