each row consists of groups of data for each agent, in form:	agentNum:choice,fitness,[expA,expB,expC]where choice has letter of choice and number for reward received
each column consists of every trial for the same agent.
this entire file is from Generation 200

0:A100, 0.50,100.00,100.00,100.00	5:B000, 0.00,100.00,25.55,100.00	10:B000, 0.00,100.00, 7.01,100.00	15:C180, 0.90,100.00,100.00,171.97	20:A100, 0.50,100.00,100.00,100.00	25:C000, 0.00,100.00,100.00,30.57	30:B000, 0.00,100.00, 2.53,100.00	35:C000, 0.00,100.00,100.00,26.43	40:B220, 1.10,100.00,199.14,100.00	45:A100, 0.50,100.00,100.00,100.00	
0:B000, 0.50,100.00, 8.97,100.00	5:A100, 0.50,100.00,25.55,100.00	10:A100, 0.50,100.00, 7.01,100.00	15:C180, 1.80,100.00,100.00,179.19	20:C000, 0.50,100.00,100.00,49.30	25:A100, 0.50,100.00,100.00,30.57	30:C180, 0.90,100.00, 2.53,177.98	35:B000, 0.00,100.00,26.43,26.43	40:B000, 1.10,100.00,34.62,100.00	45:B000, 0.50,100.00, 2.19,100.00	
0:C180, 1.40,100.00, 8.97,172.82	5:A100, 1.00,100.00,25.55,100.00	10:A100, 1.00,100.00, 7.01,100.00	15:C180, 2.70,100.00,100.00,179.92	20:A100, 1.00,100.00,100.00,49.30	25:B220, 1.60,100.00,183.32,30.57	30:C000, 0.90,100.00, 2.53, 4.50	35:A100, 0.50,100.00,26.43,26.43	40:A100, 1.60,100.00,34.62,100.00	45:C180, 1.40,100.00, 2.19,178.25	
0:C000, 1.40,100.00, 8.97,15.50	5:C180, 1.90,100.00,25.55,159.56	10:A100, 1.50,100.00, 7.01,100.00	15:C180, 3.60,100.00,100.00,179.99	20:A100, 1.50,100.00,100.00,49.30	25:B000, 1.60,100.00,56.04,30.57	30:A100, 1.40,100.00, 2.53, 4.50	35:A100, 1.00,100.00,26.43,26.43	40:C000, 1.60,100.00,34.62,17.38	45:C000, 1.40,100.00, 2.19, 3.90	
0:A100, 1.90,100.00, 8.97,15.50	5:C000, 1.90,100.00,25.55,40.77	10:C000, 1.50,100.00, 7.01, 7.01	15:A100, 4.10,100.00,100.00,179.99	20:B000, 1.50,100.00,49.30,49.30	25:A100, 2.10,100.00,56.04,30.57	30:A100, 1.90,100.00, 2.53, 4.50	35:A100, 1.50,100.00,26.43,26.43	40:A100, 2.10,100.00,34.62,17.38	45:A100, 1.90,100.00, 2.19, 3.90	
0:B000, 1.90,100.00, 0.80,15.50	5:A100, 2.40,100.00,25.55,40.77	10:A100, 2.00,100.00, 7.01, 7.01	15:C000, 4.10,100.00,100.00,18.06	20:A100, 2.00,100.00,49.30,49.30	25:B000, 2.10,100.00,17.13,30.57	30:A100, 2.40,100.00, 2.53, 4.50	35:A100, 2.00,100.00,26.43,26.43	40:A100, 2.60,100.00,34.62,17.38	45:A100, 2.40,100.00, 2.19, 3.90	
0:A100, 2.40,100.00, 0.80,15.50	5:A100, 2.90,100.00,25.55,40.77	10:A100, 2.50,100.00, 7.01, 7.01	15:A100, 4.60,100.00,100.00,18.06	20:B220, 3.10,100.00,135.85,49.30	25:A100, 2.60,100.00,17.13,30.57	30:A100, 2.90,100.00, 2.53, 4.50	35:A100, 2.50,100.00,26.43,26.43	40:A100, 3.10,100.00,34.62,17.38	45:A100, 2.90,100.00, 2.19, 3.90	
0:A100, 2.90,100.00, 0.80,15.50	5:C180, 3.80,100.00,25.55,144.42	10:A100, 3.00,100.00, 7.01, 7.01	15:B000, 4.60,100.00,10.03,18.06	20:A100, 3.60,100.00,135.85,49.30	25:A100, 3.10,100.00,17.13,30.57	30:A100, 3.40,100.00, 2.53, 4.50	35:A100, 3.00,100.00,26.43,26.43	40:A100, 3.60,100.00,34.62,17.38	45:A100, 3.40,100.00, 2.19, 3.90	
0:C000, 2.90,100.00, 0.80, 1.39	5:C180, 4.70,100.00,25.55,170.91	10:A100, 3.50,100.00, 7.01, 7.01	15:A100, 5.10,100.00,10.03,18.06	20:B000, 3.60,100.00,66.97,49.30	25:A100, 3.60,100.00,17.13,30.57	30:A100, 3.90,100.00, 2.53, 4.50	35:C000, 3.00,100.00,26.43, 6.98	40:A100, 4.10,100.00,34.62,17.38	45:A100, 3.90,100.00, 2.19, 3.90	
0:A100, 3.40,100.00, 0.80, 1.39	5:C180, 5.60,100.00,25.55,177.68	10:A100, 4.00,100.00, 7.01, 7.01	15:A100, 5.60,100.00,10.03,18.06	20:A100, 4.10,100.00,66.97,49.30	25:A100, 4.10,100.00,17.13,30.57	30:A100, 4.40,100.00, 2.53, 4.50	35:A100, 3.50,100.00,26.43, 6.98	40:A100, 4.60,100.00,34.62,17.38	45:A100, 4.40,100.00, 2.19, 3.90	
0:A100, 3.90,100.00, 0.80, 1.39	5:C180, 6.50,100.00,25.55,179.41	10:A100, 4.50,100.00, 7.01, 7.01	15:A100, 6.10,100.00,10.03,18.06	20:A100, 4.60,100.00,66.97,49.30	25:A100, 4.60,100.00,17.13,30.57	30:A100, 4.90,100.00, 2.53, 4.50	35:A100, 4.00,100.00,26.43, 6.98	40:A100, 5.10,100.00,34.62,17.38	45:A100, 4.90,100.00, 2.19, 3.90	
0:A100, 4.40,100.00, 0.80, 1.39	5:C180, 7.40,100.00,25.55,179.85	10:A100, 5.00,100.00, 7.01, 7.01	15:A100, 6.60,100.00,10.03,18.06	20:A100, 5.10,100.00,66.97,49.30	25:A100, 5.10,100.00,17.13,30.57	30:A100, 5.40,100.00, 2.53, 4.50	35:A100, 4.50,100.00,26.43, 6.98	40:A100, 5.60,100.00,34.62,17.38	45:A100, 5.40,100.00, 2.19, 3.90	
0:A100, 4.90,100.00, 0.80, 1.39	5:C000, 7.40,100.00,25.55,45.96	10:A100, 5.50,100.00, 7.01, 7.01	15:A100, 7.10,100.00,10.03,18.06	20:C180, 6.00,100.00,66.97,115.57	25:A100, 5.60,100.00,17.13,30.57	30:A100, 5.90,100.00, 2.53, 4.50	35:A100, 5.00,100.00,26.43, 6.98	40:A100, 6.10,100.00,34.62,17.38	45:A100, 5.90,100.00, 2.19, 3.90	
0:A100, 5.40,100.00, 0.80, 1.39	5:A100, 7.90,100.00,25.55,45.96	10:A100, 6.00,100.00, 7.01, 7.01	15:A100, 7.60,100.00,10.03,18.06	20:C180, 6.90,100.00,66.97,148.24	25:A100, 6.10,100.00,17.13,30.57	30:A100, 6.40,100.00, 2.53, 4.50	35:A100, 5.50,100.00,26.43, 6.98	40:A100, 6.60,100.00,34.62,17.38	45:A100, 6.40,100.00, 2.19, 3.90	
0:A100, 5.90,100.00, 0.80, 1.39	5:A100, 8.40,100.00,25.55,45.96	10:A100, 6.50,100.00, 7.01, 7.01	15:A100, 8.10,100.00,10.03,18.06	20:C000, 6.90,100.00,66.97,73.07	25:A100, 6.60,100.00,17.13,30.57	30:A100, 6.90,100.00, 2.53, 4.50	35:A100, 6.00,100.00,26.43, 6.98	40:A100, 7.10,100.00,34.62,17.38	45:A100, 6.90,100.00, 2.19, 3.90	
0:A100, 6.40,100.00, 0.80, 1.39	5:A100, 8.90,100.00,25.55,45.96	10:A100, 7.00,100.00, 7.01, 7.01	15:A100, 8.60,100.00,10.03,18.06	20:A100, 7.40,100.00,66.97,73.07	25:A100, 7.10,100.00,17.13,30.57	30:A100, 7.40,100.00, 2.53, 4.50	35:A100, 6.50,100.00,26.43, 6.98	40:A100, 7.60,100.00,34.62,17.38	45:A100, 7.40,100.00, 2.19, 3.90	
0:A100, 6.90,100.00, 0.80, 1.39	5:A100, 9.40,100.00,25.55,45.96	10:A100, 7.50,100.00, 7.01, 7.01	15:A100, 9.10,100.00,10.03,18.06	20:A100, 7.90,100.00,66.97,73.07	25:A100, 7.60,100.00,17.13,30.57	30:A100, 7.90,100.00, 2.53, 4.50	35:A100, 7.00,100.00,26.43, 6.98	40:A100, 8.10,100.00,34.62,17.38	45:A100, 7.90,100.00, 2.19, 3.90	
0:A100, 7.40,100.00, 0.80, 1.39	5:A100, 9.90,100.00,25.55,45.96	10:A100, 8.00,100.00, 7.01, 7.01	15:A100, 9.60,100.00,10.03,18.06	20:C000, 7.90,100.00,66.97,36.02	25:C000, 7.60,100.00,17.13, 9.34	30:A100, 8.40,100.00, 2.53, 4.50	35:A100, 7.50,100.00,26.43, 6.98	40:A100, 8.60,100.00,34.62,17.38	45:A100, 8.40,100.00, 2.19, 3.90	
0:B220, 8.50,100.00,200.34, 1.39	5:A100,10.40,100.00,25.55,45.96	10:A100, 8.50,100.00, 7.01, 7.01	15:A100,10.10,100.00,10.03,18.06	20:A100, 8.40,100.00,66.97,36.02	25:A100, 8.10,100.00,17.13, 9.34	30:A100, 8.90,100.00, 2.53, 4.50	35:A100, 8.00,100.00,26.43, 6.98	40:A100, 9.10,100.00,34.62,17.38	45:A100, 8.90,100.00, 2.19, 3.90	
0:B220, 9.60,100.00,218.24, 1.39	5:A100,10.90,100.00,25.55,45.96	10:A100, 9.00,100.00, 7.01, 7.01	15:A100,10.60,100.00,10.03,18.06	20:A100, 8.90,100.00,66.97,36.02	25:A100, 8.60,100.00,17.13, 9.34	30:A100, 9.40,100.00, 2.53, 4.50	35:A100, 8.50,100.00,26.43, 6.98	40:B000, 9.10,100.00, 6.02,17.38	45:A100, 9.40,100.00, 2.19, 3.90	
0:B220,10.70,100.00,219.84, 1.39	5:A100,11.40,100.00,25.55,45.96	10:A100, 9.50,100.00, 7.01, 7.01	15:A100,11.10,100.00,10.03,18.06	20:A100, 9.40,100.00,66.97,36.02	25:A100, 9.10,100.00,17.13, 9.34	30:A100, 9.90,100.00, 2.53, 4.50	35:A100, 9.00,100.00,26.43, 6.98	40:A100, 9.60,100.00, 6.02,17.38	45:A100, 9.90,100.00, 2.19, 3.90	
0:B000,10.70,100.00,19.72, 1.39	5:A100,11.90,100.00,25.55,45.96	10:A100,10.00,100.00, 7.01, 7.01	15:A100,11.60,100.00,10.03,18.06	20:A100, 9.90,100.00,66.97,36.02	25:A100, 9.60,100.00,17.13, 9.34	30:A100,10.40,100.00, 2.53, 4.50	35:A100, 9.50,100.00,26.43, 6.98	40:A100,10.10,100.00, 6.02,17.38	45:A100,10.40,100.00, 2.19, 3.90	
0:A100,11.20,100.00,19.72, 1.39	5:A100,12.40,100.00,25.55,45.96	10:A100,10.50,100.00, 7.01, 7.01	15:A100,12.10,100.00,10.03,18.06	20:A100,10.40,100.00,66.97,36.02	25:A100,10.10,100.00,17.13, 9.34	30:A100,10.90,100.00, 2.53, 4.50	35:A100,10.00,100.00,26.43, 6.98	40:A100,10.60,100.00, 6.02,17.38	45:A100,10.90,100.00, 2.19, 3.90	
0:A100,11.70,100.00,19.72, 1.39	5:A100,12.90,100.00,25.55,45.96	10:A100,11.00,100.00, 7.01, 7.01	15:A100,12.60,100.00,10.03,18.06	20:A100,10.90,100.00,66.97,36.02	25:A100,10.60,100.00,17.13, 9.34	30:A100,11.40,100.00, 2.53, 4.50	35:A100,10.50,100.00,26.43, 6.98	40:A100,11.10,100.00, 6.02,17.38	45:A100,11.40,100.00, 2.19, 3.90	
0:A100,12.20,100.00,19.72, 1.39	5:A100,13.40,100.00,25.55,45.96	10:A100,11.50,100.00, 7.01, 7.01	15:A100,13.10,100.00,10.03,18.06	20:A100,11.40,100.00,66.97,36.02	25:A100,11.10,100.00,17.13, 9.34	30:A100,11.90,100.00, 2.53, 4.50	35:A100,11.00,100.00,26.43, 6.98	40:A100,11.60,100.00, 6.02,17.38	45:A100,11.90,100.00, 2.19, 3.90	
0:A100,12.70,100.00,19.72, 1.39	5:A100,13.90,100.00,25.55,45.96	10:A100,12.00,100.00, 7.01, 7.01	15:A100,13.60,100.00,10.03,18.06	20:A100,11.90,100.00,66.97,36.02	25:A100,11.60,100.00,17.13, 9.34	30:A100,12.40,100.00, 2.53, 4.50	35:A100,11.50,100.00,26.43, 6.98	40:A100,12.10,100.00, 6.02,17.38	45:A100,12.40,100.00, 2.19, 3.90	
0:A100,13.20,100.00,19.72, 1.39	5:A100,14.40,100.00,25.55,45.96	10:A100,12.50,100.00, 7.01, 7.01	15:A100,14.10,100.00,10.03,18.06	20:A100,12.40,100.00,66.97,36.02	25:A100,12.10,100.00,17.13, 9.34	30:A100,12.90,100.00, 2.53, 4.50	35:A100,12.00,100.00,26.43, 6.98	40:A100,12.60,100.00, 6.02,17.38	45:C180,13.30,100.00, 2.19,176.15	
0:A100,13.70,100.00,19.72, 1.39	5:A100,14.90,100.00,25.55,45.96	10:A100,13.00,100.00, 7.01, 7.01	15:A100,14.60,100.00,10.03,18.06	20:A100,12.90,100.00,66.97,36.02	25:A100,12.60,100.00,17.13, 9.34	30:A100,13.40,100.00, 2.53, 4.50	35:A100,12.50,100.00,26.43, 6.98	40:A100,13.10,100.00, 6.02,17.38	45:C180,14.20,100.00, 2.19,179.92	
0:A100,14.20,100.00,19.72, 1.39	5:A100,15.40,100.00,25.55,45.96	10:A100,13.50,100.00, 7.01, 7.01	15:A100,15.10,100.00,10.03,18.06	20:A100,13.40,100.00,66.97,36.02	25:A100,13.10,100.00,17.13, 9.34	30:A100,13.90,100.00, 2.53, 4.50	35:A100,13.00,100.00,26.43, 6.98	40:A100,13.60,100.00, 6.02,17.38	45:C180,15.10,100.00, 2.19,180.00	
0:A100,14.70,100.00,19.72, 1.39	5:A100,15.90,100.00,25.55,45.96	10:A100,14.00,100.00, 7.01, 7.01	15:A100,15.60,100.00,10.03,18.06	20:A100,13.90,100.00,66.97,36.02	25:A100,13.60,100.00,17.13, 9.34	30:A100,14.40,100.00, 2.53, 4.50	35:A100,13.50,100.00,26.43, 6.98	40:C000,13.60,100.00, 6.02, 3.02	45:C000,15.10,100.00, 2.19, 3.93	
0:A100,15.20,100.00,19.72, 1.39	5:A100,16.40,100.00,25.55,45.96	10:A100,14.50,100.00, 7.01, 7.01	15:A100,16.10,100.00,10.03,18.06	20:A100,14.40,100.00,66.97,36.02	25:A100,14.10,100.00,17.13, 9.34	30:A100,14.90,100.00, 2.53, 4.50	35:A100,14.00,100.00,26.43, 6.98	40:A100,14.10,100.00, 6.02, 3.02	45:A100,15.60,100.00, 2.19, 3.93	
0:A100,15.70,100.00,19.72, 1.39	5:A100,16.90,100.00,25.55,45.96	10:B220,15.60,100.00,205.06, 7.01	15:B220,17.20,100.00,198.94,18.06	20:A100,14.90,100.00,66.97,36.02	25:A100,14.60,100.00,17.13, 9.34	30:A100,15.40,100.00, 2.53, 4.50	35:A100,14.50,100.00,26.43, 6.98	40:A100,14.60,100.00, 6.02, 3.02	45:A100,16.10,100.00, 2.19, 3.93	
0:A100,16.20,100.00,19.72, 1.39	5:C180,17.80,100.00,25.55,145.75	10:B220,16.70,100.00,218.95, 7.01	15:B000,17.20,100.00,19.96,18.06	20:A100,15.40,100.00,66.97,36.02	25:A100,15.10,100.00,17.13, 9.34	30:A100,15.90,100.00, 2.53, 4.50	35:A100,15.00,100.00,26.43, 6.98	40:A100,15.10,100.00, 6.02, 3.02	45:A100,16.60,100.00, 2.19, 3.93	
0:A100,16.70,100.00,19.72, 1.39	5:C180,18.70,100.00,25.55,171.25	10:B220,17.80,100.00,219.93, 7.01	15:A100,17.70,100.00,19.96,18.06	20:A100,15.90,100.00,66.97,36.02	25:A100,15.60,100.00,17.13, 9.34	30:A100,16.40,100.00, 2.53, 4.50	35:A100,15.50,100.00,26.43, 6.98	40:A100,15.60,100.00, 6.02, 3.02	45:A100,17.10,100.00, 2.19, 3.93	
0:A100,17.20,100.00,19.72, 1.39	5:C180,19.60,100.00,25.55,177.76	10:B220,18.90,100.00,219.99, 7.01	15:A100,18.20,100.00,19.96,18.06	20:A100,16.40,100.00,66.97,36.02	25:A100,16.10,100.00,17.13, 9.34	30:A100,16.90,100.00, 2.53, 4.50	35:A100,16.00,100.00,26.43, 6.98	40:A100,16.10,100.00, 6.02, 3.02	45:A100,17.60,100.00, 2.19, 3.93	
0:A100,17.70,100.00,19.72, 1.39	5:C000,19.60,100.00,25.55,45.42	10:B000,18.90,100.00,15.43, 7.01	15:A100,18.70,100.00,19.96,18.06	20:B000,16.40,100.00,33.01,36.02	25:A100,16.60,100.00,17.13, 9.34	30:A100,17.40,100.00, 2.53, 4.50	35:A100,16.50,100.00,26.43, 6.98	40:A100,16.60,100.00, 6.02, 3.02	45:A100,18.10,100.00, 2.19, 3.93	
0:A100,18.20,100.00,19.72, 1.39	5:A100,20.10,100.00,25.55,45.42	10:A100,19.40,100.00,15.43, 7.01	15:A100,19.20,100.00,19.96,18.06	20:A100,16.90,100.00,33.01,36.02	25:A100,17.10,100.00,17.13, 9.34	30:A100,17.90,100.00, 2.53, 4.50	35:A100,17.00,100.00,26.43, 6.98	40:B000,16.60,100.00, 1.05, 3.02	45:A100,18.60,100.00, 2.19, 3.93	
0:A100,18.70,100.00,19.72, 1.39	5:A100,20.60,100.00,25.55,45.42	10:A100,19.90,100.00,15.43, 7.01	15:A100,19.70,100.00,19.96,18.06	20:A100,17.40,100.00,33.01,36.02	25:A100,17.60,100.00,17.13, 9.34	30:A100,18.40,100.00, 2.53, 4.50	35:A100,17.50,100.00,26.43, 6.98	40:A100,17.10,100.00, 1.05, 3.02	45:A100,19.10,100.00, 2.19, 3.93	
0:A100,19.20,100.00,19.72, 1.39	5:A100,21.10,100.00,25.55,45.42	10:A100,20.40,100.00,15.43, 7.01	15:A100,20.20,100.00,19.96,18.06	20:A100,17.90,100.00,33.01,36.02	25:A100,18.10,100.00,17.13, 9.34	30:A100,18.90,100.00, 2.53, 4.50	35:A100,18.00,100.00,26.43, 6.98	40:A100,17.60,100.00, 1.05, 3.02	45:A100,19.60,100.00, 2.19, 3.93	
0:A100,19.70,100.00,19.72, 1.39	5:A100,21.60,100.00,25.55,45.42	10:A100,20.90,100.00,15.43, 7.01	15:A100,20.70,100.00,19.96,18.06	20:A100,18.40,100.00,33.01,36.02	25:A100,18.60,100.00,17.13, 9.34	30:A100,19.40,100.00, 2.53, 4.50	35:A100,18.50,100.00,26.43, 6.98	40:A100,18.10,100.00, 1.05, 3.02	45:A100,20.10,100.00, 2.19, 3.93	
0:A100,20.20,100.00,19.72, 1.39	5:A100,22.10,100.00,25.55,45.42	10:A100,21.40,100.00,15.43, 7.01	15:A100,21.20,100.00,19.96,18.06	20:A100,18.90,100.00,33.01,36.02	25:A100,19.10,100.00,17.13, 9.34	30:A100,19.90,100.00, 2.53, 4.50	35:A100,19.00,100.00,26.43, 6.98	40:A100,18.60,100.00, 1.05, 3.02	45:A100,20.60,100.00, 2.19, 3.93	
0:A100,20.70,100.00,19.72, 1.39	5:A100,22.60,100.00,25.55,45.42	10:A100,21.90,100.00,15.43, 7.01	15:A100,21.70,100.00,19.96,18.06	20:A100,19.40,100.00,33.01,36.02	25:A100,19.60,100.00,17.13, 9.34	30:A100,20.40,100.00, 2.53, 4.50	35:A100,19.50,100.00,26.43, 6.98	40:A100,19.10,100.00, 1.05, 3.02	45:A100,21.10,100.00, 2.19, 3.93	
0:A100,21.20,100.00,19.72, 1.39	5:A100,23.10,100.00,25.55,45.42	10:A100,22.40,100.00,15.43, 7.01	15:A100,22.20,100.00,19.96,18.06	20:A100,19.90,100.00,33.01,36.02	25:A100,20.10,100.00,17.13, 9.34	30:A100,20.90,100.00, 2.53, 4.50	35:A100,20.00,100.00,26.43, 6.98	40:A100,19.60,100.00, 1.05, 3.02	45:A100,21.60,100.00, 2.19, 3.93	
0:A100,21.70,100.00,19.72, 1.39	5:A100,23.60,100.00,25.55,45.42	10:A100,22.90,100.00,15.43, 7.01	15:B000,22.20,100.00, 2.00,18.06	20:A100,20.40,100.00,33.01,36.02	25:A100,20.60,100.00,17.13, 9.34	30:A100,21.40,100.00, 2.53, 4.50	35:A100,20.50,100.00,26.43, 6.98	40:A100,20.10,100.00, 1.05, 3.02	45:A100,22.10,100.00, 2.19, 3.93	
0:A100,22.20,100.00,19.72, 1.39	5:A100,24.10,100.00,25.55,45.42	10:A100,23.40,100.00,15.43, 7.01	15:A100,22.70,100.00, 2.00,18.06	20:A100,20.90,100.00,33.01,36.02	25:A100,21.10,100.00,17.13, 9.34	30:A100,21.90,100.00, 2.53, 4.50	35:A100,21.00,100.00,26.43, 6.98	40:A100,20.60,100.00, 1.05, 3.02	45:A100,22.60,100.00, 2.19, 3.93	
0:A100,22.70,100.00,19.72, 1.39	5:A100,24.60,100.00,25.55,45.42	10:A100,23.90,100.00,15.43, 7.01	15:A100,23.20,100.00, 2.00,18.06	20:A100,21.40,100.00,33.01,36.02	25:A100,21.60,100.00,17.13, 9.34	30:A100,22.40,100.00, 2.53, 4.50	35:A100,21.50,100.00,26.43, 6.98	40:A100,21.10,100.00, 1.05, 3.02	45:A100,23.10,100.00, 2.19, 3.93	
0:A100,23.20,100.00,19.72, 1.39	5:A100,25.10,100.00,25.55,45.42	10:A100,24.40,100.00,15.43, 7.01	15:A100,23.70,100.00, 2.00,18.06	20:A100,21.90,100.00,33.01,36.02	25:A100,22.10,100.00,17.13, 9.34	30:A100,22.90,100.00, 2.53, 4.50	35:A100,22.00,100.00,26.43, 6.98	40:A100,21.60,100.00, 1.05, 3.02	45:A100,23.60,100.00, 2.19, 3.93	
0:A100,23.70,100.00,19.72, 1.39	5:A100,25.60,100.00,25.55,45.42	10:A100,24.90,100.00,15.43, 7.01	15:A100,24.20,100.00, 2.00,18.06	20:B220,23.00,100.00,127.82,36.02	25:A100,22.60,100.00,17.13, 9.34	30:A100,23.40,100.00, 2.53, 4.50	35:A100,22.50,100.00,26.43, 6.98	40:A100,22.10,100.00, 1.05, 3.02	45:A100,24.10,100.00, 2.19, 3.93	
0:A100,24.20,100.00,19.72, 1.39	5:A100,26.10,100.00,25.55,45.42	10:A100,25.40,100.00,15.43, 7.01	15:A100,24.70,100.00, 2.00,18.06	20:A100,23.50,100.00,127.82,36.02	25:A100,23.10,100.00,17.13, 9.34	30:A100,23.90,100.00, 2.53, 4.50	35:A100,23.00,100.00,26.43, 6.98	40:A100,22.60,100.00, 1.05, 3.02	45:A100,24.60,100.00, 2.19, 3.93	
0:A100,24.70,100.00,19.72, 1.39	5:A100,26.60,100.00,25.55,45.42	10:A100,25.90,100.00,15.43, 7.01	15:A100,25.20,100.00, 2.00,18.06	20:A100,24.00,100.00,127.82,36.02	25:A100,23.60,100.00,17.13, 9.34	30:A100,24.40,100.00, 2.53, 4.50	35:B220,24.10,100.00,168.85, 6.98	40:A100,23.10,100.00, 1.05, 3.02	45:A100,25.10,100.00, 2.19, 3.93	
0:A100,25.20,100.00,19.72, 1.39	5:A100,27.10,100.00,25.55,45.42	10:A100,26.40,100.00,15.43, 7.01	15:A100,25.70,100.00, 2.00,18.06	20:B000,24.00,100.00,63.01,36.02	25:A100,24.10,100.00,17.13, 9.34	30:A100,24.90,100.00, 2.53, 4.50	35:B220,25.20,100.00,206.48, 6.98	40:A100,23.60,100.00, 1.05, 3.02	45:A100,25.60,100.00, 2.19, 3.93	
0:A100,25.70,100.00,19.72, 1.39	5:A100,27.60,100.00,25.55,45.42	10:A100,26.90,100.00,15.43, 7.01	15:A100,26.20,100.00, 2.00,18.06	20:A100,24.50,100.00,63.01,36.02	25:A100,24.60,100.00,17.13, 9.34	30:A100,25.40,100.00, 2.53, 4.50	35:B220,26.30,100.00,216.43, 6.98	40:A100,24.10,100.00, 1.05, 3.02	45:A100,26.10,100.00, 2.19, 3.93	
0:A100,26.20,100.00,19.72, 1.39	5:A100,28.10,100.00,25.55,45.42	10:A100,27.40,100.00,15.43, 7.01	15:A100,26.70,100.00, 2.00,18.06	20:A100,25.00,100.00,63.01,36.02	25:A100,25.10,100.00,17.13, 9.34	30:A100,25.90,100.00, 2.53, 4.50	35:B220,27.40,100.00,219.06, 6.98	40:A100,24.60,100.00, 1.05, 3.02	45:A100,26.60,100.00, 2.19, 3.93	
0:C000,26.20,100.00,19.72, 0.12	5:A100,28.60,100.00,25.55,45.42	10:A100,27.90,100.00,15.43, 7.01	15:A100,27.20,100.00, 2.00,18.06	20:A100,25.50,100.00,63.01,36.02	25:A100,25.60,100.00,17.13, 9.34	30:A100,26.40,100.00, 2.53, 4.50	35:B220,28.50,100.00,219.75, 6.98	40:A100,25.10,100.00, 1.05, 3.02	45:A100,27.10,100.00, 2.19, 3.93	
0:A100,26.70,100.00,19.72, 0.12	5:A100,29.10,100.00,25.55,45.42	10:A100,28.40,100.00,15.43, 7.01	15:A100,27.70,100.00, 2.00,18.06	20:A100,26.00,100.00,63.01,36.02	25:A100,26.10,100.00,17.13, 9.34	30:A100,26.90,100.00, 2.53, 4.50	35:B220,29.60,100.00,219.93, 6.98	40:A100,25.60,100.00, 1.05, 3.02	45:A100,27.60,100.00, 2.19, 3.93	
0:A100,27.20,100.00,19.72, 0.12	5:A100,29.60,100.00,25.55,45.42	10:A100,28.90,100.00,15.43, 7.01	15:A100,28.20,100.00, 2.00,18.06	20:A100,26.50,100.00,63.01,36.02	25:C000,26.10,100.00,17.13, 2.86	30:A100,27.40,100.00, 2.53, 4.50	35:B000,29.60,100.00,58.12, 6.98	40:A100,26.10,100.00, 1.05, 3.02	45:A100,28.10,100.00, 2.19, 3.93	
0:A100,27.70,100.00,19.72, 0.12	5:A100,30.10,100.00,25.55,45.42	10:A100,29.40,100.00,15.43, 7.01	15:A100,28.70,100.00, 2.00,18.06	20:A100,27.00,100.00,63.01,36.02	25:A100,26.60,100.00,17.13, 2.86	30:A100,27.90,100.00, 2.53, 4.50	35:A100,30.10,100.00,58.12, 6.98	40:A100,26.60,100.00, 1.05, 3.02	45:A100,28.60,100.00, 2.19, 3.93	
0:A100,28.20,100.00,19.72, 0.12	5:C000,30.10,100.00,25.55,11.61	10:A100,29.90,100.00,15.43, 7.01	15:A100,29.20,100.00, 2.00,18.06	20:A100,27.50,100.00,63.01,36.02	25:A100,27.10,100.00,17.13, 2.86	30:A100,28.40,100.00, 2.53, 4.50	35:A100,30.60,100.00,58.12, 6.98	40:A100,27.10,100.00, 1.05, 3.02	45:A100,29.10,100.00, 2.19, 3.93	
0:A100,28.70,100.00,19.72, 0.12	5:A100,30.60,100.00,25.55,11.61	10:A100,30.40,100.00,15.43, 7.01	15:A100,29.70,100.00, 2.00,18.06	20:A100,28.00,100.00,63.01,36.02	25:A100,27.60,100.00,17.13, 2.86	30:A100,28.90,100.00, 2.53, 4.50	35:A100,31.10,100.00,58.12, 6.98	40:A100,27.60,100.00, 1.05, 3.02	45:A100,29.60,100.00, 2.19, 3.93	
0:A100,29.20,100.00,19.72, 0.12	5:A100,31.10,100.00,25.55,11.61	10:A100,30.90,100.00,15.43, 7.01	15:A100,30.20,100.00, 2.00,18.06	20:A100,28.50,100.00,63.01,36.02	25:A100,28.10,100.00,17.13, 2.86	30:B220,30.00,100.00,214.50, 4.50	35:A100,31.60,100.00,58.12, 6.98	40:A100,28.10,100.00, 1.05, 3.02	45:A100,30.10,100.00, 2.19, 3.93	
0:A100,29.70,100.00,19.72, 0.12	5:A100,31.60,100.00,25.55,11.61	10:A100,31.40,100.00,15.43, 7.01	15:A100,30.70,100.00, 2.00,18.06	20:A100,29.00,100.00,63.01,36.02	25:A100,28.60,100.00,17.13, 2.86	30:B220,31.10,100.00,219.86, 4.50	35:A100,32.10,100.00,58.12, 6.98	40:A100,28.60,100.00, 1.05, 3.02	45:A100,30.60,100.00, 2.19, 3.93	
0:A100,30.20,100.00,19.72, 0.12	5:A100,32.10,100.00,25.55,11.61	10:A100,31.90,100.00,15.43, 7.01	15:A100,31.20,100.00, 2.00,18.06	20:A100,29.50,100.00,63.01,36.02	25:A100,29.10,100.00,17.13, 2.86	30:B220,32.20,100.00,220.00, 4.50	35:A100,32.60,100.00,58.12, 6.98	40:A100,29.10,100.00, 1.05, 3.02	45:A100,31.10,100.00, 2.19, 3.93	
0:A100,30.70,100.00,19.72, 0.12	5:A100,32.60,100.00,25.55,11.61	10:A100,32.40,100.00,15.43, 7.01	15:A100,31.70,100.00, 2.00,18.06	20:A100,30.00,100.00,63.01,36.02	25:A100,29.60,100.00,17.13, 2.86	30:B220,33.30,100.00,220.00, 4.50	35:A100,33.10,100.00,58.12, 6.98	40:A100,29.60,100.00, 1.05, 3.02	45:A100,31.60,100.00, 2.19, 3.93	
0:A100,31.20,100.00,19.72, 0.12	5:A100,33.10,100.00,25.55,11.61	10:A100,32.90,100.00,15.43, 7.01	15:A100,32.20,100.00, 2.00,18.06	20:A100,30.50,100.00,63.01,36.02	25:A100,30.10,100.00,17.13, 2.86	30:B000,33.30,100.00, 5.57, 4.50	35:A100,33.60,100.00,58.12, 6.98	40:A100,30.10,100.00, 1.05, 3.02	45:A100,32.10,100.00, 2.19, 3.93	
0:A100,31.70,100.00,19.72, 0.12	5:A100,33.60,100.00,25.55,11.61	10:A100,33.40,100.00,15.43, 7.01	15:A100,32.70,100.00, 2.00,18.06	20:A100,31.00,100.00,63.01,36.02	25:A100,30.60,100.00,17.13, 2.86	30:A100,33.80,100.00, 5.57, 4.50	35:A100,34.10,100.00,58.12, 6.98	40:A100,30.60,100.00, 1.05, 3.02	45:A100,32.60,100.00, 2.19, 3.93	
0:A100,32.20,100.00,19.72, 0.12	5:A100,34.10,100.00,25.55,11.61	10:A100,33.90,100.00,15.43, 7.01	15:A100,33.20,100.00, 2.00,18.06	20:A100,31.50,100.00,63.01,36.02	25:A100,31.10,100.00,17.13, 2.86	30:A100,34.30,100.00, 5.57, 4.50	35:B220,35.20,100.00,177.22, 6.98	40:A100,31.10,100.00, 1.05, 3.02	45:A100,33.10,100.00, 2.19, 3.93	
0:A100,32.70,100.00,19.72, 0.12	5:A100,34.60,100.00,25.55,11.61	10:A100,34.40,100.00,15.43, 7.01	15:A100,33.70,100.00, 2.00,18.06	20:A100,32.00,100.00,63.01,36.02	25:A100,31.60,100.00,17.13, 2.86	30:A100,34.80,100.00, 5.57, 4.50	35:B000,35.20,100.00,46.83, 6.98	40:A100,31.60,100.00, 1.05, 3.02	45:A100,33.60,100.00, 2.19, 3.93	
0:A100,33.20,100.00,19.72, 0.12	5:A100,35.10,100.00,25.55,11.61	10:A100,34.90,100.00,15.43, 7.01	15:A100,34.20,100.00, 2.00,18.06	20:B220,33.10,100.00,142.61,36.02	25:A100,32.10,100.00,17.13, 2.86	30:A100,35.30,100.00, 5.57, 4.50	35:A100,35.70,100.00,46.83, 6.98	40:A100,32.10,100.00, 1.05, 3.02	45:A100,34.10,100.00, 2.19, 3.93	
0:A100,33.70,100.00,19.72, 0.12	5:A100,35.60,100.00,25.55,11.61	10:A100,35.40,100.00,15.43, 7.01	15:A100,34.70,100.00, 2.00,18.06	20:B000,33.10,100.00,70.30,36.02	25:A100,32.60,100.00,17.13, 2.86	30:A100,35.80,100.00, 5.57, 4.50	35:A100,36.20,100.00,46.83, 6.98	40:A100,32.60,100.00, 1.05, 3.02	45:A100,34.60,100.00, 2.19, 3.93	
0:A100,34.20,100.00,19.72, 0.12	5:A100,36.10,100.00,25.55,11.61	10:A100,35.90,100.00,15.43, 7.01	15:A100,35.20,100.00, 2.00,18.06	20:B220,34.20,100.00,146.21,36.02	25:A100,33.10,100.00,17.13, 2.86	30:A100,36.30,100.00, 5.57, 4.50	35:A100,36.70,100.00,46.83, 6.98	40:A100,33.10,100.00, 1.05, 3.02	45:A100,35.10,100.00, 2.19, 3.93	
0:A100,34.70,100.00,19.72, 0.12	5:A100,36.60,100.00,25.55,11.61	10:A100,36.40,100.00,15.43, 7.01	15:A100,35.70,100.00, 2.00,18.06	20:B220,35.30,100.00,183.62,36.02	25:A100,33.60,100.00,17.13, 2.86	30:A100,36.80,100.00, 5.57, 4.50	35:A100,37.20,100.00,46.83, 6.98	40:A100,33.60,100.00, 1.05, 3.02	45:A100,35.60,100.00, 2.19, 3.93	
0:A100,35.20,100.00,19.72, 0.12	5:A100,37.10,100.00,25.55,11.61	10:A100,36.90,100.00,15.43, 7.01	15:A100,36.20,100.00, 2.00,18.06	20:B220,36.40,100.00,202.07,36.02	25:A100,34.10,100.00,17.13, 2.86	30:A100,37.30,100.00, 5.57, 4.50	35:A100,37.70,100.00,46.83, 6.98	40:A100,34.10,100.00, 1.05, 3.02	45:A100,36.10,100.00, 2.19, 3.93	
0:A100,35.70,100.00,19.72, 0.12	5:A100,37.60,100.00,25.55,11.61	10:A100,37.40,100.00,15.43, 7.01	15:A100,36.70,100.00, 2.00,18.06	20:B000,36.40,100.00,99.61,36.02	25:A100,34.60,100.00,17.13, 2.86	30:B220,38.40,100.00,214.57, 4.50	35:A100,38.20,100.00,46.83, 6.98	40:A100,34.60,100.00, 1.05, 3.02	45:A100,36.60,100.00, 2.19, 3.93	
0:A100,36.20,100.00,19.72, 0.12	5:A100,38.10,100.00,25.55,11.61	10:A100,37.90,100.00,15.43, 7.01	15:A100,37.20,100.00, 2.00,18.06	20:A100,36.90,100.00,99.61,36.02	25:A100,35.10,100.00,17.13, 2.86	30:B000,38.40,100.00, 5.43, 4.50	35:A100,38.70,100.00,46.83, 6.98	40:A100,35.10,100.00, 1.05, 3.02	45:A100,37.10,100.00, 2.19, 3.93	
0:A100,36.70,100.00,19.72, 0.12	5:C180,39.00,100.00,25.55,136.97	10:A100,38.40,100.00,15.43, 7.01	15:A100,37.70,100.00, 2.00,18.06	20:B220,38.00,100.00,160.65,36.02	25:A100,35.60,100.00,17.13, 2.86	30:A100,38.90,100.00, 5.43, 4.50	35:A100,39.20,100.00,46.83, 6.98	40:A100,35.60,100.00, 1.05, 3.02	45:A100,37.60,100.00, 2.19, 3.93	
0:A100,37.20,100.00,19.72, 0.12	5:C180,39.90,100.00,25.55,169.00	10:B000,38.40,100.00, 1.08, 7.01	15:A100,38.20,100.00, 2.00,18.06	20:B000,38.00,100.00,79.19,36.02	25:A100,36.10,100.00,17.13, 2.86	30:A100,39.40,100.00, 5.43, 4.50	35:A100,39.70,100.00,46.83, 6.98	40:A100,36.10,100.00, 1.05, 3.02	45:A100,38.10,100.00, 2.19, 3.93	
0:A100,37.70,100.00,19.72, 0.12	5:C180,40.80,100.00,25.55,177.19	10:A100,38.90,100.00, 1.08, 7.01	15:A100,38.70,100.00, 2.00,18.06	20:A100,38.50,100.00,79.19,36.02	25:A100,36.60,100.00,17.13, 2.86	30:A100,39.90,100.00, 5.43, 4.50	35:A100,40.20,100.00,46.83, 6.98	40:A100,36.60,100.00, 1.05, 3.02	45:A100,38.60,100.00, 2.19, 3.93	
0:A100,38.20,100.00,19.72, 0.12	5:C180,41.70,100.00,25.55,179.28	10:A100,39.40,100.00, 1.08, 7.01	15:A100,39.20,100.00, 2.00,18.06	20:B000,38.50,100.00,39.04,36.02	25:A100,37.10,100.00,17.13, 2.86	30:A100,40.40,100.00, 5.43, 4.50	35:A100,40.70,100.00,46.83, 6.98	40:A100,37.10,100.00, 1.05, 3.02	45:A100,39.10,100.00, 2.19, 3.93	
0:A100,38.70,100.00,19.72, 0.12	5:C000,41.70,100.00,25.55,45.81	10:A100,39.90,100.00, 1.08, 7.01	15:C180,40.10,100.00, 2.00,163.75	20:A100,39.00,100.00,39.04,36.02	25:A100,37.60,100.00,17.13, 2.86	30:A100,40.90,100.00, 5.43, 4.50	35:A100,41.20,100.00,46.83, 6.98	40:A100,37.60,100.00, 1.05, 3.02	45:A100,39.60,100.00, 2.19, 3.93	
0:A100,39.20,100.00,19.72, 0.12	5:A100,42.20,100.00,25.55,45.81	10:A100,40.40,100.00, 1.08, 7.01	15:C180,41.00,100.00, 2.00,178.37	20:A100,39.50,100.00,39.04,36.02	25:A100,38.10,100.00,17.13, 2.86	30:A100,41.40,100.00, 5.43, 4.50	35:A100,41.70,100.00,46.83, 6.98	40:A100,38.10,100.00, 1.05, 3.02	45:A100,40.10,100.00, 2.19, 3.93	
0:A100,39.70,100.00,19.72, 0.12	5:B220,43.30,100.00,170.31,45.81	10:A100,40.90,100.00, 1.08, 7.01	15:C000,41.00,100.00, 2.00,17.89	20:A100,40.00,100.00,39.04,36.02	25:A100,38.60,100.00,17.13, 2.86	30:A100,41.90,100.00, 5.43, 4.50	35:A100,42.20,100.00,46.83, 6.98	40:A100,38.60,100.00, 1.05, 3.02	45:A100,40.60,100.00, 2.19, 3.93	
0:A100,40.20,100.00,19.72, 0.12	5:A100,43.80,100.00,170.31,45.81	10:A100,41.40,100.00, 1.08, 7.01	15:A100,41.50,100.00, 2.00,17.89	20:A100,40.50,100.00,39.04,36.02	25:A100,39.10,100.00,17.13, 2.86	30:A100,42.40,100.00, 5.43, 4.50	35:A100,42.70,100.00,46.83, 6.98	40:A100,39.10,100.00, 1.05, 3.02	45:A100,41.10,100.00, 2.19, 3.93	
0:A100,40.70,100.00,19.72, 0.12	5:B220,44.90,100.00,207.30,45.81	10:A100,41.90,100.00, 1.08, 7.01	15:A100,42.00,100.00, 2.00,17.89	20:A100,41.00,100.00,39.04,36.02	25:A100,39.60,100.00,17.13, 2.86	30:A100,42.90,100.00, 5.43, 4.50	35:A100,43.20,100.00,46.83, 6.98	40:A100,39.60,100.00, 1.05, 3.02	45:A100,41.60,100.00, 2.19, 3.93	
0:A100,41.20,100.00,19.72, 0.12	5:B220,46.00,100.00,216.76,45.81	10:A100,42.40,100.00, 1.08, 7.01	15:A100,42.50,100.00, 2.00,17.89	20:A100,41.50,100.00,39.04,36.02	25:A100,40.10,100.00,17.13, 2.86	30:A100,43.40,100.00, 5.43, 4.50	35:A100,43.70,100.00,46.83, 6.98	40:A100,40.10,100.00, 1.05, 3.02	45:A100,42.10,100.00, 2.19, 3.93	
0:A100,41.70,100.00,19.72, 0.12	5:B000,46.00,100.00,55.39,45.81	10:A100,42.90,100.00, 1.08, 7.01	15:A100,43.00,100.00, 2.00,17.89	20:A100,42.00,100.00,39.04,36.02	25:A100,40.60,100.00,17.13, 2.86	30:A100,43.90,100.00, 5.43, 4.50	35:A100,44.20,100.00,46.83, 6.98	40:A100,40.60,100.00, 1.05, 3.02	45:A100,42.60,100.00, 2.19, 3.93	
0:A100,42.20,100.00,19.72, 0.12	5:A100,46.50,100.00,55.39,45.81	10:A100,43.40,100.00, 1.08, 7.01	15:A100,43.50,100.00, 2.00,17.89	20:A100,42.50,100.00,39.04,36.02	25:A100,41.10,100.00,17.13, 2.86	30:A100,44.40,100.00, 5.43, 4.50	35:A100,44.70,100.00,46.83, 6.98	40:A100,41.10,100.00, 1.05, 3.02	45:B220,43.70,100.00,215.24, 3.93	
0:A100,42.70,100.00,19.72, 0.12	5:A100,47.00,100.00,55.39,45.81	10:C000,43.40,100.00, 1.08, 0.49	15:A100,44.00,100.00, 2.00,17.89	20:A100,43.00,100.00,39.04,36.02	25:A100,41.60,100.00,17.13, 2.86	30:A100,44.90,100.00, 5.43, 4.50	35:A100,45.20,100.00,46.83, 6.98	40:A100,41.60,100.00, 1.05, 3.02	45:B220,44.80,100.00,219.90, 3.93	
0:A100,43.20,100.00,19.72, 0.12	5:A100,47.50,100.00,55.39,45.81	10:A100,43.90,100.00, 1.08, 0.49	15:A100,44.50,100.00, 2.00,17.89	20:A100,43.50,100.00,39.04,36.02	25:A100,42.10,100.00,17.13, 2.86	30:A100,45.40,100.00, 5.43, 4.50	35:A100,45.70,100.00,46.83, 6.98	40:A100,42.10,100.00, 1.05, 3.02	45:B000,44.80,100.00, 4.81, 3.93	
0:A100,43.70,100.00,19.72, 0.12	5:A100,48.00,100.00,55.39,45.81	10:A100,44.40,100.00, 1.08, 0.49	15:A100,45.00,100.00, 2.00,17.89	20:A100,44.00,100.00,39.04,36.02	25:A100,42.60,100.00,17.13, 2.86	30:A100,45.90,100.00, 5.43, 4.50	35:A100,46.20,100.00,46.83, 6.98	40:A100,42.60,100.00, 1.05, 3.02	45:A100,45.30,100.00, 4.81, 3.93	
0:A100,44.20,100.00,19.72, 0.12	5:A100,48.50,100.00,55.39,45.81	10:A100,44.90,100.00, 1.08, 0.49	15:A100,45.50,100.00, 2.00,17.89	20:B000,44.00,100.00,19.24,36.02	25:A100,43.10,100.00,17.13, 2.86	30:A100,46.40,100.00, 5.43, 4.50	35:A100,46.70,100.00,46.83, 6.98	40:A100,43.10,100.00, 1.05, 3.02	45:A100,45.80,100.00, 4.81, 3.93	
0:C180,45.10,100.00,19.72,163.86	5:A100,49.00,100.00,55.39,45.81	10:A100,45.40,100.00, 1.08, 0.49	15:A100,46.00,100.00, 2.00,17.89	20:A100,44.50,100.00,19.24,36.02	25:A100,43.60,100.00,17.13, 2.86	30:A100,46.90,100.00, 5.43, 4.50	35:A100,47.20,100.00,46.83, 6.98	40:A100,43.60,100.00, 1.05, 3.02	45:A100,46.30,100.00, 4.81, 3.93	
0:C000,45.10,100.00,19.72,14.70	5:A100,49.50,100.00,55.39,45.81	10:A100,45.90,100.00, 1.08, 0.49	15:A100,46.50,100.00, 2.00,17.89	20:A100,45.00,100.00,19.24,36.02	25:A100,44.10,100.00,17.13, 2.86	30:A100,47.40,100.00, 5.43, 4.50	35:A100,47.70,100.00,46.83, 6.98	40:A100,44.10,100.00, 1.05, 3.02	45:A100,46.80,100.00, 4.81, 3.93	
0:A100,45.60,100.00,19.72,14.70	5:A100,50.00,100.00,55.39,45.81	10:A100,46.40,100.00, 1.08, 0.49	15:A100,47.00,100.00, 2.00,17.89	20:A100,45.50,100.00,19.24,36.02	25:A100,44.60,100.00,17.13, 2.86	30:A100,47.90,100.00, 5.43, 4.50	35:A100,48.20,100.00,46.83, 6.98	40:A100,44.60,100.00, 1.05, 3.02	45:A100,47.30,100.00, 4.81, 3.93	
0:A100,46.10,100.00,19.72,14.70	5:A100,50.50,100.00,55.39,45.81	10:A100,46.90,100.00, 1.08, 0.49	15:A100,47.50,100.00, 2.00,17.89	20:A100,46.00,100.00,19.24,36.02	25:A100,45.10,100.00,17.13, 2.86	30:A100,48.40,100.00, 5.43, 4.50	35:A100,48.70,100.00,46.83, 6.98	40:A100,45.10,100.00, 1.05, 3.02	45:A100,47.80,100.00, 4.81, 3.93	
0:A100,46.60,100.00,19.72,14.70	5:A100,51.00,100.00,55.39,45.81	10:A100,47.40,100.00, 1.08, 0.49	15:A100,48.00,100.00, 2.00,17.89	20:A100,46.50,100.00,19.24,36.02	25:A100,45.60,100.00,17.13, 2.86	30:A100,48.90,100.00, 5.43, 4.50	35:A100,49.20,100.00,46.83, 6.98	40:A100,45.60,100.00, 1.05, 3.02	45:A100,48.30,100.00, 4.81, 3.93	
0:A100,47.10,100.00,19.72,14.70	5:C000,51.00,100.00,55.39,11.71	10:A100,47.90,100.00, 1.08, 0.49	15:A100,48.50,100.00, 2.00,17.89	20:A100,47.00,100.00,19.24,36.02	25:A100,46.10,100.00,17.13, 2.86	30:A100,49.40,100.00, 5.43, 4.50	35:A100,49.70,100.00,46.83, 6.98	40:A100,46.10,100.00, 1.05, 3.02	45:A100,48.80,100.00, 4.81, 3.93	
0:A100,47.60,100.00,19.72,14.70	5:A100,51.50,100.00,55.39,11.71	10:A100,48.40,100.00, 1.08, 0.49	15:A100,49.00,100.00, 2.00,17.89	20:A100,47.50,100.00,19.24,36.02	25:A100,46.60,100.00,17.13, 2.86	30:A100,49.90,100.00, 5.43, 4.50	35:A100,50.20,100.00,46.83, 6.98	40:A100,46.60,100.00, 1.05, 3.02	45:A100,49.30,100.00, 4.81, 3.93	
0:A100,48.10,100.00,19.72,14.70	5:A100,52.00,100.00,55.39,11.71	10:C000,48.40,100.00, 1.08, 0.03	15:A100,49.50,100.00, 2.00,17.89	20:C180,48.40,100.00,19.24,109.03	25:A100,47.10,100.00,17.13, 2.86	30:A100,50.40,100.00, 5.43, 4.50	35:A100,50.70,100.00,46.83, 6.98	40:A100,47.10,100.00, 1.05, 3.02	45:A100,49.80,100.00, 4.81, 3.93	
0:A100,48.60,100.00,19.72,14.70	5:A100,52.50,100.00,55.39,11.71	10:A100,48.90,100.00, 1.08, 0.03	15:A100,50.00,100.00, 2.00,17.89	20:A100,48.90,100.00,19.24,109.03	25:A100,47.60,100.00,17.13, 2.86	30:A100,50.90,100.00, 5.43, 4.50	35:A100,51.20,100.00,46.83, 6.98	40:A100,47.60,100.00, 1.05, 3.02	45:A100,50.30,100.00, 4.81, 3.93	
0:A100,49.10,100.00,19.72,14.70	5:A100,53.00,100.00,55.39,11.71	10:A100,49.40,100.00, 1.08, 0.03	15:A100,50.50,100.00, 2.00,17.89	20:A100,49.40,100.00,19.24,109.03	25:A100,48.10,100.00,17.13, 2.86	30:A100,51.40,100.00, 5.43, 4.50	35:A100,51.70,100.00,46.83, 6.98	40:A100,48.10,100.00, 1.05, 3.02	45:A100,50.80,100.00, 4.81, 3.93	
0:A100,49.60,100.00,19.72,14.70	5:A100,53.50,100.00,55.39,11.71	10:A100,49.90,100.00, 1.08, 0.03	15:A100,51.00,100.00, 2.00,17.89	20:C000,49.40,100.00,19.24,53.74	25:A100,48.60,100.00,17.13, 2.86	30:A100,51.90,100.00, 5.43, 4.50	35:A100,52.20,100.00,46.83, 6.98	40:A100,48.60,100.00, 1.05, 3.02	45:A100,51.30,100.00, 4.81, 3.93	
0:A100,50.10,100.00,19.72,14.70	5:B220,54.60,100.00,177.94,11.71	10:A100,50.40,100.00, 1.08, 0.03	15:A100,51.50,100.00, 2.00,17.89	20:A100,49.90,100.00,19.24,53.74	25:A100,49.10,100.00,17.13, 2.86	30:A100,52.40,100.00, 5.43, 4.50	35:A100,52.70,100.00,46.83, 6.98	40:A100,49.10,100.00, 1.05, 3.02	45:A100,51.80,100.00, 4.81, 3.93	
0:A100,50.60,100.00,19.72,14.70	5:B220,55.70,100.00,209.25,11.71	10:A100,50.90,100.00, 1.08, 0.03	15:A100,52.00,100.00, 2.00,17.89	20:B000,49.90,100.00, 9.49,53.74	25:A100,49.60,100.00,17.13, 2.86	30:A100,52.90,100.00, 5.43, 4.50	35:A100,53.20,100.00,46.83, 6.98	40:A100,49.60,100.00, 1.05, 3.02	45:A100,52.30,100.00, 4.81, 3.93	
0:A100,51.10,100.00,19.72,14.70	5:B220,56.80,100.00,217.25,11.71	10:A100,51.40,100.00, 1.08, 0.03	15:A100,52.50,100.00, 2.00,17.89	20:A100,50.40,100.00, 9.49,53.74	25:A100,50.10,100.00,17.13, 2.86	30:A100,53.40,100.00, 5.43, 4.50	35:A100,53.70,100.00,46.83, 6.98	40:A100,50.10,100.00, 1.05, 3.02	45:A100,52.80,100.00, 4.81, 3.93	
0:A100,51.60,100.00,19.72,14.70	5:B000,56.80,100.00,55.51,11.71	10:A100,51.90,100.00, 1.08, 0.03	15:A100,53.00,100.00, 2.00,17.89	20:A100,50.90,100.00, 9.49,53.74	25:A100,50.60,100.00,17.13, 2.86	30:A100,53.90,100.00, 5.43, 4.50	35:A100,54.20,100.00,46.83, 6.98	40:A100,50.60,100.00, 1.05, 3.02	45:A100,53.30,100.00, 4.81, 3.93	
0:A100,52.10,100.00,19.72,14.70	5:A100,57.30,100.00,55.51,11.71	10:A100,52.40,100.00, 1.08, 0.03	15:A100,53.50,100.00, 2.00,17.89	20:A100,51.40,100.00, 9.49,53.74	25:A100,51.10,100.00,17.13, 2.86	30:A100,54.40,100.00, 5.43, 4.50	35:B000,54.20,100.00,12.38, 6.98	40:A100,51.10,100.00, 1.05, 3.02	45:A100,53.80,100.00, 4.81, 3.93	
0:A100,52.60,100.00,19.72,14.70	5:A100,57.80,100.00,55.51,11.71	10:A100,52.90,100.00, 1.08, 0.03	15:A100,54.00,100.00, 2.00,17.89	20:A100,51.90,100.00, 9.49,53.74	25:A100,51.60,100.00,17.13, 2.86	30:A100,54.90,100.00, 5.43, 4.50	35:A100,54.70,100.00,12.38, 6.98	40:A100,51.60,100.00, 1.05, 3.02	45:A100,54.30,100.00, 4.81, 3.93	
0:A100,53.10,100.00,19.72,14.70	5:A100,58.30,100.00,55.51,11.71	10:A100,53.40,100.00, 1.08, 0.03	15:A100,54.50,100.00, 2.00,17.89	20:A100,52.40,100.00, 9.49,53.74	25:A100,52.10,100.00,17.13, 2.86	30:A100,55.40,100.00, 5.43, 4.50	35:A100,55.20,100.00,12.38, 6.98	40:A100,52.10,100.00, 1.05, 3.02	45:A100,54.80,100.00, 4.81, 3.93	
0:A100,53.60,100.00,19.72,14.70	5:A100,58.80,100.00,55.51,11.71	10:A100,53.90,100.00, 1.08, 0.03	15:A100,55.00,100.00, 2.00,17.89	20:C180,53.30,100.00, 9.49,117.76	25:A100,52.60,100.00,17.13, 2.86	30:A100,55.90,100.00, 5.43, 4.50	35:A100,55.70,100.00,12.38, 6.98	40:A100,52.60,100.00, 1.05, 3.02	45:A100,55.30,100.00, 4.81, 3.93	
0:A100,54.10,100.00,19.72,14.70	5:A100,59.30,100.00,55.51,11.71	10:A100,54.40,100.00, 1.08, 0.03	15:A100,55.50,100.00, 2.00,17.89	20:C000,53.30,100.00, 9.49,58.05	25:A100,53.10,100.00,17.13, 2.86	30:A100,56.40,100.00, 5.43, 4.50	35:A100,56.20,100.00,12.38, 6.98	40:A100,53.10,100.00, 1.05, 3.02	45:A100,55.80,100.00, 4.81, 3.93	
0:B220,55.20,100.00,202.03,14.70	5:A100,59.80,100.00,55.51,11.71	10:A100,54.90,100.00, 1.08, 0.03	15:A100,56.00,100.00, 2.00,17.89	20:A100,53.80,100.00, 9.49,58.05	25:A100,53.60,100.00,17.13, 2.86	30:A100,56.90,100.00, 5.43, 4.50	35:A100,56.70,100.00,12.38, 6.98	40:A100,53.60,100.00, 1.05, 3.02	45:A100,56.30,100.00, 4.81, 3.93	
0:B220,56.30,100.00,218.39,14.70	5:B000,59.80,100.00,14.19,11.71	10:A100,55.40,100.00, 1.08, 0.03	15:A100,56.50,100.00, 2.00,17.89	20:A100,54.30,100.00, 9.49,58.05	25:A100,54.10,100.00,17.13, 2.86	30:A100,57.40,100.00, 5.43, 4.50	35:A100,57.20,100.00,12.38, 6.98	40:A100,54.10,100.00, 1.05, 3.02	45:A100,56.80,100.00, 4.81, 3.93	
0:B220,57.40,100.00,219.86,14.70	5:A100,60.30,100.00,14.19,11.71	10:A100,55.90,100.00, 1.08, 0.03	15:A100,57.00,100.00, 2.00,17.89	20:A100,54.80,100.00, 9.49,58.05	25:A100,54.60,100.00,17.13, 2.86	30:A100,57.90,100.00, 5.43, 4.50	35:A100,57.70,100.00,12.38, 6.98	40:A100,54.60,100.00, 1.05, 3.02	45:A100,57.30,100.00, 4.81, 3.93	
0:B000,57.40,100.00,19.72,14.70	5:A100,60.80,100.00,14.19,11.71	10:A100,56.40,100.00, 1.08, 0.03	15:A100,57.50,100.00, 2.00,17.89	20:A100,55.30,100.00, 9.49,58.05	25:A100,55.10,100.00,17.13, 2.86	30:A100,58.40,100.00, 5.43, 4.50	35:A100,58.20,100.00,12.38, 6.98	40:A100,55.10,100.00, 1.05, 3.02	45:A100,57.80,100.00, 4.81, 3.93	
0:A100,57.90,100.00,19.72,14.70	5:A100,61.30,100.00,14.19,11.71	10:A100,56.90,100.00, 1.08, 0.03	15:A100,58.00,100.00, 2.00,17.89	20:A100,55.80,100.00, 9.49,58.05	25:A100,55.60,100.00,17.13, 2.86	30:A100,58.90,100.00, 5.43, 4.50	35:A100,58.70,100.00,12.38, 6.98	40:A100,55.60,100.00, 1.05, 3.02	45:A100,58.30,100.00, 4.81, 3.93	
0:A100,58.40,100.00,19.72,14.70	5:A100,61.80,100.00,14.19,11.71	10:A100,57.40,100.00, 1.08, 0.03	15:A100,58.50,100.00, 2.00,17.89	20:A100,56.30,100.00, 9.49,58.05	25:A100,56.10,100.00,17.13, 2.86	30:A100,59.40,100.00, 5.43, 4.50	35:A100,59.20,100.00,12.38, 6.98	40:A100,56.10,100.00, 1.05, 3.02	45:A100,58.80,100.00, 4.81, 3.93	
0:A100,58.90,100.00,19.72,14.70	5:A100,62.30,100.00,14.19,11.71	10:A100,57.90,100.00, 1.08, 0.03	15:A100,59.00,100.00, 2.00,17.89	20:A100,56.80,100.00, 9.49,58.05	25:A100,56.60,100.00,17.13, 2.86	30:A100,59.90,100.00, 5.43, 4.50	35:A100,59.70,100.00,12.38, 6.98	40:A100,56.60,100.00, 1.05, 3.02	45:A100,59.30,100.00, 4.81, 3.93	
0:A100,59.40,100.00,19.72,14.70	5:A100,62.80,100.00,14.19,11.71	10:A100,58.40,100.00, 1.08, 0.03	15:A100,59.50,100.00, 2.00,17.89	20:A100,57.30,100.00, 9.49,58.05	25:A100,57.10,100.00,17.13, 2.86	30:A100,60.40,100.00, 5.43, 4.50	35:A100,60.20,100.00,12.38, 6.98	40:A100,57.10,100.00, 1.05, 3.02	45:A100,59.80,100.00, 4.81, 3.93	
0:A100,59.90,100.00,19.72,14.70	5:A100,63.30,100.00,14.19,11.71	10:A100,58.90,100.00, 1.08, 0.03	15:A100,60.00,100.00, 2.00,17.89	20:A100,57.80,100.00, 9.49,58.05	25:A100,57.60,100.00,17.13, 2.86	30:A100,60.90,100.00, 5.43, 4.50	35:A100,60.70,100.00,12.38, 6.98	40:A100,57.60,100.00, 1.05, 3.02	45:A100,60.30,100.00, 4.81, 3.93	
0:A100,60.40,100.00,19.72,14.70	5:A100,63.80,100.00,14.19,11.71	10:A100,59.40,100.00, 1.08, 0.03	15:A100,60.50,100.00, 2.00,17.89	20:A100,58.30,100.00, 9.49,58.05	25:A100,58.10,100.00,17.13, 2.86	30:A100,61.40,100.00, 5.43, 4.50	35:A100,61.20,100.00,12.38, 6.98	40:A100,58.10,100.00, 1.05, 3.02	45:A100,60.80,100.00, 4.81, 3.93	
0:A100,60.90,100.00,19.72,14.70	5:A100,64.30,100.00,14.19,11.71	10:A100,59.90,100.00, 1.08, 0.03	15:A100,61.00,100.00, 2.00,17.89	20:A100,58.80,100.00, 9.49,58.05	25:A100,58.60,100.00,17.13, 2.86	30:A100,61.90,100.00, 5.43, 4.50	35:A100,61.70,100.00,12.38, 6.98	40:A100,58.60,100.00, 1.05, 3.02	45:A100,61.30,100.00, 4.81, 3.93	
0:A100,61.40,100.00,19.72,14.70	5:A100,64.80,100.00,14.19,11.71	10:A100,60.40,100.00, 1.08, 0.03	15:A100,61.50,100.00, 2.00,17.89	20:A100,59.30,100.00, 9.49,58.05	25:A100,59.10,100.00,17.13, 2.86	30:A100,62.40,100.00, 5.43, 4.50	35:A100,62.20,100.00,12.38, 6.98	40:A100,59.10,100.00, 1.05, 3.02	45:A100,61.80,100.00, 4.81, 3.93	
0:A100,61.90,100.00,19.72,14.70	5:A100,65.30,100.00,14.19,11.71	10:A100,60.90,100.00, 1.08, 0.03	15:A100,62.00,100.00, 2.00,17.89	20:A100,59.80,100.00, 9.49,58.05	25:A100,59.60,100.00,17.13, 2.86	30:A100,62.90,100.00, 5.43, 4.50	35:A100,62.70,100.00,12.38, 6.98	40:A100,59.60,100.00, 1.05, 3.02	45:A100,62.30,100.00, 4.81, 3.93	
0:A100,62.40,100.00,19.72,14.70	5:A100,65.80,100.00,14.19,11.71	10:A100,61.40,100.00, 1.08, 0.03	15:A100,62.50,100.00, 2.00,17.89	20:A100,60.30,100.00, 9.49,58.05	25:A100,60.10,100.00,17.13, 2.86	30:A100,63.40,100.00, 5.43, 4.50	35:A100,63.20,100.00,12.38, 6.98	40:A100,60.10,100.00, 1.05, 3.02	45:A100,62.80,100.00, 4.81, 3.93	
0:A100,62.90,100.00,19.72,14.70	5:A100,66.30,100.00,14.19,11.71	10:A100,61.90,100.00, 1.08, 0.03	15:A100,63.00,100.00, 2.00,17.89	20:C180,61.20,100.00, 9.49,119.89	25:A100,60.60,100.00,17.13, 2.86	30:A100,63.90,100.00, 5.43, 4.50	35:A100,63.70,100.00,12.38, 6.98	40:A100,60.60,100.00, 1.05, 3.02	45:A100,63.30,100.00, 4.81, 3.93	
0:A100,63.40,100.00,19.72,14.70	5:A100,66.80,100.00,14.19,11.71	10:A100,62.40,100.00, 1.08, 0.03	15:A100,63.50,100.00, 2.00,17.89	20:C000,61.20,100.00, 9.49,59.10	25:A100,61.10,100.00,17.13, 2.86	30:A100,64.40,100.00, 5.43, 4.50	35:A100,64.20,100.00,12.38, 6.98	40:A100,61.10,100.00, 1.05, 3.02	45:A100,63.80,100.00, 4.81, 3.93	
0:A100,63.90,100.00,19.72,14.70	5:A100,67.30,100.00,14.19,11.71	10:A100,62.90,100.00, 1.08, 0.03	15:A100,64.00,100.00, 2.00,17.89	20:A100,61.70,100.00, 9.49,59.10	25:A100,61.60,100.00,17.13, 2.86	30:A100,64.90,100.00, 5.43, 4.50	35:A100,64.70,100.00,12.38, 6.98	40:A100,61.60,100.00, 1.05, 3.02	45:A100,64.30,100.00, 4.81, 3.93	
0:A100,64.40,100.00,19.72,14.70	5:A100,67.80,100.00,14.19,11.71	10:A100,63.40,100.00, 1.08, 0.03	15:A100,64.50,100.00, 2.00,17.89	20:A100,62.20,100.00, 9.49,59.10	25:A100,62.10,100.00,17.13, 2.86	30:A100,65.40,100.00, 5.43, 4.50	35:A100,65.20,100.00,12.38, 6.98	40:A100,62.10,100.00, 1.05, 3.02	45:A100,64.80,100.00, 4.81, 3.93	
0:A100,64.90,100.00,19.72,14.70	5:A100,68.30,100.00,14.19,11.71	10:A100,63.90,100.00, 1.08, 0.03	15:A100,65.00,100.00, 2.00,17.89	20:A100,62.70,100.00, 9.49,59.10	25:A100,62.60,100.00,17.13, 2.86	30:A100,65.90,100.00, 5.43, 4.50	35:A100,65.70,100.00,12.38, 6.98	40:A100,62.60,100.00, 1.05, 3.02	45:A100,65.30,100.00, 4.81, 3.93	
0:A100,65.40,100.00,19.72,14.70	5:A100,68.80,100.00,14.19,11.71	10:A100,64.40,100.00, 1.08, 0.03	15:A100,65.50,100.00, 2.00,17.89	20:A100,63.20,100.00, 9.49,59.10	25:A100,63.10,100.00,17.13, 2.86	30:A100,66.40,100.00, 5.43, 4.50	35:A100,66.20,100.00,12.38, 6.98	40:A100,63.10,100.00, 1.05, 3.02	45:A100,65.80,100.00, 4.81, 3.93	
0:A100,65.90,100.00,19.72,14.70	5:A100,69.30,100.00,14.19,11.71	10:A100,64.90,100.00, 1.08, 0.03	15:A100,66.00,100.00, 2.00,17.89	20:A100,63.70,100.00, 9.49,59.10	25:A100,63.60,100.00,17.13, 2.86	30:A100,66.90,100.00, 5.43, 4.50	35:A100,66.70,100.00,12.38, 6.98	40:A100,63.60,100.00, 1.05, 3.02	45:A100,66.30,100.00, 4.81, 3.93	
0:A100,66.40,100.00,19.72,14.70	5:A100,69.80,100.00,14.19,11.71	10:A100,65.40,100.00, 1.08, 0.03	15:A100,66.50,100.00, 2.00,17.89	20:A100,64.20,100.00, 9.49,59.10	25:A100,64.10,100.00,17.13, 2.86	30:A100,67.40,100.00, 5.43, 4.50	35:A100,67.20,100.00,12.38, 6.98	40:A100,64.10,100.00, 1.05, 3.02	45:A100,66.80,100.00, 4.81, 3.93	
0:A100,66.90,100.00,19.72,14.70	5:A100,70.30,100.00,14.19,11.71	10:A100,65.90,100.00, 1.08, 0.03	15:A100,67.00,100.00, 2.00,17.89	20:A100,64.70,100.00, 9.49,59.10	25:A100,64.60,100.00,17.13, 2.86	30:A100,67.90,100.00, 5.43, 4.50	35:A100,67.70,100.00,12.38, 6.98	40:A100,64.60,100.00, 1.05, 3.02	45:A100,67.30,100.00, 4.81, 3.93	
0:A100,67.40,100.00,19.72,14.70	5:A100,70.80,100.00,14.19,11.71	10:A100,66.40,100.00, 1.08, 0.03	15:A100,67.50,100.00, 2.00,17.89	20:A100,65.20,100.00, 9.49,59.10	25:A100,65.10,100.00,17.13, 2.86	30:A100,68.40,100.00, 5.43, 4.50	35:A100,68.20,100.00,12.38, 6.98	40:A100,65.10,100.00, 1.05, 3.02	45:B000,67.30,100.00, 0.11, 3.93	
0:A100,67.90,100.00,19.72,14.70	5:A100,71.30,100.00,14.19,11.71	10:A100,66.90,100.00, 1.08, 0.03	15:A100,68.00,100.00, 2.00,17.89	20:A100,65.70,100.00, 9.49,59.10	25:A100,65.60,100.00,17.13, 2.86	30:A100,68.90,100.00, 5.43, 4.50	35:A100,68.70,100.00,12.38, 6.98	40:A100,65.60,100.00, 1.05, 3.02	45:A100,67.80,100.00, 0.11, 3.93	
0:A100,68.40,100.00,19.72,14.70	5:A100,71.80,100.00,14.19,11.71	10:A100,67.40,100.00, 1.08, 0.03	15:A100,68.50,100.00, 2.00,17.89	20:C180,66.60,100.00, 9.49,120.40	25:A100,66.10,100.00,17.13, 2.86	30:A100,69.40,100.00, 5.43, 4.50	35:A100,69.20,100.00,12.38, 6.98	40:A100,66.10,100.00, 1.05, 3.02	45:A100,68.30,100.00, 0.11, 3.93	
0:A100,68.90,100.00,19.72,14.70	5:A100,72.30,100.00,14.19,11.71	10:A100,67.90,100.00, 1.08, 0.03	15:A100,69.00,100.00, 2.00,17.89	20:C000,66.60,100.00, 9.49,59.35	25:A100,66.60,100.00,17.13, 2.86	30:A100,69.90,100.00, 5.43, 4.50	35:A100,69.70,100.00,12.38, 6.98	40:A100,66.60,100.00, 1.05, 3.02	45:A100,68.80,100.00, 0.11, 3.93	
0:A100,69.40,100.00,19.72,14.70	5:A100,72.80,100.00,14.19,11.71	10:A100,68.40,100.00, 1.08, 0.03	15:A100,69.50,100.00, 2.00,17.89	20:A100,67.10,100.00, 9.49,59.35	25:A100,67.10,100.00,17.13, 2.86	30:C000,69.90,100.00, 5.43, 0.11	35:A100,70.20,100.00,12.38, 6.98	40:A100,67.10,100.00, 1.05, 3.02	45:A100,69.30,100.00, 0.11, 3.93	
0:A100,69.90,100.00,19.72,14.70	5:A100,73.30,100.00,14.19,11.71	10:A100,68.90,100.00, 1.08, 0.03	15:A100,70.00,100.00, 2.00,17.89	20:A100,67.60,100.00, 9.49,59.35	25:A100,67.60,100.00,17.13, 2.86	30:A100,70.40,100.00, 5.43, 0.11	35:A100,70.70,100.00,12.38, 6.98	40:A100,67.60,100.00, 1.05, 3.02	45:A100,69.80,100.00, 0.11, 3.93	
0:A100,70.40,100.00,19.72,14.70	5:A100,73.80,100.00,14.19,11.71	10:A100,69.40,100.00, 1.08, 0.03	15:A100,70.50,100.00, 2.00,17.89	20:A100,68.10,100.00, 9.49,59.35	25:A100,68.10,100.00,17.13, 2.86	30:C180,71.30,100.00, 5.43,175.45	35:A100,71.20,100.00,12.38, 6.98	40:A100,68.10,100.00, 1.05, 3.02	45:A100,70.30,100.00, 0.11, 3.93	
0:C000,70.40,100.00,19.72, 1.32	5:A100,74.30,100.00,14.19,11.71	10:A100,69.90,100.00, 1.08, 0.03	15:A100,71.00,100.00, 2.00,17.89	20:A100,68.60,100.00, 9.49,59.35	25:A100,68.60,100.00,17.13, 2.86	30:C180,72.20,100.00, 5.43,179.88	35:A100,71.70,100.00,12.38, 6.98	40:A100,68.60,100.00, 1.05, 3.02	45:A100,70.80,100.00, 0.11, 3.93	
0:A100,70.90,100.00,19.72, 1.32	5:C180,75.20,100.00,14.19,137.00	10:A100,70.40,100.00, 1.08, 0.03	15:A100,71.50,100.00, 2.00,17.89	20:A100,69.10,100.00, 9.49,59.35	25:A100,69.10,100.00,17.13, 2.86	30:C180,73.10,100.00, 5.43,180.00	35:A100,72.20,100.00,12.38, 6.98	40:A100,69.10,100.00, 1.05, 3.02	45:A100,71.30,100.00, 0.11, 3.93	
0:A100,71.40,100.00,19.72, 1.32	5:C000,75.20,100.00,14.19,35.01	10:A100,70.90,100.00, 1.08, 0.03	15:A100,72.00,100.00, 2.00,17.89	20:A100,69.60,100.00, 9.49,59.35	25:A100,69.60,100.00,17.13, 2.86	30:C180,74.00,100.00, 5.43,180.00	35:A100,72.70,100.00,12.38, 6.98	40:A100,69.60,100.00, 1.05, 3.02	45:A100,71.80,100.00, 0.11, 3.93	
0:A100,71.90,100.00,19.72, 1.32	5:A100,75.70,100.00,14.19,35.01	10:A100,71.40,100.00, 1.08, 0.03	15:A100,72.50,100.00, 2.00,17.89	20:A100,70.10,100.00, 9.49,59.35	25:A100,70.10,100.00,17.13, 2.86	30:C180,74.90,100.00, 5.43,180.00	35:A100,73.20,100.00,12.38, 6.98	40:A100,70.10,100.00, 1.05, 3.02	45:A100,72.30,100.00, 0.11, 3.93	
0:A100,72.40,100.00,19.72, 1.32	5:A100,76.20,100.00,14.19,35.01	10:A100,71.90,100.00, 1.08, 0.03	15:A100,73.00,100.00, 2.00,17.89	20:A100,70.60,100.00, 9.49,59.35	25:A100,70.60,100.00,17.13, 2.86	30:C180,75.80,100.00, 5.43,180.00	35:A100,73.70,100.00,12.38, 6.98	40:A100,70.60,100.00, 1.05, 3.02	45:A100,72.80,100.00, 0.11, 3.93	
0:A100,72.90,100.00,19.72, 1.32	5:A100,76.70,100.00,14.19,35.01	10:A100,72.40,100.00, 1.08, 0.03	15:A100,73.50,100.00, 2.00,17.89	20:A100,71.10,100.00, 9.49,59.35	25:A100,71.10,100.00,17.13, 2.86	30:C000,75.80,100.00, 5.43, 4.55	35:A100,74.20,100.00,12.38, 6.98	40:A100,71.10,100.00, 1.05, 3.02	45:A100,73.30,100.00, 0.11, 3.93	
0:A100,73.40,100.00,19.72, 1.32	5:A100,77.20,100.00,14.19,35.01	10:A100,72.90,100.00, 1.08, 0.03	15:A100,74.00,100.00, 2.00,17.89	20:A100,71.60,100.00, 9.49,59.35	25:A100,71.60,100.00,17.13, 2.86	30:A100,76.30,100.00, 5.43, 4.55	35:A100,74.70,100.00,12.38, 6.98	40:A100,71.60,100.00, 1.05, 3.02	45:A100,73.80,100.00, 0.11, 3.93	
0:B220,74.50,100.00,202.03, 1.32	5:A100,77.70,100.00,14.19,35.01	10:A100,73.40,100.00, 1.08, 0.03	15:A100,74.50,100.00, 2.00,17.89	20:A100,72.10,100.00, 9.49,59.35	25:A100,72.10,100.00,17.13, 2.86	30:A100,76.80,100.00, 5.43, 4.55	35:A100,75.20,100.00,12.38, 6.98	40:A100,72.10,100.00, 1.05, 3.02	45:A100,74.30,100.00, 0.11, 3.93	
0:B000,74.50,100.00,18.12, 1.32	5:A100,78.20,100.00,14.19,35.01	10:A100,73.90,100.00, 1.08, 0.03	15:A100,75.00,100.00, 2.00,17.89	20:A100,72.60,100.00, 9.49,59.35	25:A100,72.60,100.00,17.13, 2.86	30:A100,77.30,100.00, 5.43, 4.55	35:A100,75.70,100.00,12.38, 6.98	40:A100,72.60,100.00, 1.05, 3.02	45:A100,74.80,100.00, 0.11, 3.93	
0:A100,75.00,100.00,18.12, 1.32	5:A100,78.70,100.00,14.19,35.01	10:A100,74.40,100.00, 1.08, 0.03	15:A100,75.50,100.00, 2.00,17.89	20:A100,73.10,100.00, 9.49,59.35	25:A100,73.10,100.00,17.13, 2.86	30:A100,77.80,100.00, 5.43, 4.55	35:A100,76.20,100.00,12.38, 6.98	40:A100,73.10,100.00, 1.05, 3.02	45:A100,75.30,100.00, 0.11, 3.93	
0:A100,75.50,100.00,18.12, 1.32	5:A100,79.20,100.00,14.19,35.01	10:A100,74.90,100.00, 1.08, 0.03	15:A100,76.00,100.00, 2.00,17.89	20:C180,74.00,100.00, 9.49,120.53	25:A100,73.60,100.00,17.13, 2.86	30:A100,78.30,100.00, 5.43, 4.55	35:A100,76.70,100.00,12.38, 6.98	40:A100,73.60,100.00, 1.05, 3.02	45:B220,76.40,100.00,215.19, 3.93	
0:A100,76.00,100.00,18.12, 1.32	5:A100,79.70,100.00,14.19,35.01	10:A100,75.40,100.00, 1.08, 0.03	15:A100,76.50,100.00, 2.00,17.89	20:C000,74.00,100.00, 9.49,59.41	25:A100,74.10,100.00,17.13, 2.86	30:A100,78.80,100.00, 5.43, 4.55	35:A100,77.20,100.00,12.38, 6.98	40:A100,74.10,100.00, 1.05, 3.02	45:B220,77.50,100.00,219.89, 3.93	
0:A100,76.50,100.00,18.12, 1.32	5:A100,80.20,100.00,14.19,35.01	10:A100,75.90,100.00, 1.08, 0.03	15:A100,77.00,100.00, 2.00,17.89	20:A100,74.50,100.00, 9.49,59.41	25:A100,74.60,100.00,17.13, 2.86	30:A100,79.30,100.00, 5.43, 4.55	35:A100,77.70,100.00,12.38, 6.98	40:A100,74.60,100.00, 1.05, 3.02	45:B220,78.60,100.00,220.00, 3.93	
0:A100,77.00,100.00,18.12, 1.32	5:A100,80.70,100.00,14.19,35.01	10:A100,76.40,100.00, 1.08, 0.03	15:A100,77.50,100.00, 2.00,17.89	20:A100,75.00,100.00, 9.49,59.41	25:A100,75.10,100.00,17.13, 2.86	30:A100,79.80,100.00, 5.43, 4.55	35:A100,78.20,100.00,12.38, 6.98	40:A100,75.10,100.00, 1.05, 3.02	45:B000,78.60,100.00, 4.81, 3.93	
0:A100,77.50,100.00,18.12, 1.32	5:A100,81.20,100.00,14.19,35.01	10:A100,76.90,100.00, 1.08, 0.03	15:A100,78.00,100.00, 2.00,17.89	20:A100,75.50,100.00, 9.49,59.41	25:A100,75.60,100.00,17.13, 2.86	30:A100,80.30,100.00, 5.43, 4.55	35:A100,78.70,100.00,12.38, 6.98	40:A100,75.60,100.00, 1.05, 3.02	45:A100,79.10,100.00, 4.81, 3.93	
0:A100,78.00,100.00,18.12, 1.32	5:A100,81.70,100.00,14.19,35.01	10:A100,77.40,100.00, 1.08, 0.03	15:A100,78.50,100.00, 2.00,17.89	20:C000,75.50,100.00, 9.49,29.29	25:A100,76.10,100.00,17.13, 2.86	30:A100,80.80,100.00, 5.43, 4.55	35:A100,79.20,100.00,12.38, 6.98	40:A100,76.10,100.00, 1.05, 3.02	45:A100,79.60,100.00, 4.81, 3.93	
0:A100,78.50,100.00,18.12, 1.32	5:A100,82.20,100.00,14.19,35.01	10:A100,77.90,100.00, 1.08, 0.03	15:A100,79.00,100.00, 2.00,17.89	20:A100,76.00,100.00, 9.49,29.29	25:A100,76.60,100.00,17.13, 2.86	30:A100,81.30,100.00, 5.43, 4.55	35:A100,79.70,100.00,12.38, 6.98	40:A100,76.60,100.00, 1.05, 3.02	45:A100,80.10,100.00, 4.81, 3.93	
0:B000,78.50,100.00, 1.63, 1.32	5:A100,82.70,100.00,14.19,35.01	10:A100,78.40,100.00, 1.08, 0.03	15:A100,79.50,100.00, 2.00,17.89	20:A100,76.50,100.00, 9.49,29.29	25:A100,77.10,100.00,17.13, 2.86	30:A100,81.80,100.00, 5.43, 4.55	35:A100,80.20,100.00,12.38, 6.98	40:A100,77.10,100.00, 1.05, 3.02	45:A100,80.60,100.00, 4.81, 3.93	
0:A100,79.00,100.00, 1.63, 1.32	5:A100,83.20,100.00,14.19,35.01	10:A100,78.90,100.00, 1.08, 0.03	15:A100,80.00,100.00, 2.00,17.89	20:A100,77.00,100.00, 9.49,29.29	25:A100,77.60,100.00,17.13, 2.86	30:A100,82.30,100.00, 5.43, 4.55	35:A100,80.70,100.00,12.38, 6.98	40:A100,77.60,100.00, 1.05, 3.02	45:A100,81.10,100.00, 4.81, 3.93	
0:A100,79.50,100.00, 1.63, 1.32	5:A100,83.70,100.00,14.19,35.01	10:A100,79.40,100.00, 1.08, 0.03	15:A100,80.50,100.00, 2.00,17.89	20:A100,77.50,100.00, 9.49,29.29	25:A100,78.10,100.00,17.13, 2.86	30:A100,82.80,100.00, 5.43, 4.55	35:A100,81.20,100.00,12.38, 6.98	40:A100,78.10,100.00, 1.05, 3.02	45:A100,81.60,100.00, 4.81, 3.93	
0:A100,80.00,100.00, 1.63, 1.32	5:A100,84.20,100.00,14.19,35.01	10:A100,79.90,100.00, 1.08, 0.03	15:A100,81.00,100.00, 2.00,17.89	20:A100,78.00,100.00, 9.49,29.29	25:A100,78.60,100.00,17.13, 2.86	30:A100,83.30,100.00, 5.43, 4.55	35:A100,81.70,100.00,12.38, 6.98	40:A100,78.60,100.00, 1.05, 3.02	45:A100,82.10,100.00, 4.81, 3.93	
0:A100,80.50,100.00, 1.63, 1.32	5:A100,84.70,100.00,14.19,35.01	10:A100,80.40,100.00, 1.08, 0.03	15:A100,81.50,100.00, 2.00,17.89	20:A100,78.50,100.00, 9.49,29.29	25:A100,79.10,100.00,17.13, 2.86	30:A100,83.80,100.00, 5.43, 4.55	35:A100,82.20,100.00,12.38, 6.98	40:A100,79.10,100.00, 1.05, 3.02	45:A100,82.60,100.00, 4.81, 3.93	
0:A100,81.00,100.00, 1.63, 1.32	5:A100,85.20,100.00,14.19,35.01	10:A100,80.90,100.00, 1.08, 0.03	15:A100,82.00,100.00, 2.00,17.89	20:A100,79.00,100.00, 9.49,29.29	25:A100,79.60,100.00,17.13, 2.86	30:A100,84.30,100.00, 5.43, 4.55	35:A100,82.70,100.00,12.38, 6.98	40:A100,79.60,100.00, 1.05, 3.02	45:A100,83.10,100.00, 4.81, 3.93	
0:A100,81.50,100.00, 1.63, 1.32	5:A100,85.70,100.00,14.19,35.01	10:A100,81.40,100.00, 1.08, 0.03	15:A100,82.50,100.00, 2.00,17.89	20:A100,79.50,100.00, 9.49,29.29	25:C000,79.60,100.00,17.13, 0.87	30:A100,84.80,100.00, 5.43, 4.55	35:A100,83.20,100.00,12.38, 6.98	40:A100,80.10,100.00, 1.05, 3.02	45:A100,83.60,100.00, 4.81, 3.93	
0:A100,82.00,100.00, 1.63, 1.32	5:A100,86.20,100.00,14.19,35.01	10:A100,81.90,100.00, 1.08, 0.03	15:A100,83.00,100.00, 2.00,17.89	20:A100,80.00,100.00, 9.49,29.29	25:A100,80.10,100.00,17.13, 0.87	30:A100,85.30,100.00, 5.43, 4.55	35:A100,83.70,100.00,12.38, 6.98	40:A100,80.60,100.00, 1.05, 3.02	45:A100,84.10,100.00, 4.81, 3.93	
0:A100,82.50,100.00, 1.63, 1.32	5:A100,86.70,100.00,14.19,35.01	10:A100,82.40,100.00, 1.08, 0.03	15:A100,83.50,100.00, 2.00,17.89	20:B220,81.10,100.00,116.23,29.29	25:A100,80.60,100.00,17.13, 0.87	30:A100,85.80,100.00, 5.43, 4.55	35:A100,84.20,100.00,12.38, 6.98	40:A100,81.10,100.00, 1.05, 3.02	45:A100,84.60,100.00, 4.81, 3.93	
0:A100,83.00,100.00, 1.63, 1.32	5:A100,87.20,100.00,14.19,35.01	10:A100,82.90,100.00, 1.08, 0.03	15:A100,84.00,100.00, 2.00,17.89	20:A100,81.60,100.00,116.23,29.29	25:A100,81.10,100.00,17.13, 0.87	30:A100,86.30,100.00, 5.43, 4.55	35:A100,84.70,100.00,12.38, 6.98	40:A100,81.60,100.00, 1.05, 3.02	45:A100,85.10,100.00, 4.81, 3.93	
0:A100,83.50,100.00, 1.63, 1.32	5:A100,87.70,100.00,14.19,35.01	10:A100,83.40,100.00, 1.08, 0.03	15:A100,84.50,100.00, 2.00,17.89	20:B220,82.70,100.00,168.84,29.29	25:A100,81.60,100.00,17.13, 0.87	30:A100,86.80,100.00, 5.43, 4.55	35:A100,85.20,100.00,12.38, 6.98	40:A100,82.10,100.00, 1.05, 3.02	45:A100,85.60,100.00, 4.81, 3.93	
0:A100,84.00,100.00, 1.63, 1.32	5:A100,88.20,100.00,14.19,35.01	10:A100,83.90,100.00, 1.08, 0.03	15:A100,85.00,100.00, 2.00,17.89	20:B220,83.80,100.00,194.78,29.29	25:A100,82.10,100.00,17.13, 0.87	30:A100,87.30,100.00, 5.43, 4.55	35:A100,85.70,100.00,12.38, 6.98	40:A100,82.60,100.00, 1.05, 3.02	45:A100,86.10,100.00, 4.81, 3.93	
0:A100,84.50,100.00, 1.63, 1.32	5:A100,88.70,100.00,14.19,35.01	10:A100,84.40,100.00, 1.08, 0.03	15:A100,85.50,100.00, 2.00,17.89	20:B220,84.90,100.00,207.57,29.29	25:A100,82.60,100.00,17.13, 0.87	30:A100,87.80,100.00, 5.43, 4.55	35:A100,86.20,100.00,12.38, 6.98	40:A100,83.10,100.00, 1.05, 3.02	45:A100,86.60,100.00, 4.81, 3.93	
0:A100,85.00,100.00, 1.63, 1.32	5:A100,89.20,100.00,14.19,35.01	10:A100,84.90,100.00, 1.08, 0.03	15:C180,86.40,100.00, 2.00,163.74	20:B000,84.90,100.00,102.32,29.29	25:A100,83.10,100.00,17.13, 0.87	30:A100,88.30,100.00, 5.43, 4.55	35:A100,86.70,100.00,12.38, 6.98	40:A100,83.60,100.00, 1.05, 3.02	45:A100,87.10,100.00, 4.81, 3.93	
0:A100,85.50,100.00, 1.63, 1.32	5:A100,89.70,100.00,14.19,35.01	10:A100,85.40,100.00, 1.08, 0.03	15:C180,87.30,100.00, 2.00,178.37	20:A100,85.40,100.00,102.32,29.29	25:A100,83.60,100.00,17.13, 0.87	30:A100,88.80,100.00, 5.43, 4.55	35:A100,87.20,100.00,12.38, 6.98	40:A100,84.10,100.00, 1.05, 3.02	45:A100,87.60,100.00, 4.81, 3.93	
0:A100,86.00,100.00, 1.63, 1.32	5:A100,90.20,100.00,14.19,35.01	10:A100,85.90,100.00, 1.08, 0.03	15:C000,87.30,100.00, 2.00,17.89	20:A100,85.90,100.00,102.32,29.29	25:A100,84.10,100.00,