each row consists of groups of data for each agent, in form:	agentNum(learningParameter):choice,fitness,[expA,expB,expC]where choice has letter chosen and reward received
each column consists of every trial for the same agent.
this entire file is from Generation 50

0(0.8450344041469574):C180,00.90,[100.00,100.00,167.60]	5(0.6991693562564782):A100,00.50,[100.00,100.00,100.00]	10(0.7668008154603817):B220,01.10,[100.00,192.02,100.00]	15(0.7672269573951788):B000,00.00,[100.00,23.28,100.00]	20(0.9230531689320848):A100,00.50,[100.00,100.00,100.00]	25(0.8206751703863207):C000,00.00,[100.00,100.00,17.93]	30(0.7833537621355822):C180,00.90,[100.00,100.00,162.67]	35(0.8379963016120241):C000,00.00,[100.00,100.00,16.20]	40(0.8969942766480135):A100,00.50,[100.00,100.00,100.00]	45(0.6971342604927365):A100,00.50,[100.00,100.00,100.00]	
0(0.8450344041469574):C000,00.90,[100.00,100.00,25.97]	5(0.6991693562564782):C000,00.50,[100.00,100.00,30.08]	10(0.7668008154603817):B000,01.10,[100.00,44.78,100.00]	15(0.7672269573951788):A100,00.50,[100.00,23.28,100.00]	20(0.9230531689320848):C180,01.40,[100.00,100.00,173.84]	25(0.8206751703863207):A100,00.50,[100.00,100.00,17.93]	30(0.7833537621355822):C000,00.90,[100.00,100.00,35.24]	35(0.8379963016120241):A100,00.50,[100.00,100.00,16.20]	40(0.8969942766480135):B000,00.50,[100.00,10.30,100.00]	45(0.6971342604927365):A100,01.00,[100.00,100.00,100.00]	
0(0.8450344041469574):B000,00.90,[100.00,15.50,25.97]	5(0.6991693562564782):A100,01.00,[100.00,100.00,30.08]	10(0.7668008154603817):A100,01.60,[100.00,44.78,100.00]	15(0.7672269573951788):C000,00.50,[100.00,23.28,23.28]	20(0.9230531689320848):C180,02.30,[100.00,100.00,179.53]	25(0.8206751703863207):B000,00.50,[100.00,17.93,17.93]	30(0.7833537621355822):A100,01.40,[100.00,100.00,35.24]	35(0.8379963016120241):A100,01.00,[100.00,100.00,16.20]	40(0.8969942766480135):A100,01.00,[100.00,10.30,100.00]	45(0.6971342604927365):B000,01.00,[100.00,30.29,100.00]	
0(0.8450344041469574):A100,01.40,[100.00,15.50,25.97]	5(0.6991693562564782):B220,02.10,[100.00,183.90,30.08]	10(0.7668008154603817):C180,02.50,[100.00,44.78,161.34]	15(0.7672269573951788):A100,01.00,[100.00,23.28,23.28]	20(0.9230531689320848):C000,02.30,[100.00,100.00,13.81]	25(0.8206751703863207):A100,01.00,[100.00,17.93,17.93]	30(0.7833537621355822):A100,01.90,[100.00,100.00,35.24]	35(0.8379963016120241):B000,01.00,[100.00,16.20,16.20]	40(0.8969942766480135):C180,01.90,[100.00,10.30,171.76]	45(0.6971342604927365):A100,01.50,[100.00,30.29,100.00]	
0(0.8450344041469574):A100,01.90,[100.00,15.50,25.97]	5(0.6991693562564782):B000,02.10,[100.00,55.32,30.08]	10(0.7668008154603817):C000,02.50,[100.00,44.78,37.63]	15(0.7672269573951788):A100,01.50,[100.00,23.28,23.28]	20(0.9230531689320848):B220,03.40,[100.00,210.77,13.81]	25(0.8206751703863207):A100,01.50,[100.00,17.93,17.93]	30(0.7833537621355822):A100,02.40,[100.00,100.00,35.24]	35(0.8379963016120241):A100,01.50,[100.00,16.20,16.20]	40(0.8969942766480135):C180,02.80,[100.00,10.30,179.15]	45(0.6971342604927365):C000,01.50,[100.00,30.29,30.29]	
0(0.8450344041469574):A100,02.40,[100.00,15.50,25.97]	5(0.6991693562564782):A100,02.60,[100.00,55.32,30.08]	10(0.7668008154603817):A100,03.00,[100.00,44.78,37.63]	15(0.7672269573951788):A100,02.00,[100.00,23.28,23.28]	20(0.9230531689320848):B220,04.50,[100.00,219.29,13.81]	25(0.8206751703863207):A100,02.00,[100.00,17.93,17.93]	30(0.7833537621355822):B000,02.40,[100.00,21.66,35.24]	35(0.8379963016120241):A100,02.00,[100.00,16.20,16.20]	40(0.8969942766480135):A100,03.30,[100.00,10.30,179.15]	45(0.6971342604927365):A100,02.00,[100.00,30.29,30.29]	
0(0.8450344041469574):A100,02.90,[100.00,15.50,25.97]	5(0.6991693562564782):C000,02.60,[100.00,55.32,09.05]	10(0.7668008154603817):A100,03.50,[100.00,44.78,37.63]	15(0.7672269573951788):A100,02.50,[100.00,23.28,23.28]	20(0.9230531689320848):B000,04.50,[100.00,16.87,13.81]	25(0.8206751703863207):A100,02.50,[100.00,17.93,17.93]	30(0.7833537621355822):A100,02.90,[100.00,21.66,35.24]	35(0.8379963016120241):A100,02.50,[100.00,16.20,16.20]	40(0.8969942766480135):C180,04.20,[100.00,10.30,179.91]	45(0.6971342604927365):A100,02.50,[100.00,30.29,30.29]	
0(0.8450344041469574):A100,03.40,[100.00,15.50,25.97]	5(0.6991693562564782):A100,03.10,[100.00,55.32,09.05]	10(0.7668008154603817):B220,04.60,[100.00,179.14,37.63]	15(0.7672269573951788):A100,03.00,[100.00,23.28,23.28]	20(0.9230531689320848):A100,05.00,[100.00,16.87,13.81]	25(0.8206751703863207):A100,03.00,[100.00,17.93,17.93]	30(0.7833537621355822):A100,03.40,[100.00,21.66,35.24]	35(0.8379963016120241):A100,03.00,[100.00,16.20,16.20]	40(0.8969942766480135):C180,05.10,[100.00,10.30,179.99]	45(0.6971342604927365):A100,03.00,[100.00,30.29,30.29]	
0(0.8450344041469574):A100,03.90,[100.00,15.50,25.97]	5(0.6991693562564782):A100,03.60,[100.00,55.32,09.05]	10(0.7668008154603817):B000,04.60,[100.00,41.77,37.63]	15(0.7672269573951788):A100,03.50,[100.00,23.28,23.28]	20(0.9230531689320848):A100,05.50,[100.00,16.87,13.81]	25(0.8206751703863207):A100,03.50,[100.00,17.93,17.93]	30(0.7833537621355822):A100,03.90,[100.00,21.66,35.24]	35(0.8379963016120241):A100,03.50,[100.00,16.20,16.20]	40(0.8969942766480135):C180,06.00,[100.00,10.30,180.00]	45(0.6971342604927365):A100,03.50,[100.00,30.29,30.29]	
0(0.8450344041469574):A100,04.40,[100.00,15.50,25.97]	5(0.6991693562564782):A100,04.10,[100.00,55.32,09.05]	10(0.7668008154603817):A100,05.10,[100.00,41.77,37.63]	15(0.7672269573951788):A100,04.00,[100.00,23.28,23.28]	20(0.9230531689320848):A100,06.00,[100.00,16.87,13.81]	25(0.8206751703863207):A100,04.00,[100.00,17.93,17.93]	30(0.7833537621355822):A100,04.40,[100.00,21.66,35.24]	35(0.8379963016120241):A100,04.00,[100.00,16.20,16.20]	40(0.8969942766480135):C180,06.90,[100.00,10.30,180.00]	45(0.6971342604927365):A100,04.00,[100.00,30.29,30.29]	
0(0.8450344041469574):A100,04.90,[100.00,15.50,25.97]	5(0.6991693562564782):A100,04.60,[100.00,55.32,09.05]	10(0.7668008154603817):A100,05.60,[100.00,41.77,37.63]	15(0.7672269573951788):A100,04.50,[100.00,23.28,23.28]	20(0.9230531689320848):B220,07.10,[100.00,204.37,13.81]	25(0.8206751703863207):A100,04.50,[100.00,17.93,17.93]	30(0.7833537621355822):A100,04.90,[100.00,21.66,35.24]	35(0.8379963016120241):A100,04.50,[100.00,16.20,16.20]	40(0.8969942766480135):C000,06.90,[100.00,10.30,18.54]	45(0.6971342604927365):A100,04.50,[100.00,30.29,30.29]	
0(0.8450344041469574):A100,05.40,[100.00,15.50,25.97]	5(0.6991693562564782):A100,05.10,[100.00,55.32,09.05]	10(0.7668008154603817):A100,06.10,[100.00,41.77,37.63]	15(0.7672269573951788):B220,05.60,[100.00,174.21,23.28]	20(0.9230531689320848):B000,07.10,[100.00,15.73,13.81]	25(0.8206751703863207):A100,05.00,[100.00,17.93,17.93]	30(0.7833537621355822):A100,05.40,[100.00,21.66,35.24]	35(0.8379963016120241):A100,05.00,[100.00,16.20,16.20]	40(0.8969942766480135):A100,07.40,[100.00,10.30,18.54]	45(0.6971342604927365):C000,04.50,[100.00,30.29,09.17]	
0(0.8450344041469574):A100,05.90,[100.00,15.50,25.97]	5(0.6991693562564782):A100,05.60,[100.00,55.32,09.05]	10(0.7668008154603817):A100,06.60,[100.00,41.77,37.63]	15(0.7672269573951788):B220,06.70,[100.00,209.34,23.28]	20(0.9230531689320848):A100,07.60,[100.00,15.73,13.81]	25(0.8206751703863207):A100,05.50,[100.00,17.93,17.93]	30(0.7833537621355822):A100,05.90,[100.00,21.66,35.24]	35(0.8379963016120241):A100,05.50,[100.00,16.20,16.20]	40(0.8969942766480135):A100,07.90,[100.00,10.30,18.54]	45(0.6971342604927365):A100,05.00,[100.00,30.29,09.17]	
0(0.8450344041469574):A100,06.40,[100.00,15.50,25.97]	5(0.6991693562564782):A100,06.10,[100.00,55.32,09.05]	10(0.7668008154603817):A100,07.10,[100.00,41.77,37.63]	15(0.7672269573951788):B000,06.70,[100.00,48.73,23.28]	20(0.9230531689320848):A100,08.10,[100.00,15.73,13.81]	25(0.8206751703863207):C000,05.50,[100.00,17.93,03.22]	30(0.7833537621355822):A100,06.40,[100.00,21.66,35.24]	35(0.8379963016120241):A100,06.00,[100.00,16.20,16.20]	40(0.8969942766480135):A100,08.40,[100.00,10.30,18.54]	45(0.6971342604927365):A100,05.50,[100.00,30.29,09.17]	
0(0.8450344041469574):A100,06.90,[100.00,15.50,25.97]	5(0.6991693562564782):A100,06.60,[100.00,55.32,09.05]	10(0.7668008154603817):A100,07.60,[100.00,41.77,37.63]	15(0.7672269573951788):A100,07.20,[100.00,48.73,23.28]	20(0.9230531689320848):A100,08.60,[100.00,15.73,13.81]	25(0.8206751703863207):A100,06.00,[100.00,17.93,03.22]	30(0.7833537621355822):A100,06.90,[100.00,21.66,35.24]	35(0.8379963016120241):A100,06.50,[100.00,16.20,16.20]	40(0.8969942766480135):A100,08.90,[100.00,10.30,18.54]	45(0.6971342604927365):A100,06.00,[100.00,30.29,09.17]	
0(0.8450344041469574):A100,07.40,[100.00,15.50,25.97]	5(0.6991693562564782):A100,07.10,[100.00,55.32,09.05]	10(0.7668008154603817):A100,08.10,[100.00,41.77,37.63]	15(0.7672269573951788):A100,07.70,[100.00,48.73,23.28]	20(0.9230531689320848):A100,09.10,[100.00,15.73,13.81]	25(0.8206751703863207):A100,06.50,[100.00,17.93,03.22]	30(0.7833537621355822):A100,07.40,[100.00,21.66,35.24]	35(0.8379963016120241):A100,07.00,[100.00,16.20,16.20]	40(0.8969942766480135):A100,09.40,[100.00,10.30,18.54]	45(0.6971342604927365):A100,06.50,[100.00,30.29,09.17]	
0(0.8450344041469574):A100,07.90,[100.00,15.50,25.97]	5(0.6991693562564782):A100,07.60,[100.00,55.32,09.05]	10(0.7668008154603817):A100,08.60,[100.00,41.77,37.63]	15(0.7672269573951788):A100,08.20,[100.00,48.73,23.28]	20(0.9230531689320848):A100,09.60,[100.00,15.73,13.81]	25(0.8206751703863207):A100,07.00,[100.00,17.93,03.22]	30(0.7833537621355822):A100,07.90,[100.00,21.66,35.24]	35(0.8379963016120241):A100,07.50,[100.00,16.20,16.20]	40(0.8969942766480135):A100,09.90,[100.00,10.30,18.54]	45(0.6971342604927365):A100,07.00,[100.00,30.29,09.17]	
0(0.8450344041469574):A100,08.40,[100.00,15.50,25.97]	5(0.6991693562564782):A100,08.10,[100.00,55.32,09.05]	10(0.7668008154603817):A100,09.10,[100.00,41.77,37.63]	15(0.7672269573951788):A100,08.70,[100.00,48.73,23.28]	20(0.9230531689320848):A100,10.10,[100.00,15.73,13.81]	25(0.8206751703863207):A100,07.50,[100.00,17.93,03.22]	30(0.7833537621355822):A100,08.40,[100.00,21.66,35.24]	35(0.8379963016120241):A100,08.00,[100.00,16.20,16.20]	40(0.8969942766480135):A100,10.40,[100.00,10.30,18.54]	45(0.6971342604927365):A100,07.50,[100.00,30.29,09.17]	
0(0.8450344041469574):A100,08.90,[100.00,15.50,25.97]	5(0.6991693562564782):A100,08.60,[100.00,55.32,09.05]	10(0.7668008154603817):A100,09.60,[100.00,41.77,37.63]	15(0.7672269573951788):A100,09.20,[100.00,48.73,23.28]	20(0.9230531689320848):A100,10.60,[100.00,15.73,13.81]	25(0.8206751703863207):A100,08.00,[100.00,17.93,03.22]	30(0.7833537621355822):A100,08.90,[100.00,21.66,35.24]	35(0.8379963016120241):A100,08.50,[100.00,16.20,16.20]	40(0.8969942766480135):A100,10.90,[100.00,10.30,18.54]	45(0.6971342604927365):A100,08.00,[100.00,30.29,09.17]	
0(0.8450344041469574):A100,09.40,[100.00,15.50,25.97]	5(0.6991693562564782):A100,09.10,[100.00,55.32,09.05]	10(0.7668008154603817):B000,09.60,[100.00,09.74,37.63]	15(0.7672269573951788):A100,09.70,[100.00,48.73,23.28]	20(0.9230531689320848):C000,10.60,[100.00,15.73,01.06]	25(0.8206751703863207):A100,08.50,[100.00,17.93,03.22]	30(0.7833537621355822):A100,09.40,[100.00,21.66,35.24]	35(0.8379963016120241):A100,09.00,[100.00,16.20,16.20]	40(0.8969942766480135):A100,11.40,[100.00,10.30,18.54]	45(0.6971342604927365):A100,08.50,[100.00,30.29,09.17]	
0(0.8450344041469574):B000,09.40,[100.00,02.40,25.97]	5(0.6991693562564782):A100,09.60,[100.00,55.32,09.05]	10(0.7668008154603817):A100,10.10,[100.00,09.74,37.63]	15(0.7672269573951788):A100,10.20,[100.00,48.73,23.28]	20(0.9230531689320848):A100,11.10,[100.00,15.73,01.06]	25(0.8206751703863207):A100,09.00,[100.00,17.93,03.22]	30(0.7833537621355822):A100,09.90,[100.00,21.66,35.24]	35(0.8379963016120241):A100,09.50,[100.00,16.20,16.20]	40(0.8969942766480135):A100,11.90,[100.00,10.30,18.54]	45(0.6971342604927365):A100,09.00,[100.00,30.29,09.17]	
0(0.8450344041469574):A100,09.90,[100.00,02.40,25.97]	5(0.6991693562564782):A100,10.10,[100.00,55.32,09.05]	10(0.7668008154603817):A100,10.60,[100.00,09.74,37.63]	15(0.7672269573951788):A100,10.70,[100.00,48.73,23.28]	20(0.9230531689320848):A100,11.60,[100.00,15.73,01.06]	25(0.8206751703863207):A100,09.50,[100.00,17.93,03.22]	30(0.7833537621355822):A100,10.40,[100.00,21.66,35.24]	35(0.8379963016120241):A100,10.00,[100.00,16.20,16.20]	40(0.8969942766480135):C180,12.80,[100.00,10.30,163.37]	45(0.6971342604927365):A100,09.50,[100.00,30.29,09.17]	
0(0.8450344041469574):A100,10.40,[100.00,02.40,25.97]	5(0.6991693562564782):A100,10.60,[100.00,55.32,09.05]	10(0.7668008154603817):A100,11.10,[100.00,09.74,37.63]	15(0.7672269573951788):A100,11.20,[100.00,48.73,23.28]	20(0.9230531689320848):A100,12.10,[100.00,15.73,01.06]	25(0.8206751703863207):A100,10.00,[100.00,17.93,03.22]	30(0.7833537621355822):A100,10.90,[100.00,21.66,35.24]	35(0.8379963016120241):A100,10.50,[100.00,16.20,16.20]	40(0.8969942766480135):C180,13.70,[100.00,10.30,178.29]	45(0.6971342604927365):A100,10.00,[100.00,30.29,09.17]	
0(0.8450344041469574):A100,10.90,[100.00,02.40,25.97]	5(0.6991693562564782):B000,10.60,[100.00,16.64,09.05]	10(0.7668008154603817):C180,12.00,[100.00,09.74,146.80]	15(0.7672269573951788):A100,11.70,[100.00,48.73,23.28]	20(0.9230531689320848):A100,12.60,[100.00,15.73,01.06]	25(0.8206751703863207):A100,10.50,[100.00,17.93,03.22]	30(0.7833537621355822):A100,11.40,[100.00,21.66,35.24]	35(0.8379963016120241):A100,11.00,[100.00,16.20,16.20]	40(0.8969942766480135):C180,14.60,[100.00,10.30,179.82]	45(0.6971342604927365):A100,10.50,[100.00,30.29,09.17]	
0(0.8450344041469574):A100,11.40,[100.00,02.40,25.97]	5(0.6991693562564782):A100,11.10,[100.00,16.64,09.05]	10(0.7668008154603817):C000,12.00,[100.00,09.74,34.23]	15(0.7672269573951788):A100,12.20,[100.00,48.73,23.28]	20(0.9230531689320848):A100,13.10,[100.00,15.73,01.06]	25(0.8206751703863207):A100,11.00,[100.00,17.93,03.22]	30(0.7833537621355822):A100,11.90,[100.00,21.66,35.24]	35(0.8379963016120241):A100,11.50,[100.00,16.20,16.20]	40(0.8969942766480135):C000,14.60,[100.00,10.30,18.52]	45(0.6971342604927365):A100,11.00,[100.00,30.29,09.17]	
0(0.8450344041469574):A100,11.90,[100.00,02.40,25.97]	5(0.6991693562564782):A100,11.60,[100.00,16.64,09.05]	10(0.7668008154603817):A100,12.50,[100.00,09.74,34.23]	15(0.7672269573951788):A100,12.70,[100.00,48.73,23.28]	20(0.9230531689320848):A100,13.60,[100.00,15.73,01.06]	25(0.8206751703863207):A100,11.50,[100.00,17.93,03.22]	30(0.7833537621355822):A100,12.40,[100.00,21.66,35.24]	35(0.8379963016120241):A100,12.00,[100.00,16.20,16.20]	40(0.8969942766480135):A100,15.10,[100.00,10.30,18.52]	45(0.6971342604927365):A100,11.50,[100.00,30.29,09.17]	
0(0.8450344041469574):A100,12.40,[100.00,02.40,25.97]	5(0.6991693562564782):A100,12.10,[100.00,16.64,09.05]	10(0.7668008154603817):A100,13.00,[100.00,09.74,34.23]	15(0.7672269573951788):A100,13.20,[100.00,48.73,23.28]	20(0.9230531689320848):A100,14.10,[100.00,15.73,01.06]	25(0.8206751703863207):A100,12.00,[100.00,17.93,03.22]	30(0.7833537621355822):C000,12.40,[100.00,21.66,07.63]	35(0.8379963016120241):A100,12.50,[100.00,16.20,16.20]	40(0.8969942766480135):A100,15.60,[100.00,10.30,18.52]	45(0.6971342604927365):A100,12.00,[100.00,30.29,09.17]	
0(0.8450344041469574):A100,12.90,[100.00,02.40,25.97]	5(0.6991693562564782):A100,12.60,[100.00,16.64,09.05]	10(0.7668008154603817):A100,13.50,[100.00,09.74,34.23]	15(0.7672269573951788):A100,13.70,[100.00,48.73,23.28]	20(0.9230531689320848):A100,14.60,[100.00,15.73,01.06]	25(0.8206751703863207):A100,12.50,[100.00,17.93,03.22]	30(0.7833537621355822):A100,12.90,[100.00,21.66,07.63]	35(0.8379963016120241):A100,13.00,[100.00,16.20,16.20]	40(0.8969942766480135):A100,16.10,[100.00,10.30,18.52]	45(0.6971342604927365):A100,12.50,[100.00,30.29,09.17]	
0(0.8450344041469574):A100,13.40,[100.00,02.40,25.97]	5(0.6991693562564782):A100,13.10,[100.00,16.64,09.05]	10(0.7668008154603817):A100,14.00,[100.00,09.74,34.23]	15(0.7672269573951788):A100,14.20,[100.00,48.73,23.28]	20(0.9230531689320848):A100,15.10,[100.00,15.73,01.06]	25(0.8206751703863207):A100,13.00,[100.00,17.93,03.22]	30(0.7833537621355822):A100,13.40,[100.00,21.66,07.63]	35(0.8379963016120241):A100,13.50,[100.00,16.20,16.20]	40(0.8969942766480135):A100,16.60,[100.00,10.30,18.52]	45(0.6971342604927365):A100,13.00,[100.00,30.29,09.17]	
0(0.8450344041469574):A100,13.90,[100.00,02.40,25.97]	5(0.6991693562564782):A100,13.60,[100.00,16.64,09.05]	10(0.7668008154603817):A100,14.50,[100.00,09.74,34.23]	15(0.7672269573951788):A100,14.70,[100.00,48.73,23.28]	20(0.9230531689320848):A100,15.60,[100.00,15.73,01.06]	25(0.8206751703863207):A100,13.50,[100.00,17.93,03.22]	30(0.7833537621355822):A100,13.90,[100.00,21.66,07.63]	35(0.8379963016120241):A100,14.00,[100.00,16.20,16.20]	40(0.8969942766480135):A100,17.10,[100.00,10.30,18.52]	45(0.6971342604927365):A100,13.50,[100.00,30.29,09.17]	
0(0.8450344041469574):A100,14.40,[100.00,02.40,25.97]	5(0.6991693562564782):A100,14.10,[100.00,16.64,09.05]	10(0.7668008154603817):A100,15.00,[100.00,09.74,34.23]	15(0.7672269573951788):A100,15.20,[100.00,48.73,23.28]	20(0.9230531689320848):B220,16.70,[100.00,204.28,01.06]	25(0.8206751703863207):A100,14.00,[100.00,17.93,03.22]	30(0.7833537621355822):A100,14.40,[100.00,21.66,07.63]	35(0.8379963016120241):A100,14.50,[100.00,16.20,16.20]	40(0.8969942766480135):A100,17.60,[100.00,10.30,18.52]	45(0.6971342604927365):A100,14.00,[100.00,30.29,09.17]	
0(0.8450344041469574):A100,14.90,[100.00,02.40,25.97]	5(0.6991693562564782):A100,14.60,[100.00,16.64,09.05]	10(0.7668008154603817):A100,15.50,[100.00,09.74,34.23]	15(0.7672269573951788):A100,15.70,[100.00,48.73,23.28]	20(0.9230531689320848):B000,16.70,[100.00,15.72,01.06]	25(0.8206751703863207):A100,14.50,[100.00,17.93,03.22]	30(0.7833537621355822):A100,14.90,[100.00,21.66,07.63]	35(0.8379963016120241):A100,15.00,[100.00,16.20,16.20]	40(0.8969942766480135):C000,17.60,[100.00,10.30,01.91]	45(0.6971342604927365):A100,14.50,[100.00,30.29,09.17]	
0(0.8450344041469574):A100,15.40,[100.00,02.40,25.97]	5(0.6991693562564782):A100,15.10,[100.00,16.64,09.05]	10(0.7668008154603817):A100,16.00,[100.00,09.74,34.23]	15(0.7672269573951788):A100,16.20,[100.00,48.73,23.28]	20(0.9230531689320848):A100,17.20,[100.00,15.72,01.06]	25(0.8206751703863207):A100,15.00,[100.00,17.93,03.22]	30(0.7833537621355822):A100,15.40,[100.00,21.66,07.63]	35(0.8379963016120241):A100,15.50,[100.00,16.20,16.20]	40(0.8969942766480135):A100,18.10,[100.00,10.30,01.91]	45(0.6971342604927365):A100,15.00,[100.00,30.29,09.17]	
0(0.8450344041469574):A100,15.90,[100.00,02.40,25.97]	5(0.6991693562564782):A100,15.60,[100.00,16.64,09.05]	10(0.7668008154603817):A100,16.50,[100.00,09.74,34.23]	15(0.7672269573951788):A100,16.70,[100.00,48.73,23.28]	20(0.9230531689320848):A100,17.70,[100.00,15.72,01.06]	25(0.8206751703863207):A100,15.50,[100.00,17.93,03.22]	30(0.7833537621355822):A100,15.90,[100.00,21.66,07.63]	35(0.8379963016120241):A100,16.00,[100.00,16.20,16.20]	40(0.8969942766480135):A100,18.60,[100.00,10.30,01.91]	45(0.6971342604927365):A100,15.50,[100.00,30.29,09.17]	
0(0.8450344041469574):A100,16.40,[100.00,02.40,25.97]	5(0.6991693562564782):A100,16.10,[100.00,16.64,09.05]	10(0.7668008154603817):A100,17.00,[100.00,09.74,34.23]	15(0.7672269573951788):A100,17.20,[100.00,48.73,23.28]	20(0.9230531689320848):A100,18.20,[100.00,15.72,01.06]	25(0.8206751703863207):A100,16.00,[100.00,17.93,03.22]	30(0.7833537621355822):A100,16.40,[100.00,21.66,07.63]	35(0.8379963016120241):A100,16.50,[100.00,16.20,16.20]	40(0.8969942766480135):A100,19.10,[100.00,10.30,01.91]	45(0.6971342604927365):A100,16.00,[100.00,30.29,09.17]	
0(0.8450344041469574):A100,16.90,[100.00,02.40,25.97]	5(0.6991693562564782):A100,16.60,[100.00,16.64,09.05]	10(0.7668008154603817):A100,17.50,[100.00,09.74,34.23]	15(0.7672269573951788):A100,17.70,[100.00,48.73,23.28]	20(0.9230531689320848):A100,18.70,[100.00,15.72,01.06]	25(0.8206751703863207):A100,16.50,[100.00,17.93,03.22]	30(0.7833537621355822):A100,16.90,[100.00,21.66,07.63]	35(0.8379963016120241):A100,17.00,[100.00,16.20,16.20]	40(0.8969942766480135):A100,19.60,[100.00,10.30,01.91]	45(0.6971342604927365):B000,16.00,[100.00,09.17,09.17]	
0(0.8450344041469574):A100,17.40,[100.00,02.40,25.97]	5(0.6991693562564782):A100,17.10,[100.00,16.64,09.05]	10(0.7668008154603817):A100,18.00,[100.00,09.74,34.23]	15(0.7672269573951788):A100,18.20,[100.00,48.73,23.28]	20(0.9230531689320848):A100,19.20,[100.00,15.72,01.06]	25(0.8206751703863207):A100,17.00,[100.00,17.93,03.22]	30(0.7833537621355822):A100,17.40,[100.00,21.66,07.63]	35(0.8379963016120241):A100,17.50,[100.00,16.20,16.20]	40(0.8969942766480135):A100,20.10,[100.00,10.30,01.91]	45(0.6971342604927365):A100,16.50,[100.00,09.17,09.17]	
0(0.8450344041469574):A100,17.90,[100.00,02.40,25.97]	5(0.6991693562564782):A100,17.60,[100.00,16.64,09.05]	10(0.7668008154603817):A100,18.50,[100.00,09.74,34.23]	15(0.7672269573951788):A100,18.70,[100.00,48.73,23.28]	20(0.9230531689320848):A100,19.70,[100.00,15.72,01.06]	25(0.8206751703863207):A100,17.50,[100.00,17.93,03.22]	30(0.7833537621355822):A100,17.90,[100.00,21.66,07.63]	35(0.8379963016120241):B000,17.50,[100.00,02.62,16.20]	40(0.8969942766480135):A100,20.60,[100.00,10.30,01.91]	45(0.6971342604927365):A100,17.00,[100.00,09.17,09.17]	
0(0.8450344041469574):A100,18.40,[100.00,02.40,25.97]	5(0.6991693562564782):A100,18.10,[100.00,16.64,09.05]	10(0.7668008154603817):A100,19.00,[100.00,09.74,34.23]	15(0.7672269573951788):A100,19.20,[100.00,48.73,23.28]	20(0.9230531689320848):A100,20.20,[100.00,15.72,01.06]	25(0.8206751703863207):A100,18.00,[100.00,17.93,03.22]	30(0.7833537621355822):A100,18.40,[100.00,21.66,07.63]	35(0.8379963016120241):A100,18.00,[100.00,02.62,16.20]	40(0.8969942766480135):A100,21.10,[100.00,10.30,01.91]	45(0.6971342604927365):A100,17.50,[100.00,09.17,09.17]	
0(0.8450344041469574):A100,18.90,[100.00,02.40,25.97]	5(0.6991693562564782):A100,18.60,[100.00,16.64,09.05]	10(0.7668008154603817):A100,19.50,[100.00,09.74,34.23]	15(0.7672269573951788):A100,19.70,[100.00,48.73,23.28]	20(0.9230531689320848):A100,20.70,[100.00,15.72,01.06]	25(0.8206751703863207):A100,18.50,[100.00,17.93,03.22]	30(0.7833537621355822):A100,18.90,[100.00,21.66,07.63]	35(0.8379963016120241):A100,18.50,[100.00,02.62,16.20]	40(0.8969942766480135):A100,21.60,[100.00,10.30,01.91]	45(0.6971342604927365):A100,18.00,[100.00,09.17,09.17]	
0(0.8450344041469574):A100,19.40,[100.00,02.40,25.97]	5(0.6991693562564782):A100,19.10,[100.00,16.64,09.05]	10(0.7668008154603817):A100,20.00,[100.00,09.74,34.23]	15(0.7672269573951788):A100,20.20,[100.00,48.73,23.28]	20(0.9230531689320848):A100,21.20,[100.00,15.72,01.06]	25(0.8206751703863207):A100,19.00,[100.00,17.93,03.22]	30(0.7833537621355822):B220,20.00,[100.00,177.03,07.63]	35(0.8379963016120241):A100,19.00,[100.00,02.62,16.20]	40(0.8969942766480135):A100,22.10,[100.00,10.30,01.91]	45(0.6971342604927365):A100,18.50,[100.00,09.17,09.17]	
0(0.8450344041469574):A100,19.90,[100.00,02.40,25.97]	5(0.6991693562564782):A100,19.60,[100.00,16.64,09.05]	10(0.7668008154603817):C000,20.00,[100.00,09.74,07.98]	15(0.7672269573951788):A100,20.70,[100.00,48.73,23.28]	20(0.9230531689320848):A100,21.70,[100.00,15.72,01.06]	25(0.8206751703863207):A100,19.50,[100.00,17.93,03.22]	30(0.7833537621355822):B220,21.10,[100.00,210.69,07.63]	35(0.8379963016120241):A100,19.50,[100.00,02.62,16.20]	40(0.8969942766480135):A100,22.60,[100.00,10.30,01.91]	45(0.6971342604927365):A100,19.00,[100.00,09.17,09.17]	
0(0.8450344041469574):A100,20.40,[100.00,02.40,25.97]	5(0.6991693562564782):A100,20.10,[100.00,16.64,09.05]	10(0.7668008154603817):A100,20.50,[100.00,09.74,07.98]	15(0.7672269573951788):A100,21.20,[100.00,48.73,23.28]	20(0.9230531689320848):A100,22.20,[100.00,15.72,01.06]	25(0.8206751703863207):A100,20.00,[100.00,17.93,03.22]	30(0.7833537621355822):B000,21.10,[100.00,45.65,07.63]	35(0.8379963016120241):A100,20.00,[100.00,02.62,16.20]	40(0.8969942766480135):A100,23.10,[100.00,10.30,01.91]	45(0.6971342604927365):A100,19.50,[100.00,09.17,09.17]	
0(0.8450344041469574):A100,20.90,[100.00,02.40,25.97]	5(0.6991693562564782):A100,20.60,[100.00,16.64,09.05]	10(0.7668008154603817):A100,21.00,[100.00,09.74,07.98]	15(0.7672269573951788):A100,21.70,[100.00,48.73,23.28]	20(0.9230531689320848):A100,22.70,[100.00,15.72,01.06]	25(0.8206751703863207):A100,20.50,[100.00,17.93,03.22]	30(0.7833537621355822):A100,21.60,[100.00,45.65,07.63]	35(0.8379963016120241):A100,20.50,[100.00,02.62,16.20]	40(0.8969942766480135):A100,23.60,[100.00,10.30,01.91]	45(0.6971342604927365):A100,20.00,[100.00,09.17,09.17]	
0(0.8450344041469574):A100,21.40,[100.00,02.40,25.97]	5(0.6991693562564782):A100,21.10,[100.00,16.64,09.05]	10(0.7668008154603817):A100,21.50,[100.00,09.74,07.98]	15(0.7672269573951788):A100,22.20,[100.00,48.73,23.28]	20(0.9230531689320848):A100,23.20,[100.00,15.72,01.06]	25(0.8206751703863207):A100,21.00,[100.00,17.93,03.22]	30(0.7833537621355822):A100,22.10,[100.00,45.65,07.63]	35(0.8379963016120241):A100,21.00,[100.00,02.62,16.20]	40(0.8969942766480135):A100,24.10,[100.00,10.30,01.91]	45(0.6971342604927365):C180,20.90,[100.00,09.17,128.26]	
0(0.8450344041469574):A100,21.90,[100.00,02.40,25.97]	5(0.6991693562564782):A100,21.60,[100.00,16.64,09.05]	10(0.7668008154603817):A100,22.00,[100.00,09.74,07.98]	15(0.7672269573951788):A100,22.70,[100.00,48.73,23.28]	20(0.9230531689320848):A100,23.70,[100.00,15.72,01.06]	25(0.8206751703863207):A100,21.50,[100.00,17.93,03.22]	30(0.7833537621355822):A100,22.60,[100.00,45.65,07.63]	35(0.8379963016120241):A100,21.50,[100.00,02.62,16.20]	40(0.8969942766480135):A100,24.60,[100.00,10.30,01.91]	45(0.6971342604927365):C180,21.80,[100.00,09.17,164.33]	
0(0.8450344041469574):A100,22.40,[100.00,02.40,25.97]	5(0.6991693562564782):A100,22.10,[100.00,16.64,09.05]	10(0.7668008154603817):A100,22.50,[100.00,09.74,07.98]	15(0.7672269573951788):A100,23.20,[100.00,48.73,23.28]	20(0.9230531689320848):A100,24.20,[100.00,15.72,01.06]	25(0.8206751703863207):A100,22.00,[100.00,17.93,03.22]	30(0.7833537621355822):A100,23.10,[100.00,45.65,07.63]	35(0.8379963016120241):A100,22.00,[100.00,02.62,16.20]	40(0.8969942766480135):A100,25.10,[100.00,10.30,01.91]	45(0.6971342604927365):C180,22.70,[100.00,09.17,175.25]	
0(0.8450344041469574):A100,22.90,[100.00,02.40,25.97]	5(0.6991693562564782):A100,22.60,[100.00,16.64,09.05]	10(0.7668008154603817):A100,23.00,[100.00,09.74,07.98]	15(0.7672269573951788):A100,23.70,[100.00,48.73,23.28]	20(0.9230531689320848):A100,24.70,[100.00,15.72,01.06]	25(0.8206751703863207):A100,22.50,[100.00,17.93,03.22]	30(0.7833537621355822):A100,23.60,[100.00,45.65,07.63]	35(0.8379963016120241):A100,22.50,[100.00,02.62,16.20]	40(0.8969942766480135):A100,25.60,[100.00,10.30,01.91]	45(0.6971342604927365):C180,23.60,[100.00,09.17,178.56]	
0(0.8450344041469574):A100,23.40,[100.00,02.40,25.97]	5(0.6991693562564782):A100,23.10,[100.00,16.64,09.05]	10(0.7668008154603817):A100,23.50,[100.00,09.74,07.98]	15(0.7672269573951788):A100,24.20,[100.00,48.73,23.28]	20(0.9230531689320848):A100,25.20,[100.00,15.72,01.06]	25(0.8206751703863207):A100,23.00,[100.00,17.93,03.22]	30(0.7833537621355822):A100,24.10,[100.00,45.65,07.63]	35(0.8379963016120241):A100,23.00,[100.00,02.62,16.20]	40(0.8969942766480135):A100,26.10,[100.00,10.30,01.91]	45(0.6971342604927365):C000,23.60,[100.00,09.17,54.08]	
0(0.8450344041469574):A100,23.90,[100.00,02.40,25.97]	5(0.6991693562564782):A100,23.60,[100.00,16.64,09.05]	10(0.7668008154603817):A100,24.00,[100.00,09.74,07.98]	15(0.7672269573951788):A100,24.70,[100.00,48.73,23.28]	20(0.9230531689320848):A100,25.70,[100.00,15.72,01.06]	25(0.8206751703863207):A100,23.50,[100.00,17.93,03.22]	30(0.7833537621355822):A100,24.60,[100.00,45.65,07.63]	35(0.8379963016120241):A100,23.50,[100.00,02.62,16.20]	40(0.8969942766480135):A100,26.60,[100.00,10.30,01.91]	45(0.6971342604927365):B220,24.70,[100.00,156.15,54.08]	
0(0.8450344041469574):A100,24.40,[100.00,02.40,25.97]	5(0.6991693562564782):A100,24.10,[100.00,16.64,09.05]	10(0.7668008154603817):A100,24.50,[100.00,09.74,07.98]	15(0.7672269573951788):A100,25.20,[100.00,48.73,23.28]	20(0.9230531689320848):A100,26.20,[100.00,15.72,01.06]	25(0.8206751703863207):A100,24.00,[100.00,17.93,03.22]	30(0.7833537621355822):A100,25.10,[100.00,45.65,07.63]	35(0.8379963016120241):A100,24.00,[100.00,02.62,16.20]	40(0.8969942766480135):A100,27.10,[100.00,10.30,01.91]	45(0.6971342604927365):B220,25.80,[100.00,200.66,54.08]	
0(0.8450344041469574):A100,24.90,[100.00,02.40,25.97]	5(0.6991693562564782):A100,24.60,[100.00,16.64,09.05]	10(0.7668008154603817):A100,25.00,[100.00,09.74,07.98]	15(0.7672269573951788):A100,25.70,[100.00,48.73,23.28]	20(0.9230531689320848):A100,26.70,[100.00,15.72,01.06]	25(0.8206751703863207):A100,24.50,[100.00,17.93,03.22]	30(0.7833537621355822):A100,25.60,[100.00,45.65,07.63]	35(0.8379963016120241):A100,24.50,[100.00,02.62,16.20]	40(0.8969942766480135):A100,27.60,[100.00,10.30,01.91]	45(0.6971342604927365):B000,25.80,[100.00,60.77,54.08]	
0(0.8450344041469574):A100,25.40,[100.00,02.40,25.97]	5(0.6991693562564782):A100,25.10,[100.00,16.64,09.05]	10(0.7668008154603817):A100,25.50,[100.00,09.74,07.98]	15(0.7672269573951788):A100,26.20,[100.00,48.73,23.28]	20(0.9230531689320848):A100,27.20,[100.00,15.72,01.06]	25(0.8206751703863207):A100,25.00,[100.00,17.93,03.22]	30(0.7833537621355822):A100,26.10,[100.00,45.65,07.63]	35(0.8379963016120241):A100,25.00,[100.00,02.62,16.20]	40(0.8969942766480135):A100,28.10,[100.00,10.30,01.91]	45(0.6971342604927365):A100,26.30,[100.00,60.77,54.08]	
0(0.8450344041469574):A100,25.90,[100.00,02.40,25.97]	5(0.6991693562564782):A100,25.60,[100.00,16.64,09.05]	10(0.7668008154603817):A100,26.00,[100.00,09.74,07.98]	15(0.7672269573951788):A100,26.70,[100.00,48.73,23.28]	20(0.9230531689320848):A100,27.70,[100.00,15.72,01.06]	25(0.8206751703863207):A100,25.50,[100.00,17.93,03.22]	30(0.7833537621355822):A100,26.60,[100.00,45.65,07.63]	35(0.8379963016120241):A100,25.50,[100.00,02.62,16.20]	40(0.8969942766480135):A100,28.60,[100.00,10.30,01.91]	45(0.6971342604927365):A100,26.80,[100.00,60.77,54.08]	
0(0.8450344041469574):A100,26.40,[100.00,02.40,25.97]	5(0.6991693562564782):A100,26.10,[100.00,16.64,09.05]	10(0.7668008154603817):A100,26.50,[100.00,09.74,07.98]	15(0.7672269573951788):A100,27.20,[100.00,48.73,23.28]	20(0.9230531689320848):A100,28.20,[100.00,15.72,01.06]	25(0.8206751703863207):A100,26.00,[100.00,17.93,03.22]	30(0.7833537621355822):A100,27.10,[100.00,45.65,07.63]	35(0.8379963016120241):A100,26.00,[100.00,02.62,16.20]	40(0.8969942766480135):A100,29.10,[100.00,10.30,01.91]	45(0.6971342604927365):A100,27.30,[100.00,60.77,54.08]	
0(0.8450344041469574):A100,26.90,[100.00,02.40,25.97]	5(0.6991693562564782):A100,26.60,[100.00,16.64,09.05]	10(0.7668008154603817):A100,27.00,[100.00,09.74,07.98]	15(0.7672269573951788):A100,27.70,[100.00,48.73,23.28]	20(0.9230531689320848):A100,28.70,[100.00,15.72,01.06]	25(0.8206751703863207):A100,26.50,[100.00,17.93,03.22]	30(0.7833537621355822):A100,27.60,[100.00,45.65,07.63]	35(0.8379963016120241):A100,26.50,[100.00,02.62,16.20]	40(0.8969942766480135):A100,29.60,[100.00,10.30,01.91]	45(0.6971342604927365):B220,28.40,[100.00,171.78,54.08]	
0(0.8450344041469574):A100,27.40,[100.00,02.40,25.97]	5(0.6991693562564782):A100,27.10,[100.00,16.64,09.05]	10(0.7668008154603817):A100,27.50,[100.00,09.74,07.98]	15(0.7672269573951788):A100,28.20,[100.00,48.73,23.28]	20(0.9230531689320848):A100,29.20,[100.00,15.72,01.06]	25(0.8206751703863207):A100,27.00,[100.00,17.93,03.22]	30(0.7833537621355822):A100,28.10,[100.00,45.65,07.63]	35(0.8379963016120241):A100,27.00,[100.00,02.62,16.20]	40(0.8969942766480135):A100,30.10,[100.00,10.30,01.91]	45(0.6971342604927365):B000,28.40,[100.00,52.02,54.08]	
0(0.8450344041469574):A100,27.90,[100.00,02.40,25.97]	5(0.6991693562564782):A100,27.60,[100.00,16.64,09.05]	10(0.7668008154603817):B000,27.50,[100.00,02.27,07.98]	15(0.7672269573951788):A100,28.70,[100.00,48.73,23.28]	20(0.9230531689320848):A100,29.70,[100.00,15.72,01.06]	25(0.8206751703863207):A100,27.50,[100.00,17.93,03.22]	30(0.7833537621355822):B220,29.20,[100.00,182.23,07.63]	35(0.8379963016120241):A100,27.50,[100.00,02.62,16.20]	40(0.8969942766480135):A100,30.60,[100.00,10.30,01.91]	45(0.6971342604927365):A100,28.90,[100.00,52.02,54.08]	
0(0.8450344041469574):A100,28.40,[100.00,02.40,25.97]	5(0.6991693562564782):A100,28.10,[100.00,16.64,09.05]	10(0.7668008154603817):A100,28.00,[100.00,02.27,07.98]	15(0.7672269573951788):A100,29.20,[100.00,48.73,23.28]	20(0.9230531689320848):A100,30.20,[100.00,15.72,01.06]	25(0.8206751703863207):A100,28.00,[100.00,17.93,03.22]	30(0.7833537621355822):B000,29.20,[100.00,39.48,07.63]	35(0.8379963016120241):A100,28.00,[100.00,02.62,16.20]	40(0.8969942766480135):A100,31.10,[100.00,10.30,01.91]	45(0.6971342604927365):A100,29.40,[100.00,52.02,54.08]	
0(0.8450344041469574):A100,28.90,[100.00,02.40,25.97]	5(0.6991693562564782):A100,28.60,[100.00,16.64,09.05]	10(0.7668008154603817):B000,28.00,[100.00,00.53,07.98]	15(0.7672269573951788):A100,29.70,[100.00,48.73,23.28]	20(0.9230531689320848):A100,30.70,[100.00,15.72,01.06]	25(0.8206751703863207):A100,28.50,[100.00,17.93,03.22]	30(0.7833537621355822):A100,29.70,[100.00,39.48,07.63]	35(0.8379963016120241):A100,28.50,[100.00,02.62,16.20]	40(0.8969942766480135):A100,31.60,[100.00,10.30,01.91]	45(0.6971342604927365):A100,29.90,[100.00,52.02,54.08]	
0(0.8450344041469574):A100,29.40,[100.00,02.40,25.97]	5(0.6991693562564782):A100,29.10,[100.00,16.64,09.05]	10(0.7668008154603817):A100,28.50,[100.00,00.53,07.98]	15(0.7672269573951788):A100,30.20,[100.00,48.73,23.28]	20(0.9230531689320848):A100,31.20,[100.00,15.72,01.06]	25(0.8206751703863207):A100,29.00,[100.00,17.93,03.22]	30(0.7833537621355822):A100,30.20,[100.00,39.48,07.63]	35(0.8379963016120241):A100,29.00,[100.00,02.62,16.20]	40(0.8969942766480135):A100,32.10,[100.00,10.30,01.91]	45(0.6971342604927365):A100,30.40,[100.00,52.02,54.08]	
0(0.8450344041469574):A100,29.90,[100.00,02.40,25.97]	5(0.6991693562564782):A100,29.60,[100.00,16.64,09.05]	10(0.7668008154603817):A100,29.00,[100.00,00.53,07.98]	15(0.7672269573951788):A100,30.70,[100.00,48.73,23.28]	20(0.9230531689320848):A100,31.70,[100.00,15.72,01.06]	25(0.8206751703863207):A100,29.50,[100.00,17.93,03.22]	30(0.7833537621355822):B000,30.20,[100.00,08.55,07.63]	35(0.8379963016120241):A100,29.50,[100.00,02.62,16.20]	40(0.8969942766480135):A100,32.60,[100.00,10.30,01.91]	45(0.6971342604927365):A100,30.90,[100.00,52.02,54.08]	
0(0.8450344041469574):A100,30.40,[100.00,02.40,25.97]	5(0.6991693562564782):A100,30.10,[100.00,16.64,09.05]	10(0.7668008154603817):A100,29.50,[100.00,00.53,07.98]	15(0.7672269573951788):A100,31.20,[100.00,48.73,23.28]	20(0.9230531689320848):A100,32.20,[100.00,15.72,01.06]	25(0.8206751703863207):A100,30.00,[100.00,17.93,03.22]	30(0.7833537621355822):A100,30.70,[100.00,08.55,07.63]	35(0.8379963016120241):A100,30.00,[100.00,02.62,16.20]	40(0.8969942766480135):A100,33.10,[100.00,10.30,01.91]	45(0.6971342604927365):A100,31.40,[100.00,52.02,54.08]	
0(0.8450344041469574):A100,30.90,[100.00,02.40,25.97]	5(0.6991693562564782):A100,30.60,[100.00,16.64,09.05]	10(0.7668008154603817):A100,30.00,[100.00,00.53,07.98]	15(0.7672269573951788):A100,31.70,[100.00,48.73,23.28]	20(0.9230531689320848):A100,32.70,[100.00,15.72,01.06]	25(0.8206751703863207):A100,30.50,[100.00,17.93,03.22]	30(0.7833537621355822):A100,31.20,[100.00,08.55,07.63]	35(0.8379963016120241):A100,30.50,[100.00,02.62,16.20]	40(0.8969942766480135):A100,33.60,[100.00,10.30,01.91]	45(0.6971342604927365):C000,31.40,[100.00,52.02,16.38]	
0(0.8450344041469574):A100,31.40,[100.00,02.40,25.97]	5(0.6991693562564782):A100,31.10,[100.00,16.64,09.05]	10(0.7668008154603817):A100,30.50,[100.00,00.53,07.98]	15(0.7672269573951788):A100,32.20,[100.00,48.73,23.28]	20(0.9230531689320848):A100,33.20,[100.00,15.72,01.06]	25(0.8206751703863207):A100,31.00,[100.00,17.93,03.22]	30(0.7833537621355822):A100,31.70,[100.00,08.55,07.63]	35(0.8379963016120241):A100,31.00,[100.00,02.62,16.20]	40(0.8969942766480135):A100,34.10,[100.00,10.30,01.91]	45(0.6971342604927365):A100,31.90,[100.00,52.02,16.38]	
0(0.8450344041469574):A100,31.90,[100.00,02.40,25.97]	5(0.6991693562564782):A100,31.60,[100.00,16.64,09.05]	10(0.7668008154603817):A100,31.00,[100.00,00.53,07.98]	15(0.7672269573951788):A100,32.70,[100.00,48.73,23.28]	20(0.9230531689320848):A100,33.70,[100.00,15.72,01.06]	25(0.8206751703863207):A100,31.50,[100.00,17.93,03.22]	30(0.7833537621355822):A100,32.20,[100.00,08.55,07.63]	35(0.8379963016120241):A100,31.50,[100.00,02.62,16.20]	40(0.8969942766480135):A100,34.60,[100.00,10.30,01.91]	45(0.6971342604927365):A100,32.40,[100.00,52.02,16.38]	
0(0.8450344041469574):A100,32.40,[100.00,02.40,25.97]	5(0.6991693562564782):A100,32.10,[100.00,16.64,09.05]	10(0.7668008154603817):A100,31.50,[100.00,00.53,07.98]	15(0.7672269573951788):A100,33.20,[100.00,48.73,23.28]	20(0.9230531689320848):A100,34.20,[100.00,15.72,01.06]	25(0.8206751703863207):A100,32.00,[100.00,17.93,03.22]	30(0.7833537621355822):B220,33.30,[100.00,174.19,07.63]	35(0.8379963016120241):A100,32.00,[100.00,02.62,16.20]	40(0.8969942766480135):A100,35.10,[100.00,10.30,01.91]	45(0.6971342604927365):A100,32.90,[100.00,52.02,16.38]	
0(0.8450344041469574):A100,32.90,[100.00,02.40,25.97]	5(0.6991693562564782):A100,32.60,[100.00,16.64,09.05]	10(0.7668008154603817):A100,32.00,[100.00,00.53,07.98]	15(0.7672269573951788):A100,33.70,[100.00,48.73,23.28]	20(0.9230531689320848):A100,34.70,[100.00,15.72,01.06]	25(0.8206751703863207):A100,32.50,[100.00,17.93,03.22]	30(0.7833537621355822):B000,33.30,[100.00,37.74,07.63]	35(0.8379963016120241):A100,32.50,[100.00,02.62,16.20]	40(0.8969942766480135):A100,35.60,[100.00,10.30,01.91]	45(0.6971342604927365):A100,33.40,[100.00,52.02,16.38]	
0(0.8450344041469574):A100,33.40,[100.00,02.40,25.97]	5(0.6991693562564782):A100,33.10,[100.00,16.64,09.05]	10(0.7668008154603817):A100,32.50,[100.00,00.53,07.98]	15(0.7672269573951788):A100,34.20,[100.00,48.73,23.28]	20(0.9230531689320848):A100,35.20,[100.00,15.72,01.06]	25(0.8206751703863207):A100,33.00,[100.00,17.93,03.22]	30(0.7833537621355822):B000,33.30,[100.00,08.18,07.63]	35(0.8379963016120241):A100,33.00,[100.00,02.62,16.20]	40(0.8969942766480135):A100,36.10,[100.00,10.30,01.91]	45(0.6971342604927365):A100,33.90,[100.00,52.02,16.38]	
0(0.8450344041469574):A100,33.90,[100.00,02.40,25.97]	5(0.6991693562564782):B220,34.20,[100.00,158.82,09.05]	10(0.7668008154603817):A100,33.00,[100.00,00.53,07.98]	15(0.7672269573951788):A100,34.70,[100.00,48.73,23.28]	20(0.9230531689320848):A100,35.70,[100.00,15.72,01.06]	25(0.8206751703863207):A100,33.50,[100.00,17.93,03.22]	30(0.7833537621355822):A100,33.80,[100.00,08.18,07.63]	35(0.8379963016120241):C180,33.90,[100.00,02.62,153.46]	40(0.8969942766480135):A100,36.60,[100.00,10.30,01.91]	45(0.6971342604927365):A100,34.40,[100.00,52.02,16.38]	
0(0.8450344041469574):A100,34.40,[100.00,02.40,25.97]	5(0.6991693562564782):B220,35.30,[100.00,201.60,09.05]	10(0.7668008154603817):A100,33.50,[100.00,00.53,07.98]	15(0.7672269573951788):A100,35.20,[100.00,48.73,23.28]	20(0.9230531689320848):A100,36.20,[100.00,15.72,01.06]	25(0.8206751703863207):A100,34.00,[100.00,17.93,03.22]	30(0.7833537621355822):A100,34.30,[100.00,08.18,07.63]	35(0.8379963016120241):C000,33.90,[100.00,02.62,24.86]	40(0.8969942766480135):A100,37.10,[100.00,10.30,01.91]	45(0.6971342604927365):A100,34.90,[100.00,52.02,16.38]	
0(0.8450344041469574):A100,34.90,[100.00,02.40,25.97]	5(0.6991693562564782):B220,36.40,[100.00,214.46,09.05]	10(0.7668008154603817):A100,34.00,[100.00,00.53,07.98]	15(0.7672269573951788):A100,35.70,[100.00,48.73,23.28]	20(0.9230531689320848):A100,36.70,[100.00,15.72,01.06]	25(0.8206751703863207):A100,34.50,[100.00,17.93,03.22]	30(0.7833537621355822):A100,34.80,[100.00,08.18,07.63]	35(0.8379963016120241):A100,34.40,[100.00,02.62,24.86]	40(0.8969942766480135):A100,37.60,[100.00,10.30,01.91]	45(0.6971342604927365):A100,35.40,[100.00,52.02,16.38]	
0(0.8450344041469574):A100,35.40,[100.00,02.40,25.97]	5(0.6991693562564782):B000,36.40,[100.00,64.52,09.05]	10(0.7668008154603817):A100,34.50,[100.00,00.53,07.98]	15(0.7672269573951788):A100,36.20,[100.00,48.73,23.28]	20(0.9230531689320848):A100,37.20,[100.00,15.72,01.06]	25(0.8206751703863207):A100,35.00,[100.00,17.93,03.22]	30(0.7833537621355822):A100,35.30,[100.00,08.18,07.63]	35(0.8379963016120241):A100,34.90,[100.00,02.62,24.86]	40(0.8969942766480135):A100,38.10,[100.00,10.30,01.91]	45(0.6971342604927365):A100,35.90,[100.00,52.02,16.38]	
0(0.8450344041469574):C180,36.30,[100.00,02.40,156.13]	5(0.6991693562564782):A100,36.90,[100.00,64.52,09.05]	10(0.7668008154603817):A100,35.00,[100.00,00.53,07.98]	15(0.7672269573951788):A100,36.70,[100.00,48.73,23.28]	20(0.9230531689320848):A100,37.70,[100.00,15.72,01.06]	25(0.8206751703863207):A100,35.50,[100.00,17.93,03.22]	30(0.7833537621355822):A100,35.80,[100.00,08.18,07.63]	35(0.8379963016120241):A100,35.40,[100.00,02.62,24.86]	40(0.8969942766480135):A100,38.60,[100.00,10.30,01.91]	45(0.6971342604927365):A100,36.40,[100.00,52.02,16.38]	
0(0.8450344041469574):C000,36.30,[100.00,02.40,24.19]	5(0.6991693562564782):A100,37.40,[100.00,64.52,09.05]	10(0.7668008154603817):A100,35.50,[100.00,00.53,07.98]	15(0.7672269573951788):A100,37.20,[100.00,48.73,23.28]	20(0.9230531689320848):A100,38.20,[100.00,15.72,01.06]	25(0.8206751703863207):A100,36.00,[100.00,17.93,03.22]	30(0.7833537621355822):A100,36.30,[100.00,08.18,07.63]	35(0.8379963016120241):A100,35.90,[100.00,02.62,24.86]	40(0.8969942766480135):A100,39.10,[100.00,10.30,01.91]	45(0.6971342604927365):A100,36.90,[100.00,52.02,16.38]	
0(0.8450344041469574):A100,36.80,[100.00,02.40,24.19]	5(0.6991693562564782):B220,38.50,[100.00,173.23,09.05]	10(0.7668008154603817):A100,36.00,[100.00,00.53,07.98]	15(0.7672269573951788):A100,37.70,[100.00,48.73,23.28]	20(0.9230531689320848):C000,38.20,[100.00,15.72,00.08]	25(0.8206751703863207):A100,36.50,[100.00,17.93,03.22]	30(0.7833537621355822):A100,36.80,[100.00,08.18,07.63]	35(0.8379963016120241):A100,36.40,[100.00,02.62,24.86]	40(0.8969942766480135):A100,39.60,[100.00,10.30,01.91]	45(0.6971342604927365):A100,37.40,[100.00,52.02,16.38]	
0(0.8450344041469574):A100,37.30,[100.00,02.40,24.19]	5(0.6991693562564782):B220,39.60,[100.00,205.93,09.05]	10(0.7668008154603817):A100,36.50,[100.00,00.53,07.98]	15(0.7672269573951788):A100,38.20,[100.00,48.73,23.28]	20(0.9230531689320848):A100,38.70,[100.00,15.72,00.08]	25(0.8206751703863207):A100,37.00,[100.00,17.93,03.22]	30(0.7833537621355822):A100,37.30,[100.00,08.18,07.63]	35(0.8379963016120241):A100,36.90,[100.00,02.62,24.86]	40(0.8969942766480135):A100,40.10,[100.00,10.30,01.91]	45(0.6971342604927365):A100,37.90,[100.00,52.02,16.38]	
0(0.8450344041469574):A100,37.80,[100.00,02.40,24.19]	5(0.6991693562564782):B220,40.70,[100.00,215.77,09.05]	10(0.7668008154603817):A100,37.00,[100.00,00.53,07.98]	15(0.7672269573951788):A100,38.70,[100.00,48.73,23.28]	20(0.9230531689320848):A100,39.20,[100.00,15.72,00.08]	25(0.8206751703863207):A100,37.50,[100.00,17.93,03.22]	30(0.7833537621355822):A100,37.80,[100.00,08.18,07.63]	35(0.8379963016120241):A100,37.40,[100.00,02.62,24.86]	40(0.8969942766480135):A100,40.60,[100.00,10.30,01.91]	45(0.6971342604927365):A100,38.40,[100.00,52.02,16.38]	
0(0.8450344041469574):A100,38.30,[100.00,02.40,24.19]	5(0.6991693562564782):B220,41.80,[100.00,218.73,09.05]	10(0.7668008154603817):A100,37.50,[100.00,00.53,07.98]	15(0.7672269573951788):B220,39.80,[100.00,180.13,23.28]	20(0.9230531689320848):A100,39.70,[100.00,15.72,00.08]	25(0.8206751703863207):A100,38.00,[100.00,17.93,03.22]	30(0.7833537621355822):A100,38.30,[100.00,08.18,07.63]	35(0.8379963016120241):A100,37.90,[100.00,02.62,24.86]	40(0.8969942766480135):A100,41.10,[100.00,10.30,01.91]	45(0.6971342604927365):A100,38.90,[100.00,52.02,16.38]	
0(0.8450344041469574):A100,38.80,[100.00,02.40,24.19]	5(0.6991693562564782):B000,41.80,[100.00,65.80,09.05]	10(0.7668008154603817):A100,38.00,[100.00,00.53,07.98]	15(0.7672269573951788):B220,40.90,[100.00,210.72,23.28]	20(0.9230531689320848):A100,40.20,[100.00,15.72,00.08]	25(0.8206751703863207):A100,38.50,[100.00,17.93,03.22]	30(0.7833537621355822):A100,38.80,[100.00,08.18,07.63]	35(0.8379963016120241):A100,38.40,[100.00,02.62,24.86]	40(0.8969942766480135):A100,41.60,[100.00,10.30,01.91]	45(0.6971342604927365):C000,38.90,[100.00,52.02,04.96]	
0(0.8450344041469574):A100,39.30,[100.00,02.40,24.19]	5(0.6991693562564782):A100,42.30,[100.00,65.80,09.05]	10(0.7668008154603817):A100,38.50,[100.00,00.53,07.98]	15(0.7672269573951788):B000,40.90,[100.00,49.05,23.28]	20(0.9230531689320848):A100,40.70,[100.00,15.72,00.08]	25(0.8206751703863207):A100,39.00,[100.00,17.93,03.22]	30(0.7833537621355822):A100,39.30,[100.00,08.18,07.63]	35(0.8379963016120241):A100,38.90,[100.00,02.62,24.86]	40(0.8969942766480135):A100,42.10,[100.00,10.30,01.91]	45(0.6971342604927365):A100,39.40,[100.00,52.02,04.96]	
0(0.8450344041469574):A100,39.80,[100.00,02.40,24.19]	5(0.6991693562564782):A100,42.80,[100.00,65.80,09.05]	10(0.7668008154603817):C000,38.50,[100.00,00.53,01.86]	15(0.7672269573951788):A100,41.40,[100.00,49.05,23.28]	20(0.9230531689320848):A100,41.20,[100.00,15.72,00.08]	25(0.8206751703863207):A100,39.50,[100.00,17.93,03.22]	30(0.7833537621355822):A100,39.80,[100.00,08.18,07.63]	35(0.8379963016120241):A100,39.40,[100.00,02.62,24.86]	40(0.8969942766480135):A100,42.60,[100.00,10.30,01.91]	45(0.6971342604927365):A100,39.90,[100.00,52.02,04.96]	
0(0.8450344041469574):A100,40.30,[100.00,02.40,24.19]	5(0.6991693562564782):B220,43.90,[100.00,173.61,09.05]	10(0.7668008154603817):A100,39.00,[100.00,00.53,01.86]	15(0.7672269573951788):A100,41.90,[100.00,49.05,23.28]	20(0.9230531689320848):A100,41.70,[100.00,15.72,00.08]	25(0.8206751703863207):A100,40.00,[100.00,17.93,03.22]	30(0.7833537621355822):A100,40.30,[100.00,08.18,07.63]	35(0.8379963016120241):C000,39.40,[100.00,02.62,04.03]	40(0.8969942766480135):A100,43.10,[100.00,10.30,01.91]	45(0.6971342604927365):A100,40.40,[100.00,52.02,04.96]	
0(0.8450344041469574):A100,40.80,[100.00,02.40,24.19]	5(0.6991693562564782):B220,45.00,[100.00,206.05,09.05]	10(0.7668008154603817):A100,39.50,[100.00,00.53,01.86]	15(0.7672269573951788):A100,42.40,[100.00,49.05,23.28]	20(0.9230531689320848):A100,42.20,[100.00,15.72,00.08]	25(0.8206751703863207):A100,40.50,[100.00,17.93,03.22]	30(0.7833537621355822):A100,40.80,[100.00,08.18,07.63]	35(0.8379963016120241):A100,39.90,[100.00,02.62,04.03]	40(0.8969942766480135):A100,43.60,[100.00,10.30,01.91]	45(0.6971342604927365):A100,40.90,[100.00,52.02,04.96]	
0(0.8450344041469574):A100,41.30,[100.00,02.40,24.19]	5(0.6991693562564782):B000,45.00,[100.00,61.98,09.05]	10(0.7668008154603817):A100,40.00,[100.00,00.53,01.86]	15(0.7672269573951788):A100,42.90,[100.00,49.05,23.28]	20(0.9230531689320848):A100,42.70,[100.00,15.72,00.08]	25(0.8206751703863207):A100,41.00,[100.00,17.93,03.22]	30(0.7833537621355822):A100,41.30,[100.00,08.18,07.63]	35(0.8379963016120241):A100,40.40,[100.00,02.62,04.03]	40(0.8969942766480135):A100,44.10,[100.00,10.30,01.91]	45(0.6971342604927365):A100,41.40,[100.00,52.02,04.96]	
0(0.8450344041469574):A100,41.80,[100.00,02.40,24.19]	5(0.6991693562564782):A100,45.50,[100.00,61.98,09.05]	10(0.7668008154603817):A100,40.50,[100.00,00.53,01.86]	15(0.7672269573951788):A100,43.40,[100.00,49.05,23.28]	20(0.9230531689320848):A100,43.20,[100.00,15.72,00.08]	25(0.8206751703863207):A100,41.50,[100.00,17.93,03.22]	30(0.7833537621355822):A100,41.80,[100.00,08.18,07.63]	35(0.8379963016120241):A100,40.90,[100.00,02.62,04.03]	40(0.8969942766480135):A100,44.60,[100.00,10.30,01.91]	45(0.6971342604927365):A100,41.90,[100.00,52.02,04.96]	
0(0.8450344041469574):A100,42.30,[100.00,02.40,24.19]	5(0.6991693562564782):A100,46.00,[100.00,61.98,09.05]	10(0.7668008154603817):A100,41.00,[100.00,00.53,01.86]	15(0.7672269573951788):A100,43.90,[100.00,49.05,23.28]	20(0.9230531689320848):A100,43.70,[100.00,15.72,00.08]	25(0.8206751703863207):A100,42.00,[100.00,17.93,03.22]	30(0.7833537621355822):A100,42.30,[100.00,08.18,07.63]	35(0.8379963016120241):A100,41.40,[100.00,02.62,04.03]	40(0.8969942766480135):A100,45.10,[100.00,10.30,01.91]	45(0.6971342604927365):A100,42.40,[100.00,52.02,04.96]	
0(0.8450344041469574):A100,42.80,[100.00,02.40,24.19]	5(0.6991693562564782):A100,46.50,[100.00,61.98,09.05]	10(0.7668008154603817):A100,41.50,[100.00,00.53,01.86]	15(0.7672269573951788):B000,43.90,[100.00,11.42,23.28]	20(0.9230531689320848):A100,44.20,[100.00,15.72,00.08]	25(0.8206751703863207):A100,42.50,[100.00,17.93,03.22]	30(0.7833537621355822):A100,42.80,[100.00,08.18,07.63]	35(0.8379963016120241):A100,41.90,[100.00,02.62,04.03]	40(0.8969942766480135):A100,45.60,[100.00,10.30,01.91]	45(0.6971342604927365):A100,42.90,[100.00,52.02,04.96]	
0(0.8450344041469574):A100,43.30,[100.00,02.40,24.19]	5(0.6991693562564782):A100,47.00,[100.00,61.98,09.05]	10(0.7668008154603817):A100,42.00,[100.00,00.53,01.86]	15(0.7672269573951788):A100,44.40,[100.00,11.42,23.28]	20(0.9230531689320848):A100,44.70,[100.00,15.72,00.08]	25(0.8206751703863207):A100,43.00,[100.00,17.93,03.22]	30(0.7833537621355822):A100,43.30,[100.00,08.18,07.63]	35(0.8379963016120241):A100,42.40,[100.00,02.62,04.03]	40(0.8969942766480135):A100,46.10,[100.00,10.30,01.91]	45(0.6971342604927365):A100,43.40,[100.00,52.02,04.96]	
0(0.8450344041469574):A100,43.80,[100.00,02.40,24.19]	5(0.6991693562564782):A100,47.50,[100.00,61.98,09.05]	10(0.7668008154603817):A100,42.50,[100.00,00.53,01.86]	15(0.7672269573951788):A100,44.90,[100.00,11.42,23.28]	20(0.9230531689320848):A100,45.20,[100.00,15.72,00.08]	25(0.8206751703863207):A100,43.50,[100.00,17.93,03.22]	30(0.7833537621355822):A100,43.80,[100.00,08.18,07.63]	35(0.8379963016120241):A100,42.90,[100.00,02.62,04.03]	40(0.8969942766480135):A100,46.60,[100.00,10.30,01.91]	45(0.6971342604927365):A100,43.90,[100.00,52.02,04.96]	
0(0.8450344041469574):A100,44.30,[100.00,02.40,24.19]	5(0.6991693562564782):A100,48.00,[100.00,61.98,09.05]	10(0.7668008154603817):C000,42.50,[100.00,00.53,00.43]	15(0.7672269573951788):A100,45.40,[100.00,11.42,23.28]	20(0.9230531689320848):A100,45.70,[100.00,15.72,00.08]	25(0.8206751703863207):A100,44.00,[100.00,17.93,03.22]	30(0.7833537621355822):A100,44.30,[100.00,08.18,07.63]	35(0.8379963016120241):A100,43.40,[100.00,02.62,04.03]	40(0.8969942766480135):A100,47.10,[100.00,10.30,01.91]	45(0.6971342604927365):A100,44.40,[100.00,52.02,04.96]	
0(0.8450344041469574):A100,44.80,[100.00,02.40,24.19]	5(0.6991693562564782):B220,49.10,[100.00,172.46,09.05]	10(0.7668008154603817):A100,43.00,[100.00,00.53,00.43]	15(0.7672269573951788):A100,45.90,[100.00,11.42,23.28]	20(0.9230531689320848):A100,46.20,[100.00,15.72,00.08]	25(0.8206751703863207):A100,44.50,[100.00,17.93,03.22]	30(0.7833537621355822):A100,44.80,[100.00,08.18,07.63]	35(0.8379963016120241):A100,43.90,[100.00,02.62,04.03]	40(0.8969942766480135):A100,47.60,[100.00,10.30,01.91]	45(0.6971342604927365):A100,44.90,[100.00,52.02,04.96]	
0(0.8450344041469574):A100,45.30,[100.00,02.40,24.19]	5(0.6991693562564782):B220,50.20,[100.00,205.70,09.05]	10(0.7668008154603817):A100,43.50,[100.00,00.53,00.43]	15(0.7672269573951788):A100,46.40,[100.00,11.42,23.28]	20(0.9230531689320848):A100,46.70,[100.00,15.72,00.08]	25(0.8206751703863207):A100,45.00,[100.00,17.93,03.22]	30(0.7833537621355822):A100,45.30,[100.00,08.18,07.63]	35(0.8379963016120241):A100,44.40,[100.00,02.62,04.03]	40(0.8969942766480135):A100,48.10,[100.00,10.30,01.91]	45(0.6971342604927365):A100,45.40,[100.00,52.02,04.96]	
0(0.8450344041469574):A100,45.80,[100.00,02.40,24.19]	5(0.6991693562564782):B000,50.20,[100.00,61.88,09.05]	10(0.7668008154603817):A100,44.00,[100.00,00.53,00.43]	15(0.7672269573951788):A100,46.90,[100.00,11.42,23.28]	20(0.9230531689320848):A100,47.20,[100.00,15.72,00.08]	25(0.8206751703863207):A100,45.50,[100.00,17.93,03.22]	30(0.7833537621355822):A100,45.80,[100.00,08.18,07.63]	35(0.8379963016120241):A100,44.90,[100.00,02.62,04.03]	40(0.8969942766480135):A100,48.60,[100.00,10.30,01.91]	45(0.6971342604927365):A100,45.90,[100.00,52.02,04.96]	
0(0.8450344041469574):A100,46.30,[100.00,02.40,24.19]	5(0.6991693562564782):B000,50.20,[100.00,18.62,09.05]	10(0.7668008154603817):A100,44.50,[100.00,00.53,00.43]	15(0.7672269573951788):A100,47.40,[100.00,11.42,23.28]	20(0.9230531689320848):A100,47.70,[100.00,15.72,00.08]	25(0.8206751703863207):A100,46.00,[100.00,17.93,03.22]	30(0.7833537621355822):A100,46.30,[100.00,08.18,07.63]	35(0.8379963016120241):A100,45.40,[100.00,02.62,04.03]	40(0.8969942766480135):A100,49.10,[100.00,10.30,01.91]	45(0.6971342604927365):A100,46.40,[100.00,52.02,04.96]	
0(0.8450344041469574):A100,46.80,[100.00,02.40,24.19]	5(0.6991693562564782):A100,50.70,[100.00,18.62,09.05]	10(0.7668008154603817):A100,45.00,[100.00,00.53,00.43]	15(0.7672269573951788):A100,47.90,[100.00,11.42,23.28]	20(0.9230531689320848):A100,48.20,[100.00,15.72,00.08]	25(0.8206751703863207):A100,46.50,[100.00,17.93,03.22]	30(0.7833537621355822):A100,46.80,[100.00,08.18,07.63]	35(0.8379963016120241):A100,45.90,[100.00,02.62,04.03]	40(0.8969942766480135):A100,49.60,[100.00,10.30,01.91]	45(0.6971342604927365):A100,46.90,[100.00,52.02,04.96]	
0(0.8450344041469574):A100,47.30,[100.00,02.40,24.19]	5(0.6991693562564782):A100,51.20,[100.00,18.62,09.05]	10(0.7668008154603817):A100,45.50,[100.00,00.53,00.43]	15(0.7672269573951788):A100,48.40,[100.00,11.42,23.28]	20(0.9230531689320848):A100,48.70,[100.00,15.72,00.08]	25(0.8206751703863207):A100,47.00,[100.00,17.93,03.22]	30(0.7833537621355822):A100,47.30,[100.00,08.18,07.63]	35(0.8379963016120241):A100,46.40,[100.00,02.62,04.03]	40(0.8969942766480135):A100,50.10,[100.00,10.30,01.91]	45(0.6971342604927365):A100,47.40,[100.00,52.02,04.96]	
0(0.8450344041469574):A100,47.80,[100.00,02.40,24.19]	5(0.6991693562564782):A100,51.70,[100.00,18.62,09.05]	10(0.7668008154603817):A100,46.00,[100.00,00.53,00.43]	15(0.7672269573951788):A100,48.90,[100.00,11.42,23.28]	20(0.9230531689320848):A100,49.20,[100.00,15.72,00.08]	25(0.8206751703863207):A100,47.50,[100.00,17.93,03.22]	30(0.7833537621355822):A100,47.80,[100.00,08.18,07.63]	35(0.8379963016120241):A100,46.90,[100.00,02.62,04.03]	40(0.8969942766480135):A100,50.60,[100.00,10.30,01.91]	45(0.6971342604927365):A100,47.90,[100.00,52.02,04.96]	
0(0.8450344041469574):A100,48.30,[100.00,02.40,24.19]	5(0.6991693562564782):A100,52.20,[100.00,18.62,09.05]	10(0.7668008154603817):A100,46.50,[100.00,00.53,00.43]	15(0.7672269573951788):A100,49.40,[100.00,11.42,23.28]	20(0.9230531689320848):A100,49.70,[100.00,15.72,00.08]	25(0.8206751703863207):A100,48.00,[100.00,17.93,03.22]	30(0.7833537621355822):A100,48.30,[100.00,08.18,07.63]	35(0.8379963016120241):A100,47.40,[100.00,02.62,04.03]	40(0.8969942766480135):A100,51.10,[100.00,10.30,01.91]	45(0.6971342604927365):A100,48.40,[100.00,52.02,04.96]	
0(0.8450344041469574):A100,48.80,[100.00,02.40,24.19]	5(0.6991693562564782):A100,52.70,[100.00,18.62,09.05]	10(0.7668008154603817):A100,47.00,[100.00,00.53,00.43]	15(0.7672269573951788):A100,49.90,[100.00,11.42,23.28]	20(0.9230531689320848):A100,50.20,[100.00,15.72,00.08]	25(0.8206751703863207):A100,48.50,[100.00,17.93,03.22]	30(0.7833537621355822):A100,48.80,[100.00,08.18,07.63]	35(0.8379963016120241):A100,47.90,[100.00,02.62,04.03]	40(0.8969942766480135):A100,51.60,[100.00,10.30,01.91]	45(0.6971342604927365):A100,48.90,[100.00,52.02,04.96]	
0(0.8450344041469574):A100,49.30,[100.00,02.40,24.19]	5(0.6991693562564782):A100,53.20,[100.00,18.62,09.05]	10(0.7668008154603817):A100,47.50,[100.00,00.53,00.43]	15(0.7672269573951788):A100,50.40,[100.00,11.42,23.28]	20(0.9230531689320848):A100,50.70,[100.00,15.72,00.08]	25(0.8206751703863207):A100,49.00,[100.00,17.93,03.22]	30(0.7833537621355822):A100,49.30,[100.00,08.18,07.63]	35(0.8379963016120241):A100,48.40,[100.00,02.62,04.03]	40(0.8969942766480135):A100,52.10,[100.00,10.30,01.91]	45(0.6971342604927365):A100,49.40,[100.00,52.02,04.96]	
0(0.8450344041469574):A100,49.80,[100.00,02.40,24.19]	5(0.6991693562564782):A100,53.70,[100.00,18.62,09.05]	10(0.7668008154603817):A100,48.00,[100.00,00.53,00.43]	15(0.7672269573951788):A100,50.90,[100.00,11.42,23.28]	20(0.9230531689320848):A100,51.20,[100.00,15.72,00.08]	25(0.8206751703863207):A100,49.50,[100.00,17.93,03.22]	30(0.7833537621355822):A100,49.80,[100.00,08.18,07.63]	35(0.8379963016120241):A100,48.90,[100.00,02.62,04.03]	40(0.8969942766480135):A100,52.60,[100.00,10.30,01.91]	45(0.6971342604927365):A100,49.90,[100.00,52.02,04.96]	
0(0.8450344041469574):A100,50.30,[100.00,02.40,24.19]	5(0.6991693562564782):A100,54.20,[100.00,18.62,09.05]	10(0.7668008154603817):A100,48.50,[100.00,00.53,00.43]	15(0.7672269573951788):A100,51.40,[100.00,11.42,23.28]	20(0.9230531689320848):A100,51.70,[100.00,15.72,00.08]	25(0.8206751703863207):A100,50.00,[100.00,17.93,03.22]	30(0.7833537621355822):A100,50.30,[100.00,08.18,07.63]	35(0.8379963016120241):A100,49.40,[100.00,02.62,04.03]	40(0.8969942766480135):A100,53.10,[100.00,10.30,01.91]	45(0.6971342604927365):A100,50.40,[100.00,52.02,04.96]	
0(0.8450344041469574):A100,50.80,[100.00,02.40,24.19]	5(0.6991693562564782):A100,54.70,[100.00,18.62,09.05]	10(0.7668008154603817):A100,49.00,[100.00,00.53,00.43]	15(0.7672269573951788):A100,51.90,[100.00,11.42,23.28]	20(0.9230531689320848):A100,52.20,[100.00,15.72,00.08]	25(0.8206751703863207):A100,50.50,[100.00,17.93,03.22]	30(0.7833537621355822):A100,50.80,[100.00,08.18,07.63]	35(0.8379963016120241):A100,49.90,[100.00,02.62,04.03]	40(0.8969942766480135):A100,53.60,[100.00,10.30,01.91]	45(0.6971342604927365):A100,50.90,[100.00,52.02,04.96]	
0(0.8450344041469574):A100,51.30,[100.00,02.40,24.19]	5(0.6991693562564782):A100,55.20,[100.00,18.62,09.05]	10(0.7668008154603817):A100,49.50,[100.00,00.53,00.43]	15(0.7672269573951788):A100,52.40,[100.00,11.42,23.28]	20(0.9230531689320848):A100,52.70,[100.00,15.72,00.08]	25(0.8206751703863207):A100,51.00,[100.00,17.93,03.22]	30(0.7833537621355822):A100,51.30,[100.00,08.18,07.63]	35(0.8379963016120241):A100,50.40,[100.00,02.62,04.03]	40(0.8969942766480135):A100,54.10,[100.00,10.30,01.91]	45(0.6971342604927365):B000,50.90,[100.00,15.76,04.96]	
0(0.8450344041469574):A100,51.80,[100.00,02.40,24.19]	5(0.6991693562564782):A100,55.70,[100.00,18.62,09.05]	10(0.7668008154603817):A100,50.00,[100.00,00.53,00.43]	15(0.7672269573951788):A100,52.90,[100.00,11.42,23.28]	20(0.9230531689320848):A100,53.20,[100.00,15.72,00.08]	25(0.8206751703863207):A100,51.50,[100.00,17.93,03.22]	30(0.7833537621355822):A100,51.80,[100.00,08.18,07.63]	35(0.8379963016120241):A100,50.90,[100.00,02.62,04.03]	40(0.8969942766480135):A100,54.60,[100.00,10.30,01.91]	45(0.6971342604927365):A100,51.40,[100.00,15.76,04.96]	
0(0.8450344041469574):A100,52.30,[100.00,02.40,24.19]	5(0.6991693562564782):A100,56.20,[100.00,18.62,09.05]	10(0.7668008154603817):A100,50.50,[100.00,00.53,00.43]	15(0.7672269573951788):A100,53.40,[100.00,11.42,23.28]	20(0.9230531689320848):C180,54.10,[100.00,15.72,166.16]	25(0.8206751703863207):A100,52.00,[100.00,17.93,03.22]	30(0.7833537621355822):A100,52.30,[100.00,08.18,07.63]	35(0.8379963016120241):A100,51.40,[100.00,02.62,04.03]	40(0.8969942766480135):A100,55.10,[100.00,10.30,01.91]	45(0.6971342604927365):A100,51.90,[100.00,15.76,04.96]	
0(0.8450344041469574):A100,52.80,[100.00,02.40,24.19]	5(0.6991693562564782):A100,56.70,[100.00,18.62,09.05]	10(0.7668008154603817):A100,51.00,[100.00,00.53,00.43]	15(0.7672269573951788):A100,53.90,[100.00,11.42,23.28]	20(0.9230531689320848):C180,55.00,[100.00,15.72,178.93]	25(0.8206751703863207):A100,52.50,[100.00,17.93,03.22]	30(0.7833537621355822):A100,52.80,[100.00,08.18,07.63]	35(0.8379963016120241):A100,51.90,[100.00,02.62,04.03]	40(0.8969942766480135):A100,55.60,[100.00,10.30,01.91]	45(0.6971342604927365):A100,52.40,[100.00,15.76,04.96]	
0(0.8450344041469574):A100,53.30,[100.00,02.40,24.19]	5(0.6991693562564782):A100,57.20,[100.00,18.62,09.05]	10(0.7668008154603817):A100,51.50,[100.00,00.53,00.43]	15(0.7672269573951788):A100,54.40,[100.00,11.42,23.28]	20(0.9230531689320848):C180,55.90,[100.00,15.72,179.92]	25(0.8206751703863207):A100,53.00,[100.00,17.93,03.22]	30(0.7833537621355822):A100,53.30,[100.00,08.18,07.63]	35(0.8379963016120241):A100,52.40,[100.00,02.62,04.03]	40(0.8969942766480135):A100,56.10,[100.00,10.30,01.91]	45(0.6971342604927365):A100,52.90,[100.00,15.76,04.96]	
0(0.8450344041469574):A100,53.80,[100.00,02.40,24.19]	5(0.6991693562564782):A100,57.70,[100.00,18.62,09.05]	10(0.7668008154603817):A100,52.00,[100.00,00.53,00.43]	15(0.7672269573951788):A100,54.90,[100.00,11.42,23.28]	20(0.9230531689320848):C180,56.80,[100.00,15.72,179.99]	25(0.8206751703863207):A100,53.50,[100.00,17.93,03.22]	30(0.7833537621355822):A100,53.80,[100.00,08.18,07.63]	35(0.8379963016120241):A100,52.90,[100.00,02.62,04.03]	40(0.8969942766480135):A100,56.60,[100.00,10.30,01.91]	45(0.6971342604927365):A100,53.40,[100.00,15.76,04.96]	
0(0.8450344041469574):A100,54.30,[100.00,02.40,24.19]	5(0.6991693562564782):A100,58.20,[100.00,18.62,09.05]	10(0.7668008154603817):A100,52.50,[100.00,00.53,00.43]	15(0.7672269573951788):A100,55.40,[100.00,11.42,23.28]	20(0.9230531689320848):C000,56.80,[100.00,15.72,13.85]	25(0.8206751703863207):A100,54.00,[100.00,17.93,03.22]	30(0.7833537621355822):A100,54.30,[100.00,08.18,07.63]	35(0.8379963016120241):A100,53.40,[100.00,02.62,04.03]	40(0.8969942766480135):A100,57.10,[100.00,10.30,01.91]	45(0.6971342604927365):A100,53.90,[100.00,15.76,04.96]	
0(0.8450344041469574):A100,54.80,[100.00,02.40,24.19]	5(0.6991693562564782):A100,58.70,[100.00,18.62,09.05]	10(0.7668008154603817):A100,53.00,[100.00,00.53,00.43]	15(0.7672269573951788):A100,55.90,[100.00,11.42,23.28]	20(0.9230531689320848):A100,57.30,[100.00,15.72,13.85]	25(0.8206751703863207):A100,54.50,[100.00,17.93,03.22]	30(0.7833537621355822):A100,54.80,[100.00,08.18,07.63]	35(0.8379963016120241):A100,53.90,[100.00,02.62,04.03]	40(0.8969942766480135):A100,57.60,[100.00,10.30,01.91]	45(0.6971342604927365):A100,54.40,[100.00,15.76,04.96]	
0(0.8450344041469574):A100,55.30,[100.00,02.40,24.19]	5(0.6991693562564782):A100,59.20,[100.00,18.62,09.05]	10(0.7668008154603817):A100,53.50,[100.00,00.53,00.43]	15(0.7672269573951788):A100,56.40,[100.00,11.42,23.28]	20(0.9230531689320848):A100,57.80,[100.00,15.72,13.85]	25(0.8206751703863207):A100,55.00,[100.00,17.93,03.22]	30(0.7833537621355822):A100,55.30,[100.00,08.18,07.63]	35(0.8379963016120241):A100,54.40,[100.00,02.62,04.03]	40(0.8969942766480135):A100,58.10,[100.00,10.30,01.91]	45(0.6971342604927365):A100,54.90,[100.00,15.76,04.96]	
0(0.8450344041469574):A100,55.80,[100.00,02.40,24.19]	5(0.6991693562564782):A100,59.70,[100.00,18.62,09.05]	10(0.7668008154603817):A100,54.00,[100.00,00.53,00.43]	15(0.7672269573951788):A100,56.90,[100.00,11.42,23.28]	20(0.9230531689320848):A100,58.30,[100.00,15.72,13.85]	25(0.8206751703863207):A100,55.50,[100.00,17.93,03.22]	30(0.7833537621355822):A100,55.80,[100.00,08.18,07.63]	35(0.8379963016120241):A100,54.90,[100.00,02.62,04.03]	40(0.8969942766480135):A100,58.60,[100.00,10.30,01.91]	45(0.6971342604927365):A100,55.40,[100.00,15.76,04.96]	
0(0.8450344041469574):A100,56.30,[100.00,02.40,24.19]	5(0.6991693562564782):A100,60.20,[100.00,18.62,09.05]	10(0.7668008154603817):A100,54.50,[100.00,00.53,00.43]	15(0.7672269573951788):A100,57.40,[100.00,11.42,23.28]	20(0.9230531689320848):A100,58.80,[100.00,15.72,13.85]	25(0.8206751703863207):A100,56.00,[100.00,17.93,03.22]	30(0.7833537621355822):A100,56.30,[100.00,08.18,07.63]	35(0.8379963016120241):A100,55.40,[100.00,02.62,04.03]	40(0.8969942766480135):A100,59.10,[100.00,10.30,01.91]	45(0.6971342604927365):A100,55.90,[100.00,15.76,04.96]	
0(0.8450344041469574):A100,56.80,[100.00,02.40,24.19]	5(0.6991693562564782):A100,60.70,[100.00,18.62,09.05]	10(0.7668008154603817):A100,55.00,[100.00,00.53,00.43]	15(0.7672269573951788):A100,57.90,[100.00,11.42,23.28]	20(0.9230531689320848):A100,59.30,[100.00,15.72,13.85]	25(0.8206751703863207):A100,56.50,[100.00,17.93,03.22]	30(0.7833537621355822):A100,56.80,[100.00,08.18,07.63]	35(0.8379963016120241):A100,55.90,[100.00,02.62,04.03]	40(0.8969942766480135):A100,59.60,[100.00,10.30,01.91]	45(0.6971342604927365):B220,57.00,[100.00,158.14,04.96]	
0(0.8450344041469574):A100,57.30,[100.00,02.40,24.19]	5(0.6991693562564782):A100,61.20,[100.00,18.62,09.05]	10(0.7668008154603817):A100,55.50,[100.00,00.53,00.43]	15(0.7672269573951788):A100,58.40,[100.00,11.42,23.28]	20(0.9230531689320848):A100,59.80,[100.00,15.72,13.85]	25(0.8206751703863207):A100,57.00,[100.00,17.93,03.22]	30(0.7833537621355822):A100,57.30,[100.00,08.18,07.63]	35(0.8379963016120241):A100,56.40,[100.00,02.62,04.03]	40(0.8969942766480135):A100,60.10,[100.00,10.30,01.91]	45(0.6971342604927365):B000,57.00,[100.00,47.90,04.96]	
0(0.8450344041469574):A100,57.80,[100.00,02.40,24.19]	5(0.6991693562564782):A100,61.70,[100.00,18.62,09.05]	10(0.7668008154603817):A100,56.00,[100.00,00.53,00.43]	15(0.7672269573951788):A100,58.90,[100.00,11.42,23.28]	20(0.9230531689320848):A100,60.30,[100.00,15.72,13.85]	25(0.8206751703863207):A100,57.50,[100.00,17.93,03.22]	30(0.7833537621355822):A100,57.80,[100.00,08.18,07.63]	35(0.8379963016120241):A100,56.90,[100.00,02.62,04.03]	40(0.8969942766480135):A100,60.60,[100.00,10.30,01.91]	45(0.6971342604927365):B000,57.00,[100.00,14.51,04.96]	
0(0.8450344041469574):A100,58.30,[100.00,02.40,24.19]	5(0.6991693562564782):A100,62.20,[100.00,18.62,09.05]	10(0.7668008154603817):A100,56.50,[100.00,00.53,00.43]	15(0.7672269573951788):A100,59.40,[100.00,11.42,23.28]	20(0.9230531689320848):A100,60.80,[100.00,15.72,13.85]	25(0.8206751703863207):A100,58.00,[100.00,17.93,03.22]	30(0.7833537621355822):A100,58.30,[100.00,08.18,07.63]	35(0.8379963016120241):A100,57.40,[100.00,02.62,04.03]	40(0.8969942766480135):A100,61.10,[100.00,10.30,01.91]	45(0.6971342604927365):A100,57.50,[100.00,14.51,04.96]	
0(0.8450344041469574):A100,58.80,[100.00,02.40,24.19]	5(0.6991693562564782):A100,62.70,[100.00,18.62,09.05]	10(0.7668008154603817):A100,57.00,[100.00,00.53,00.43]	15(0.7672269573951788):A100,59.90,[100.00,11.42,23.28]	20(0.9230531689320848):A100,61.30,[100.00,15.72,13.85]	25(0.8206751703863207):A100,58.50,[100.00,17.93,03.22]	30(0.7833537621355822):A100,58.80,[100.00,08.18,07.63]	35(0.8379963016120241):A100,57.90,[100.00,02.62,04.03]	40(0.8969942766480135):A100,61.60,[100.00,10.30,01.91]	45(0.6971342604927365):A100,58.00,[100.00,14.51,04.96]	
0(0.8450344041469574):A100,59.30,[100.00,02.40,24.19]	5(0.6991693562564782):A100,63.20,[100.00,18.62,09.05]	10(0.7668008154603817):A100,57.50,[100.00,00.53,00.43]	15(0.7672269573951788):A100,60.40,[100.00,11.42,23.28]	20(0.9230531689320848):A100,61.80,[100.00,15.72,13.85]	25(0.8206751703863207):A100,59.00,[100.00,17.93,03.22]	30(0.7833537621355822):A100,59.30,[100.00,08.18,07.63]	35(0.8379963016120241):A100,58.40,[100.00,02.62,04.03]	40(0.8969942766480135):A100,62.10,[100.00,10.30,01.91]	45(0.6971342604927365):A100,58.50,[100.00,14.51,04.96]	
0(0.8450344041469574):A100,59.80,[100.00,02.40,24.19]	5(0.6991693562564782):A100,63.70,[100.00,18.62,09.05]	10(0.7668008154603817):A100,58.00,[100.00,00.53,00.43]	15(0.7672269573951788):A100,60.90,[100.00,11.42,23.28]	20(0.9230531689320848):A100,62.30,[100.00,15.72,13.85]	25(0.8206751703863207):A100,59.50,[100.00,17.93,03.22]	30(0.7833537621355822):A100,59.80,[100.00,08.18,07.63]	35(0.8379963016120241):A100,58.90,[100.00,02.62,04.03]	40(0.8969942766480135):A100,62.60,[100.00,10.30,01.91]	45(0.6971342604927365):A100,59.00,[100.00,14.51,04.96]	
0(0.8450344041469574):A100,60.30,[100.00,02.40,24.19]	5(0.6991693562564782):A100,64.20,[100.00,18.62,09.05]	10(0.7668008154603817):A100,58.50,[100.00,00.53,00.43]	15(0.7672269573951788):A100,61.40,[100.00,11.42,23.28]	20(0.9230531689320848):A100,62.80,[100.00,15.72,13.85]	25(0.8206751703863207):A100,60.00,[100.00,17.93,03.22]	30(0.7833537621355822):A100,60.30,[100.00,08.18,07.63]	35(0.8379963016120241):A100,59.40,[100.00,02.62,04.03]	40(0.8969942766480135):A100,63.10,[100.00,10.30,01.91]	45(0.6971342604927365):A100,59.50,[100.00,14.51,04.96]	
0(0.8450344041469574):A100,60.80,[100.00,02.40,24.19]	5(0.6991693562564782):A100,64.70,[100.00,18.62,09.05]	10(0.7668008154603817):A100,59.00,[100.00,00.53,00.43]	15(0.7672269573951788):A100,61.90,[100.00,11.42,23.28]	20(0.9230531689320848):A100,63.30,[100.00,15.72,13.85]	25(0.8206751703863207):A100,60.50,[100.00,17.93,03.22]	30(0.7833537621355822):A100,60.80,[100.00,08.18,07.63]	35(0.8379963016120241):A100,59.90,[100.00,02.62,04.03]	40(0.8969942766480135):A100,63.60,[100.00,10.30,01.91]	45(0.6971342604927365):A100,60.00,[100.00,14.51,04.96]	
0(0.8450344041469574):A100,61.30,[100.00,02.40,24.19]	5(0.6991693562564782):A100,65.20,[100.00,18.62,09.05]	10(0.7668008154603817):A100,59.50,[100.00,00.53,00.43]	15(0.7672269573951788):A100,62.40,[100.00,11.42,23.28]	20(0.9230531689320848):A100,63.80,[100.00,15.72,13.85]	25(0.8206751703863207):A100,61.00,[100.00,17.93,03.22]	30(0.7833537621355822):A100,61.30,[100.00,08.18,07.63]	35(0.8379963016120241):A100,60.40,[100.00,02.62,04.03]	40(0.8969942766480135):A100,64.10,[100.00,10.30,01.91]	45(0.6971342604927365):A100,60.50,[100.00,14.51,04.96]	
0(0.8450344041469574):A100,61.80,[100.00,02.40,24.19]	5(0.6991693562564782):A100,65.70,[100.00,18.62,09.05]	10(0.7668008154603817):A100,60.00,[100.00,00.53,00.43]	15(0.7672269573951788):A100,62.90,[100.00,11.42,23.28]	20(0.9230531689320848):A100,64.30,[100.00,15.72,13.85]	25(0.8206751703863207):A100,61.50,[100.00,17.93,03.22]	30(0.7833537621355822):A100,61.80,[100.00,08.18,07.63]	35(0.8379963016120241):A100,60.90,[100.00,02.62,04.03]	40(0.8969942766480135):A100,64.60,[100.00,10.30,01.91]	45(0.6971342604927365):A100,61.00,[100.00,14.51,04.96]	
0(0.8450344041469574):A100,62.30,[100.00,02.40,24.19]	5(0.6991693562564782):A100,66.20,[100.00,18.62,09.05]	10(0.7668008154603817):A100,60.50,[100.00,00.53,00.43]	15(0.7672269573951788):A100,63.40,[100.00,11.42,23.28]	20(0.9230531689320848):A100,64.80,[100.00,15.72,13.85]	25(0.8206751703863207):A100,62.00,[100.00,17.93,03.22]	30(0.7833537621355822):A100,62.30,[100.00,08.18,07.63]	35(0.8379963016120241):A100,61.40,[100.00,02.62,04.03]	40(0.8969942766480135):A100,65.10,[100.00,10.30,01.91]	45(0.6971342604927365):A100,61.50,[100.00,14.51,04.96]	
0(0.8450344041469574):A100,62.80,[100.00,02.40,24.19]	5(0.6991693562564782):A100,66.70,[100.00,18.62,09.05]	10(0.7668008154603817):A100,61.00,[100.00,00.53,00.43]	15(0.7672269573951788):A100,63.90,[100.00,11.42,23.28]	20(0.9230531689320848):A100,65.30,[100.00,15.72,13.85]	25(0.8206751703863207):A100,62.50,[100.00,17.93,03.22]	30(0.7833537621355822):A100,62.80,[100.00,08.18,07.63]	35(0.8379963016120241):B220,62.50,[100.00,184.78,04.03]	40(0.8969942766480135):A100,65.60,[100.00,10.30,01.91]	45(0.6971342604927365):A100,62.00,[100.00,14.51,04.96]	
0(0.8450344041469574):A100,63.30,[100.00,02.40,24.19]	5(0.6991693562564782):A100,67.20,[100.00,18.62,09.05]	10(0.7668008154603817):A100,61.50,[100.00,00.53,00.43]	15(0.7672269573951788):A100,64.40,[100.00,11.42,23.28]	20(0.9230531689320848):A100,65.80,[100.00,15.72,13.85]	25(0.8206751703863207):A100,63.00,[100.00,17.93,03.22]	30(0.7833537621355822):A100,63.30,[100.00,08.18,07.63]	35(0.8379963016120241):B220,63.60,[100.00,214.29,04.03]	40(0.8969942766480135):A100,66.10,[100.00,10.30,01.91]	45(0.6971342604927365):A100,62.50,[100.00,14.51,04.96]	
0(0.8450344041469574):A100,63.80,[100.00,02.40,24.19]	5(0.6991693562564782):A100,67.70,[100.00,18.62,09.05]	10(0.7668008154603817):A100,62.00,[100.00,00.53,00.43]	15(0.7672269573951788):A100,64.90,[100.00,11.42,23.28]	20(0.9230531689320848):A100,66.30,[100.00,15.72,13.85]	25(0.8206751703863207):A100,63.50,[100.00,17.93,03.22]	30(0.7833537621355822):A100,63.80,[100.00,08.18,07.63]	35(0.8379963016120241):B000,63.60,[100.00,34.72,04.03]	40(0.8969942766480135):A100,66.60,[100.00,10.30,01.91]	45(0.6971342604927365):A100,63.00,[100.00,14.51,04.96]	
0(0.8450344041469574):A100,64.30,[100.00,02.40,24.19]	5(0.6991693562564782):A100,68.20,[100.00,18.62,09.05]	10(0.7668008154603817):A100,62.50,[100.00,00.53,00.43]	15(0.7672269573951788):A100,65.40,[100.00,11.42,23.28]	20(0.9230531689320848):A100,66.80,[100.00,15.72,13.85]	25(0.8206751703863207):A100,64.00,[100.00,17.93,03.22]	30(0.7833537621355822):A100,64.30,[100.00,08.18,07.63]	35(0.8379963016120241):A100,64.10,[100.00,34.72,04.03]	40(0.8969942766480135):A100,67.10,[100.00,10.30,01.91]	45(0.6971342604927365):A100,63.50,[100.00,14.51,04.96]	
0(0.8450344041469574):A100,64.80,[100.00,02.40,24.19]	5(0.6991693562564782):A100,68.70,[100.00,18.62,09.05]	10(0.7668008154603817):A100,63.00,[100.00,00.53,00.43]	15(0.7672269573951788):A100,65.90,[100.00,11.42,23.28]	20(0.9230531689320848):A100,67.30,[100.00,15.72,13.85]	25(0.8206751703863207):A100,64.50,[100.00,17.93,03.22]	30(0.7833537621355822):A100,64.80,[100.00,08.18,07.63]	35(0.8379963016120241):A100,64.60,[100.00,34.72,04.03]	40(0.8969942766480135):A100,67.60,[100.00,10.30,01.91]	45(0.6971342604927365):A100,64.00,[100.00,14.51,04.96]	
0(0.8450344041469574):A100,65.30,[100.00,02.40,24.19]	5(0.6991693562564782):A100,69.20,[100.00,18.62,09.05]	10(0.7668008154603817):A100,63.50,[100.00,00.53,00.43]	15(0.7672269573951788):C000,65.90,[100.00,11.42,05.42]	20(0.9230531689320848):A100,67.80,[100.00,15.72,13.85]	25(0.8206751703863207):A100,65.00,[100.00,17.93,03.22]	30(0.7833537621355822):A100,65.30,[100.00,08.18,07.63]	35(0.8379963016120241):A100,65.10,[100.00,34.72,04.03]	40(0.8969942766480135):A100,68.10,[100.00,10.30,01.91]	45(0.6971342604927365):A100,64.50,[100.00,14.51,04.96]	
0(0.8450344041469574):A100,65.80,[100.00,02.40,24.19]	5(0.6991693562564782):A100,69.70,[100.00,18.62,09.05]	10(0.7668008154603817):A100,64.00,[100.00,00.53,00.43]	15(0.7672269573951788):A100,66.40,[100.00,11.42,05.42]	20(0.9230531689320848):A100,68.30,[100.00,15.72,13.85]	25(0.8206751703863207):A100,65.50,[100.00,17.93,03.22]	30(0.7833537621355822):A100,65.80,[100.00,08.18,07.63]	35(0.8379963016120241):A100,65.60,[100.00,34.72,04.03]	40(0.8969942766480135):A100,68.60,[100.00,10.30,01.91]	45(0.6971342604927365):A100,65.00,[100.00,14.51,04.96]	
0(0.8450344041469574):A100,66.30,[100.00,02.40,24.19]	5(0.6991693562564782):A100,70.20,[100.00,18.62,09.05]	10(0.7668008154603817):A100,64.50,[100.00,00.53,00.43]	15(0.7672269573951788):A100,66.90,[100.00,11.42,05.42]	20(0.9230531689320848):A100,68.80,[100.00,15.72,13.85]	25(0.8206751703863207):A100,66.00,[100.00,17.93,03.22]	30(0.7833537621355822):A100,66.30,[100.00,08.18,07.63]	35(0.8379963016120241):A100,66.10,[100.00,34.72,04.03]	40(0.8969942766480135):A100,69.10,[100.00,10.30,01.91]	45(0.6971342604927365):C180,65.90,[100.00,14.51,126.99]	
0(0.8450344041469574):A100,66.80,[100.00,02.40,24.19]	5(0.6991693562564782):A100,70.70,[100.00,18.62,09.05]	10(0.7668008154603817):A100,65.00,[100.00,00.53,00.43]	15(0.7672269573951788):A100,67.40,[100.00,11.42,05.42]	20(0.9230531689320848):A100,69.30,[100.00,15.72,13.85]	25(0.8206751703863207):A100,66.50,[100.00,17.93,03.22]	30(0.7833537621355822):A100,66.80,[100.00,08.18,07.63]	35(0.8379963016120241):A100,66.60,[100.00,34.72,04.03]	40(0.8969942766480135):A100,69.60,[100.00,10.30,01.91]	45(0.6971342604927365):A100,66.40,[100.00,14.51,126.99]	
0(0.8450344041469574):A100,67.30,[100.00,02.40,24.19]	5(0.6991693562564782):A100,71.20,[100.00,18.62,09.05]	10(0.7668008154603817):A100,65.50,[100.00,00.53,00.43]	15(0.7672269573951788):A100,67.90,[100.00,11.42,05.42]	20(0.9230531689320848):C180,70.20,[100.00,15.72,167.22]	25(0.8206751703863207):A100,67.00,[100.00,17.93,03.22]	30(0.7833537621355822):A100,67.30,[100.00,08.18,07.63]	35(0.8379963016120241):A100,67.10,[100.00,34.72,04.03]	40(0.8969942766480135):A100,70.10,[100.00,10.30,01.91]	45(0.6971342604927365):C000,66.40,[100.00,14.51,38.46]	
0(0.8450344041469574):A100,67.80,[100.00,02.40,24.19]	5(0.6991693562564782):A100,71.70,[100.00,18.62,09.05]	10(0.7668008154603817):A100,66.00,[100.00,00.53,00.43]	15(0.7672269573951788):A100,68.40,[100.00,11.42,05.42]	20(0.9230531689320848):C000,70.20,[100.00,15.72,12.87]	25(0.8206751703863207):A100,67.50,[100.00,17.93,03.22]	30(0.7833537621355822):A100,67.80,[100.00,08.18,07.63]	35(0.8379963016120241):A100,67.60,[100.00,34.72,04.03]	40(0.8969942766480135):A100,70.60,[100.00,10.30,01.91]	45(0.6971342604927365):A100,66.90,[100.00,14.51,38.46]	
0(0.8450344041469574):A100,68.30,[100.00,02.40,24.19]	5(0.6991693562564782):A100,72.20,[100.00,18.62,09.05]	10(0.7668008154603817):A100,66.50,[100.00,00.53,00.43]	15(0.7672269573951788):A100,68.90,[100.00,11.42,05.42]	20(0.9230531689320848):A100,70.70,[100.00,15.72,12.87]	25(0.8206751703863207):A100,68.00,[100.00,17.93,03.22]	30(0.7833537621355822):A100,68.30,[100.00,08.18,07.63]	35(0.8379963016120241):A100,68.10,[100.00,34.72,04.03]	40(0.8969942766480135):A100,71.10,[100.00,10.30,01.91]	45(0.6971342604927365):A100,67.40,[100.00,14.51,38.46]	
0(0.8450344041469574):A100,68.80,[100.00,02.40,24.19]	5(0.6991693562564782):A100,72.70,[100.00,18.62,09.05]	10(0.7668008154603817):A100,67.00,[100.00,00.53,00.43]	15(0.7672269573951788):A100,69.40,[100.00,11.42,05.42]	20(0.9230531689320848):A100,71.20,[100.00,15.72,12.87]	25(0.8206751703863207):A100,68.50,[100.00,17.93,03.22]	30(0.7833537621355822):A100,68.80,[100.00,08.18,07.63]	35(0.8379963016120241):A100,68.60,[100.00,34.72,04.03]	40(0.8969942766480135):A100,71.60,[100.00,10.30,01.91]	45(0.6971342604927365):C180,68.30,[100.00,14.51,137.13]	
0(0.8450344041469574):A100,69.30,[100.00,02.40,24.19]	5(0.6991693562564782):A100,73.20,[100.00,18.62,09.05]	10(0.7668008154603817):A100,67.50,[100.00,00.53,00.43]	15(0.7672269573951788):A100,69.90,[100.00,11.42,05.42]	20(0.9230531689320848):A100,71.70,[100.00,15.72,12.87]	25(0.8206751703863207):A100,69.00,[100.00,17.93,03.22]	30(0.7833537621355822):A100,69.30,[100.00,08.18,07.63]	35(0.8379963016120241):A100,69.10,[100.00,34.72,04.03]	40(0.8969942766480135):A100,72.10,[100.00,10.30,01.91]	45(0.6971342604927365):C000,68.30,[100.00,14.51,41.53]	
0(0.8450344041469574):A100,69.80,[100.00,02.40,24.19]	5(0.6991693562564782):A100,73.70,[100.00,18.62,09.05]	10(0.7668008154603817):A100,68.00,[100.00,00.53,00.43]	15(0.7672269573951788):A100,70.40,[100.00,11.42,05.42]	20(0.9230531689320848):A100,72.20,[100.00,15.72,12.87]	25(0.8206751703863207):A100,69.50,[100.00,17.93,03.22]	30(0.7833537621355822):A100,69.80,[100.00,08.18,07.63]	35(0.8379963016120241):A100,69.60,[100.00,34.72,04.03]	40(0.8969942766480135):A100,72.60,[100.00,10.30,01.91]	45(0.6971342604927365):A100,68.80,[100.00,14.51,41.53]	
0(0.8450344041469574):B220,70.90,[100.00,186.28,24.19]	5(0.6991693562564782):A100,74.20,[100.00,18.62,09.05]	10(0.7668008154603817):A100,68.50,[100.00,00.53,00.43]	15(0.7672269573951788):A100,70.90,[100.00,11.42,05.42]	20(0.9230531689320848):A100,72.70,[100.00,15.72,12.87]	25(0.8206751703863207):A100,70.00,[100.00,17.93,03.22]	30(0.7833537621355822):A100,70.30,[100.00,08.18,07.63]	35(0.8379963016120241):A100,70.10,[100.00,34.72,04.03]	40(0.8969942766480135):A100,73.10,[100.00,10.30,01.91]	45(0.6971342604927365):A100,69.30,[100.00,14.51,41.53]	
0(0.8450344041469574):B000,70.90,[100.00,28.87,24.19]	5(0.6991693562564782):A100,74.70,[100.00,18.62,09.05]	10(0.7668008154603817):A100,69.00,[100.00,00.53,00.43]	15(0.7672269573951788):A100,71.40,[100.00,11.42,05.42]	20(0.9230531689320848):A100,73.20,[100.00,15.72,12.87]	25(0.8206751703863207):A100,70.50,[100.00,17.93,03.22]	30(0.7833537621355822):A100,70.80,[100.00,08.18,07.63]	35(0.8379963016120241):A100,70.60,[100.00,34.72,04.03]	40(0.8969942766480135):A100,73.60,[100.00,10.30,01.91]	45(0.6971342604927365):A100,69.80,[100.00,14.51,41.53]	
0(0.8450344041469574):A100,71.40,[100.00,28.87,24.19]	5(0.6991693562564782):A100,75.20,[100.00,18.62,09.05]	10(0.7668008154603817):A100,69.50,[100.00,00.53,00.43]	15(0.7672269573951788):A100,71.90,[100.00,11.42,05.42]	20(0.9230531689320848):A100,73.70,[100.00,15.72,12.87]	25(0.8206751703863207):A100,71.00,[100.00,17.93,03.22]	30(0.7833537621355822):A100,71.30,[100.00,08.18,07.63]	35(0.8379963016120241):A100,71.10,[100.00,34.72,04.03]	40(0.8969942766480135):A100,74.10,[100.00,10.30,01.91]	45(0.6971342604927365):A100,70.30,[100.00,14.51,41.53]	
0(0.8450344041469574):A100,71.90,[100.00,28.87,24.19]	5(0.6991693562564782):A100,75.70,[100.00,18.62,09.05]	10(0.7668008154603817):A100,70.00,[100.00,00.53,00.43]	15(0.7672269573951788):A100,72.40,[100.00,11.42,05.42]	20(0.9230531689320848):A100,74.20,[100.00,15.72,12.87]	25(0.8206751703863207):A100,71.50,[100.00,17.93,03.22]	30(0.7833537621355822):A100,71.80,[100.00,08.18,07.63]	35(0.8379963016120241):A100,71.60,[100.00,34.72,04.03]	40(0.8969942766480135):A100,74.60,[100.00,10.30,01.91]	45(0.6971342604927365):A100,70.80,[100.00,14.51,41.53]	
0(0.8450344041469574):A100,72.40,[100.00,28.87,24.19]	5(0.6991693562564782):A100,76.20,[100.00,18.62,09.05]	10(0.7668008154603817):A100,70.50,[100.00,00.53,00.43]	15(0.7672269573951788):A100,72.90,[100.00,11.42,05.42]	20(0.9230531689320848):A100,74.70,[100.00,15.72,12.87]	25(0.8206751703863207):A100,72.00,[100.00,17.93,03.22]	30(0.7833537621355822):A100,72.30,[100.00,08.18,07.63]	35(0.8379963016120241):C000,71.60,[100.00,34.72,00.65]	40(0.8969942766480135):B220,75.70,[100.00,198.40,01.91]	45(0.6971342604927365):A100,71.30,[100.00,14.51,41.53]	
0(0.8450344041469574):A100,72.90,[100.00,28.87,24.19]	5(0.6991693562564782):A100,76.70,[100.00,18.62,09.05]	10(0.7668008154603817):A100,71.00,[100.00,00.53,00.43]	15(0.7672269573951788):A100,73.40,[100.00,11.42,05.42]	20(0.9230531689320848):A100,75.20,[100.00,15.72,12.87]	25(0.8206751703863207):A100,72.50,[100.00,17.93,03.22]	30(0.7833537621355822):A100,72.80,[100.00,08.18,07.63]	35(0.8379963016120241):A100,72.10,[100.00,34.72,00.65]	40(0.8969942766480135):B000,75.70,[100.00,20.44,01.91]	45(0.6971342604927365):B220,72.40,[100.00,157.76,41.53]	
0(0.8450344041469574):A100,73.40,[100.00,28.87,24.19]	5(0.6991693562564782):A100,77.20,[100.00,18.62,09.05]	10(0.7668008154603817):A100,71.50,[100.00,00.53,00.43]	15(0.7672269573951788):A100,73.90,[100.00,11.42,05.42]	20(0.9230531689320848):A100,75.70,[100.00,15.72,12.87]	25(0.8206751703863207):A100,73.00,[100.00,17.93,03.22]	30(0.7833537621355822):A100,73.30,[100.00,08.18,07.63]	35(0.8379963016120241):A100,72.60,[100.00,34.72,00.65]	40(0.8969942766480135):A100,76.20,[100.00,20.44,01.91]	45(0.6971342604927365):B000,72.40,[100.00,47.78,41.53]	
0(0.8450344041469574):A100,73.90,[100.00,28.87,24.19]	5(0.6991693562564782):A100,77.70,[100.00,18.62,09.05]	10(0.7668008154603817):A100,72.00,[100.00,00.53,00.43]	15(0.7672269573951788):A100,74.40,[100.00,11.42,05.42]	20(0.9230531689320848):A100,76.20,[100.00,15.72,12.87]	25(0.8206751703863207):A100,73.50,[100.00,17.93,03.22]	30(0.7833537621355822):A100,73.80,[100.00,08.18,07.63]	35(0.8379963016120241):A100,73.10,[100.00,34.72,00.65]	40(0.8969942766480135):A100,76.70,[100.00,20.44,01.91]	45(0.6971342604927365):A100,72.90,[100.00,47.78,41.53]	
0(0.8450344041469574):A100,74.40,[100.00,28.87,24.19]	5(0.6991693562564782):A100,78.20,[100.00,18.62,09.05]	10(0.7668008154603817):A100,72.50,[100.00,00.53,00.43]	15(0.7672269573951788):A100,74.90,[100.00,11.42,05.42]	20(0.9230531689320848):A100,76.70,[100.00,15.72,12.87]	25(0.8206751703863207):A100,74.00,[100.00,17.93,03.22]	30(0.7833537621355822):A100,74.30,[100.00,08.18,07.63]	35(0.8379963016120241):A100,73.60,[100.00,34.72,00.65]	40(0.8969942766480135):A100,77.20,[100.00,20.44,01.91]	45(0.6971342604927365):B220,74.00,[100.00,167.84,41.53]	
0(0.8450344041469574):A100,74.90,[100.00,28.87,24.19]	5(0.6991693562564782):A100,78.70,[100.00,18.62,09.05]	10(0.7668008154603817):A100,73.00,[100.00,00.53,00.43]	15(0.7672269573951788):A100,75.40,[100.00,11.42,05.42]	20(0.9230531689320848):A100,77.20,[100.00,15.72,12.87]	25(0.8206751703863207):A100,74.50,[100.00,17.93,03.22]	30(0.7833537621355822):A100,74.80,[100.00,08.18,07.63]	35(0.8379963016120241):A100,74.10,[100.00,34.72,00.65]	40(0.8969942766480135):A100,77.70,[100.00,20.44,01.91]	45(0.6971342604927365):B220,75.10,[100.00,204.20,41.53]	
0(0.8450344041469574):A100,75.40,[100.00,28.87,24.19]	5(0.6991693562564782):A100,79.20,[100.00,18.62,09.05]	10(0.7668008154603817):A100,73.50,[100.00,00.53,00.43]	15(0.7672269573951788):A100,75.90,[100.00,11.42,05.42]	20(0.9230531689320848):A100,77.70,[100.00,15.72,12.87]	25(0.8206751703863207):A100,75.00,[100.00,17.93,03.22]	30(0.7833537621355822):A100,75.30,[100.00,08.18,07.63]	35(0.8379963016120241):A100,74.60,[100.00,34.72,00.65]	40(0.8969942766480135):A100,78.20,[100.00,20.44,01.91]	45(0.6971342604927365):B000,75.10,[100.00,61.85,41.53]	
0(0.8450344041469574):A100,75.90,[100.00,28.87,24.19]	5(0.6991693562564782):A100,79.70,[100.00,18.62,09.05]	10(0.7668008154603817):A100,74.00,[100.00,00.53,00.43]	15(0.7672269573951788):A100,76.40,[100.00,11.42,05.42]	20(0.9230531689320848):A100,78.20,[100.00,15.72,12.87]	25(0.8206751703863207):A100,75.50,[100.00,17.93,03.22]	30(0.7833537621355822):A100,75.80,[100.00,08.18,07.63]	35(0.8379963016120241):A100,75.10,[100.00,34.72,00.65]	40(0.8969942766480135):A100,78.70,[100.00,20.44,01.91]	45(0.6971342604927365):A100,75.60,[100.00,61.85,41.53]	
0(0.8450344041469574):A100,76.40,[100.00,28.87,24.19]	5(0.6991693562564782):A100,80.20,[100.00,18.62,09.05]	10(0.7668008154603817):A100,74.50,[100.00,00.53,00.43]	15(0.7672269573951788):A100,76.90,[100.00,11.42,05.42]	20(0.9230531689320848):A100,78.70,[100.00,15.72,12.87]	25(0.8206751703863207):A100,76.00,[100.00,17.93,03.22]	30(0.7833537621355822):A100,76.30,[100.00,08.18,07.63]	35(0.8379963016120241):A100,75.60,[100.00,34.72,00.65]	40(0.8969942766480135):A100,79.20,[100.00,20.44,01.91]	45(0.6971342604927365):A100,76.10,[100.00,61.85,41.53]	
0(0.8450344041469574):A100,76.90,[100.00,28.87,24.19]	5(0.6991693562564782):A100,80.70,[100.00,18.62,09.05]	10(0.7668008154603817):A100,75.00,[100.00,00.53,00.43]	15(0.7672269573951788):A100,77.40,[100.00,11.42,05.42]	20(0.9230531689320848):A100,79.20,[100.00,15.72,12.87]	25(0.8206751703863207):A100,76.50,[100.00,17.93,03.22]	30(0.7833537621355822):A100,76.80,[100.00,08.18,07.63]	35(0.8379963016120241):A100,76.10,[100.00,34.72,00.65]	40(0.8969942766480135):A100,79.70,[100.00,20.44,01.91]	45(0.6971342604927365):A100,76.60,[100.00,61.85,41.53]	
0(0.8450344041469574):A100,77.40,[100.00,28.87,24.19]	5(0.6991693562564782):A100,81.20,[100.00,18.62,09.05]	10(0.7668008154603817):A100,75.50,[100.00,00.53,00.43]	15(0.7672269573951788):A100,77.90,[100.00,11.42,05.42]	20(0.9230531689320848):A100,79.70,[100.00,15.72,12.87]	25(0.8206751703863207):A100,77.00,[100.00,17.93,03.22]	30(0.7833537621355822):B220,77.90,[100.00,174.11,07.63]	35(0.8379963016120241):A100,76.60,[100.00,34.72,00.65]	40(0.8969942766480135):A100,80.20,[100.00,20.44,01.91]	45(0.6971342604927365):A100,77.10,[100.00,61.85,41.53]	
0(0.8450344041469574):A100,77.90,[100.00,28.87,24.19]	5(0.6991693562564782):A100,81.70,[100.00,18.62,09.05]	10(0.7668008154603817):A100,76.00,[100.00,00.53,00.43]	15(0.7672269573951788):A100,78.40,[100.00,11.42,05.42]	20(0.9230531689320848):A100,80.20,[100.00,15.72,12.87]	25(0.8206751703863207):A100,77.50,[100.00,17.93,03.22]	30(0.7833537621355822):B220,79.00,[100.00,210.06,07.63]	35(0.8379963016120241):A100,77.10,[100.00,34.72,00.65]	40(0.8969942766480135):A100,80.70,[100.00,20.44,01.91]	45(0.6971342604927365):A100,77.60,[100.00,61.85,41.53]	
0(0.8450344041469574):A100,78.40,[100.00,28.87,24.19]	5(0.6991693562564782):A100,82.20,[100.00,18.62,09.05]	10(0.7668008154603817):A100,76.50,[100.00,00.53,00.43]	15(0.7672269573951788):A100,78.90,[100.00,11.42,05.42]	20(0.9230531689320848):A100,80.70,[100.00,15.72,12.87]	25(0.8206751703863207):A100,78.00,[100.00,17.93,03.22]	30(0.7833537621355822):B220,80.10,[100.00,217.85,07.63]	35(0.8379963016120241):A100,77.60,[100.00,34.72,00.65]	40(0.8969942766480135):A100,81.20,[100.00,20.44,01.91]	45(0.6971342604927365):A100,78.10,[100.00,61.85,41.53]	
0(0.8450344041469574):A100,78.90,[100.00,28.87,24.19]	5(0.6991693562564782):A100,82.70,[100.00,18.62,09.05]	10(0.7668008154603817):A100,77.00,[100.00,00.53,00.43]	15(0.7672269573951788):A100,79.40,[100.00,11.42,05.42]	20(0.9230531689320848):A100,81.20,[100.00,15.72,12.87]	25(0.8206751703863207):A100,78.50,[100.00,17.93,03.22]	30(0.7833537621355822):B000,80.10,[100.00,47.20,07.63]	35(0.8379963016120241):A100,78.10,[100.00,34.72,00.65]	40(0.8969942766480135):A100,81.70,[100.00,20.44,01.91]	45(0.6971342604927365):A100,78.60,[100.00,61.85,41.53]	
0(0.8450344041469574):A100,79.40,[100.00,28.87,24.19]	5(0.6991693562564782):A100,83.20,[100.00,18.62,09.05]	10(0.7668008154603817):A100,77.50,[100.00,00.53,00.43]	15(0.7672269573951788):A100,79.90,[100.00,11.42,05.42]	20(0.9230531689320848):A100,81.70,[100.00,15.72,12.87]	25(0.8206751703863207):A100,79.00,[100.00,17.93,03.22]	30(0.7833537621355822):A100,80.60,[100.00,47.20,07.63]	35(0.8379963016120241):A100,78.60,[100.00,34.72,00.65]	40(0.8969942766480135):A100,82.20,[100.00,20.44,01.91]	45(0.6971342604927365):A100,79.10,[100.00,61.85,41.53]	
0(0.8450344041469574):A100,79.90,[100.00,28.87,24.19]	5(0.6991693562564782):A100,83.70,[100.00,18.62,09.05]	10(0.7668008154603817):C180,78.40,[100.00,00.53,138.13]	15(0.7672269573951788):A100,80.40,[100.00,11.42,05.42]	20(0.9230531689320848):A100,82.20,[100.00,15.72,12.87]	25(0.8206751703863207):A100,79.50,[100.00,17.93,03.22]	30(0.7833537621355822):A100,81.10,[100.00,47.20,07.63]	35(0.8379963016120241):A100,79.10,[100.00,34.72,00.65]	40(0.8969942766480135):A100,82.70,[100.00,20.44,01.91]	45(0.6971342604927365):B220,80.20,[100.00,172.10,41.53]	
0(0.8450344041469574):A100,80.40,[100.00,28.87,24.19]	5(0.6991693562564782):A100,84.20,[100.00,18.62,09.05]	10(0.7668008154603817):A100,78.90,[100.00,00.53,138.13]	15(0.7672269573951788):A100,80.90,[100.00,11.42,05.42]	20(0.9230531689320848):A100,82.70,[100.00,15.72,12.87]	25(0.8206751703863207):A100,80.00,[100.00,17.93,03.22]	30(0.7833537621355822):A100,81.60,[100.00,47.20,07.63]	35(0.8379963016120241):A100,79.60,[100.00,34.72,00.65]	40(0.8969942766480135):A100,83.20,[100.00,20.44,01.91]	45(0.6971342604927365):B000,80.20,[100.00,52.12,41.53]	
0(0.8450344041469574):A100,80.90,[100.00,28.87,24.19]	5(0.6991693562564782):A100,84.70,[100.00,18.62,09.05]	10(0.7668008154603817):C000,78.90,[100.00,00.53,32.21]	15(0.7672269573951788):A100,81.40,[100.00,11.42,05.42]	20(0.9230531689320848):A100,83.20,[100.00,15.72,12.87]	25(0.8206751703863207):A100,80.50,[100.00,17.93,03.22]	30(0.7833537621355822):A100,82.10,[100.00,47.20,07.63]	35(0.8379963016120241):A100,80.10,[100.00,34.72,00.65]	40(0.8969942766480135):A100,83.70,[100.00,20.44,01.91]	45(0.6971342604927365):A100,80.70,[100.00,52.12,41.53]	
0(0.8450344041469574):A100,81.40,[100.00,28.87,24.19]	5(0.6991693562564782):A100,85.20,[100.00,18.62,09.05]	10(0.7668008154603817):A100,79.40,[100.00,00.53,32.21]	15(0.7672269573951788):A100,81.90,[100.00,11.42,05.42]	20(0.9230531689320848):A100,83.70,[100.00,15.72,12.87]	25(0.8206751703863207):A100,81.00,[100.00,17.93,03.22]	30(0.7833537621355822):A100,82.60,[100.00,47.20,07.63]	35(0.8379963016120241):A100,80.60,[100.00,34.72,00.65]	40(0.8969942766480135):A100,84.20,[100.00,20.44,01.91]	45(0.6971342604927365):A100,81.20,[100.00,52.12,41.53]	
0(0.8450344041469574):A100,81.90,[100.00,28.87,24.19]	5(0.6991693562564782):A100,85.70,[100.00,18.62,09.05]	10(0.7668008154603817):A100,79.90,[100.00,00.53,32.21]	15(0.7672269573951788):A100,82.40,[100.00,11.42,05.42]	20(0.9230531689320848):A100,84.20,[100.00,15.72,12.87]	25(0.8206751703863207):A100,81.50,[100.00,17.93,03.22]	30(0.7833537621355822):A100,83.10,[100.00,47.20,07.63]	35(0.8379963016120241):A100,81.10,[100.00,34.72,00.65]	40(0.8969942766480135):A100,84.70,[100.00,20.44,01.91]	45(0.6971342604927365):A100,81.70,[100.00,52.12,41.53]	
0(0.8450344041469574):A100,82.40,[100.00,28.87,24.19]	5(0.6991693562564782):A100,86.20,[100.00,18.62,09.05]	10(0.7668008154603817):A100,80.40,[100.00,00.53,32.21]	15(0.7672269573951788):A100,82.90,[100.00,11.42,05.42]	20(0.9230531689320848):A100,84.70,[100.00,15.72,12.87]	25(0.8206751703863207):A100,82.00,[100.00,17.93,03.22]	30(0.7833537621355822):A100,83.60,[100.00,47.20,07.63]	35(0.8379963016120241):A100,81.60,[100.00,34.72,00.65]	40(0.8969942766480135):A100,85.20,[100.00,20.44,01.91]	45(0.6971342604927365):A100,82.20,[100.00,52.12,41.53]	
0(0.8450344041469574):A100,82.90,[100.00,28.87,24.19]	5(0.6991693562564782):A100,86.70,[100.00,18.62,09.05]	10(0.7668008154603817):A100,80.90,[100.00,00.53,32.21]	15(0.7672269573951788):A100,83.40,[100.00,11.42,05.42]	20(0.9230531689320848):A100,85.20,[100.00,15.72,12.87]	25(0.8206751703863207):A100,82.50,[100.00,17.93,03.22]	30(0.7833537621355822):A100,84.10,[100.00,47.20,07.63]	35(0.8379963016120241):A100,82.10,[100.00,34.72,00.65]	40(0.8969942766480135):A100,85.70,[100.00,20.44,01.91]	45(0.6971342604927365):A100,82.70,[100.00,52.12,41.53]	
0(0.8450344041469574):A100,83.40,[100.00,28.87,24.19]	5(0.6991693562564782):A100,87.20,[100.00,18.62,09.05]	10(0.7668008154603817):A100,81.40,[100.00,00.53,32.21]	15(0.7672269573951788):A100,83.90,[100.00,11.42,05.42]	20(0.9230531689320848):A100,85.70,[100.00,15.72,12.87]	25(0.8206751703863207):A100,83.00,[100.00,17.93,03.22]	30(0.7833537621355822):A100,84.60,[100.00,47.20,07.63]	35(0.8379963016120241):A100,82.60,[100.00,34.72,00.65]	40(0.8969942766480135):A100,86.20,[100.00,20.44,01.91]	45(0.6971342604927365):A100,83.20,[100.00,52.12,41.53]	
0(0.8450344041469574):A100,83.90,[100.00,28.87,24.19]	5(0.6991693562564782):A100,87.70,[100.00,18.62,09.05]	10(0.7668008154603817):A100,81.90,[100.00,00.53,32.21]	15(0.7672269573951788):A100,84.40,[100.00,11.42,05.42]	20(0.9230531689320848):A100,86.20,[100.00,15.72,12.87]	25(0.8206751703863207):A100,83.50,[100.00,17.93,03.22]	30(0.7833537621355822):A100,85.10,[100.00,47.20,07.63]	35(0.8379963016120241):A100,83.10,[100.00,34.72,00.65]	40(0.8969942766480135):A100,86.70,[100.00,20.44,01.91]	45(0.6971342604927365):A100,83.70,[100.00,52.12,41.53]	
0(0.8450344041469574):A100,84.40,[100.00,28.87,24.19]	5(0.6991693562564782):A100,88.20,[100.00,18.62,09.05]	10(0.7668008154603817):A100,82.40,[100.00,00.53,32.21]	15(0.7672269573951788):A100,84.90,[100.00,11.42,05.42]	20(0.9230531689320848):B000,86.20,[100.00,01.21,12.87]	25(0.8206751703863207):A100,84.00,[100.00,17.93,03.22]	30(0.7833537621355822):A100,85.60,[100.00,47.20,07.63]	35(0.8379963016120241):A100,83.60,[100.00,34.72,00.65]	40(0.8969942766480135):A100,87.20,[100.00,20.44,01.91]	45(0.6971342604927365):A100,84.20,[100.00,52.12,41.53]	
0(0.8450344041469574):A100,84.90,[100.00,28.87,24.19]	5(0.6991693562564782):A100,88.70,[100.00,18.62,09.05]	10(0.7668008154603817):A100,82.90,[100.00,00.53,32.21]	15(0.7672269573951788):A100,85.40,[100.00,11.42,05.42]	20(0.9230531689320848):A100,86.70,[100.00,01.21,12.87]	25(0.8206751703863207):A100,84.50,[100.00,17.93,03.22]	30(0.7833537621355822):A100,86.10,[100.00,47.20,07.63]	35(0.8379963016120241):A100,84.10,[100.00,34.72,00.65]	40(0.8969942766480135):A100,87.70,[100.00,20.44,01.91]	45(0.6971342604927365):A100,84.70,[100.00,52.12,41.53]	
0(0.8450344041469574):A100,85.40,[100.00,28.87,24.19]	5(0.6991693562564782):A100,89.20,[100.00,18.62,09.05]	10(0.7668008154603817):A100,83.40,[100.00,00.53,32.21]	15(0.7672269573951788):A100,85.90,[100.00,11.42,05.42]	20(0.9230531689320848):A100,87.20,[100.00,01.21,12.87]	25(0.8206751703863207):A100,85.00,[100.00,17.93,03.22]	30(0.7833537621355822):A100,86.60,[100.00,47.20,07.63]	35(0.8379963016120241):A100,84.60,[100.00,34.72,00.65]	40(0.8969942766480135):A100,88.20,[100.00,20.44,01.91]	45(0.6971342604927365):A100,85.20,[100.00,52.12,41.53]	
0(0.8450344041469574):A100,85.90,[100.00,28.87,24.19]	5(0.6991693562564782):A100,89.70,[100.00,18.62,09.05]	10(0.7668008154603817):A100,83.90,[100.00,00.53,32.21]	15(0.7672269573951788):A100,86.40,[100.00,11.42,05.42]	20(0.9230531689320848):A100,87.70,[100.00,01.21,12.87]	25(0.8206751703863207):A100,85.50,[100.00,17.93,03.22]	30(0.7833537621355822):A100,87.10,[100.00,47.20,07.63]	35(0.8379963016120241):A100,85.10,[100.00,34.72,00.65]	40(0.8969942766480135):A100,88.70,[100.00,20.44,01.91]	45(0.6971342604927365):A100,85.70,[100.00,52.12,41.53]	
0(0.8450344041469574):A100,86.40,[100.00,28.87,24.19]	5(0.6991693562564782):A100,90.20,[100.00,18.62,09.05]	10(0.7668008154603817):A100,84.40,[100.00,00.53,32.21]	15(0.7672269573951788):A100,86.90,[100.00,11.42,05.42]	20(0.9230531689320848):A100,88.20,[100.00,01.21,12.87]	25(0.8206751703863207):A100,86.00,[100.00,17.93,03.22]	30(0.7833537621355822):A100,87.60,[100.00,47.20,07.63]	35(0.8379963016120241):A100,85.60,[100.00,34.72,00.65]	40(0.8969942766480135):A100,89.20,[100.00,20.44,01.91]	45(0.6971342604927365):A100,86.20,[100.00,52.12,41.53]	
0(0.8450344041469574):A100,86.90,[100.00,28.87,24.19]	5(0.6991693562564782):A100,90.70,[100.00,18.62,09.05]	10(0.7668008154603817):A100,84.90,[100.00,00.53,32.21]	15(0.7672269573951788):A100,87.40,[100.00,11.42,05.42]	20(0.9230531689320848):A100,88.70,[100.00,01.21,12.87]	25(0.8206751703863207):A100,86.50,[100.00,17.93,03.22]	30(0.7833537621355822):A100,88.10,[100.00,47.20,07.63]	35(0.8379963016120241):A100,86.10,[100.00,34.72,00.65]	40(0.8969942766480135):A100,89.70,[100.00,20.44,01.91]	45(0.6971342604927365):C180,87.10,[100.00,52.12,138.06]	
0(0.8450344041469574):A100,87.40,[100.00,28.87,24.19]	5(0.6991693562564782):A100,91.20,[100.00,18.62,09.05]	10(0.7668008154603817):A100,85.40,[100.00,00.53,32.21]	15(0.7672269573951788):A100,87.90,[100.00,11.42,05.42]	20(0.9230531689320848):A100,89.20,[100.00,01.21,12.87]	25(0.8206751703863207):A100,87.00,[100.00,17.93,03.22]	30(0.7833537621355822):A100,88.60,[100.00,47.20,07.63]	35(0.8379963016120241):A100,86.60,[100.00,34.72,00.65]	40(0.8969942766480135):A100,90.20,[100.00,20.44,01.91]	45(0.6971342604927365):C000,87.10,[100.00,52.12,41.81]	
0(0.8450344041469574):A100,87.90,[100.00,28.87,24.19]	5(0.6991693562564782):A100,91.70,[100.00,18.62,09.05]	10(0.7668008154603817):A100,85.90,[100.00,00.53,32.21]	15(0.7672269573951788):A100,88.40,[100.00,11.42,05.42]	20(0.9230531689320848):A100,89.70,[100.00,01.21,12.87]	25(0.8206751703863207):A100,87.50,[100.00,17.93,03.22]	30(0.7833537621355822):A100,89.10,[100.00,47.20,07.63]	35(0.8379963016120241):A100,87.10,[100.00,34.72,00.65]	40(0.8969942766480135):A100,90.70,[100.00,20.44,01.91]	45(0.6971342604927365):A100,87.60,[100.00,52.12,41.81]	
0(0.8450344041469574):A