each row consists of groups of data for each agent, in form:	agentNum(learningParameter):choice,fitness,[expA,expB,expC]where choice has letter chosen and reward received
each column consists of every trial for the same agent.
this entire file is from Generation 250

0(0.11359181165222905):A100,00.50,[100.00,100.00,100.00]	5(0.6938571695852692):A100,00.50,[100.00,100.00,100.00]	10(0.6663109664614371):A100,00.50,[100.00,100.00,100.00]	15(0.0719562771371267):C180,00.90,[100.00,100.00,105.76]	20(0.05424302851860611):C180,00.90,[100.00,100.00,104.34]	25(0.7134437927331364):A100,00.50,[100.00,100.00,100.00]	30(0.7074289760972219):B220,01.10,[100.00,184.89,100.00]	35(0.020915015420015472):A100,00.50,[100.00,100.00,100.00]	40(0.11936417693104817):B000,00.00,[100.00,88.06,100.00]	45(0.07511273135124012):C180,00.90,[100.00,100.00,106.01]	
0(0.11359181165222905):B220,01.60,[100.00,113.63,100.00]	5(0.6938571695852692):C000,00.50,[100.00,100.00,30.61]	10(0.6663109664614371):C180,01.40,[100.00,100.00,153.30]	15(0.0719562771371267):B000,00.90,[100.00,92.80,105.76]	20(0.05424302851860611):A100,01.40,[100.00,100.00,104.34]	25(0.7134437927331364):C180,01.40,[100.00,100.00,157.08]	30(0.7074289760972219):B220,02.20,[100.00,209.73,100.00]	35(0.020915015420015472):C000,00.50,[100.00,100.00,97.91]	40(0.11936417693104817):B000,00.00,[100.00,77.55,100.00]	45(0.07511273135124012):C000,00.90,[100.00,100.00,98.05]	
0(0.11359181165222905):A100,02.10,[100.00,113.63,100.00]	5(0.6938571695852692):A100,01.00,[100.00,100.00,30.61]	10(0.6663109664614371):C000,01.40,[100.00,100.00,51.16]	15(0.0719562771371267):C000,00.90,[100.00,92.80,98.15]	20(0.05424302851860611):B000,01.40,[100.00,94.58,104.34]	25(0.7134437927331364):C180,02.30,[100.00,100.00,173.43]	30(0.7074289760972219):B220,03.30,[100.00,216.99,100.00]	35(0.020915015420015472):C180,01.40,[100.00,100.00,99.63]	40(0.11936417693104817):A100,00.50,[100.00,77.55,100.00]	45(0.07511273135124012):C180,01.80,[100.00,100.00,104.20]	
0(0.11359181165222905):A100,02.60,[100.00,113.63,100.00]	5(0.6938571695852692):B000,01.00,[100.00,30.61,30.61]	10(0.6663109664614371):B220,02.50,[100.00,179.96,51.16]	15(0.0719562771371267):B220,02.00,[100.00,101.96,98.15]	20(0.05424302851860611):C180,02.30,[100.00,94.58,108.44]	25(0.7134437927331364):C000,02.30,[100.00,100.00,49.70]	30(0.7074289760972219):B220,04.40,[100.00,219.12,100.00]	35(0.020915015420015472):C000,01.40,[100.00,100.00,97.54]	40(0.11936417693104817):A100,01.00,[100.00,77.55,100.00]	45(0.07511273135124012):B220,02.90,[100.00,109.01,104.20]	
0(0.11359181165222905):C000,02.60,[100.00,113.63,88.64]	5(0.6938571695852692):A100,01.50,[100.00,30.61,30.61]	10(0.6663109664614371):B220,03.60,[100.00,206.64,51.16]	15(0.0719562771371267):C000,02.00,[100.00,101.96,91.08]	20(0.05424302851860611):A100,02.80,[100.00,94.58,108.44]	25(0.7134437927331364):B220,03.40,[100.00,185.61,49.70]	30(0.7074289760972219):B000,04.40,[100.00,64.11,100.00]	35(0.020915015420015472):C000,01.40,[100.00,100.00,95.50]	40(0.11936417693104817):A100,01.50,[100.00,77.55,100.00]	45(0.07511273135124012):B220,04.00,[100.00,117.35,104.20]	
0(0.11359181165222905):B220,03.70,[100.00,125.71,88.64]	5(0.6938571695852692):A100,02.00,[100.00,30.61,30.61]	10(0.6663109664614371):B220,04.70,[100.00,215.54,51.16]	15(0.0719562771371267):B000,02.00,[100.00,94.62,91.08]	20(0.05424302851860611):A100,03.30,[100.00,94.58,108.44]	25(0.7134437927331364):B220,04.50,[100.00,210.15,49.70]	30(0.7074289760972219):C000,04.40,[100.00,64.11,29.26]	35(0.020915015420015472):A100,01.90,[100.00,100.00,95.50]	40(0.11936417693104817):B000,01.50,[100.00,68.30,100.00]	45(0.07511273135124012):C180,04.90,[100.00,117.35,109.90]	
0(0.11359181165222905):B000,03.70,[100.00,111.43,88.64]	5(0.6938571695852692):A100,02.50,[100.00,30.61,30.61]	10(0.6663109664614371):B220,05.80,[100.00,218.51,51.16]	15(0.0719562771371267):A100,02.50,[100.00,94.62,91.08]	20(0.05424302851860611):A100,03.80,[100.00,94.58,108.44]	25(0.7134437927331364):B220,05.60,[100.00,217.18,49.70]	30(0.7074289760972219):A100,04.90,[100.00,64.11,29.26]	35(0.020915015420015472):B220,03.00,[100.00,102.51,95.50]	40(0.11936417693104817):A100,02.00,[100.00,68.30,100.00]	45(0.07511273135124012):C180,05.80,[100.00,117.35,115.16]	
0(0.11359181165222905):A100,04.20,[100.00,111.43,88.64]	5(0.6938571695852692):A100,03.00,[100.00,30.61,30.61]	10(0.6663109664614371):B220,06.90,[100.00,219.50,51.16]	15(0.0719562771371267):A100,03.00,[100.00,94.62,91.08]	20(0.05424302851860611):A100,04.30,[100.00,94.58,108.44]	25(0.7134437927331364):B000,05.60,[100.00,62.23,49.70]	30(0.7074289760972219):A100,05.40,[100.00,64.11,29.26]	35(0.020915015420015472):B220,04.10,[100.00,104.97,95.50]	40(0.11936417693104817):C180,02.90,[100.00,68.30,109.55]	45(0.07511273135124012):C180,06.70,[100.00,117.35,120.03]	
0(0.11359181165222905):A100,04.70,[100.00,111.43,88.64]	5(0.6938571695852692):A100,03.50,[100.00,30.61,30.61]	10(0.6663109664614371):B000,06.90,[100.00,73.25,51.16]	15(0.0719562771371267):C000,03.00,[100.00,94.62,84.53]	20(0.05424302851860611):C180,05.20,[100.00,94.58,112.32]	25(0.7134437927331364):A100,06.10,[100.00,62.23,49.70]	30(0.7074289760972219):A100,05.90,[100.00,64.11,29.26]	35(0.020915015420015472):C180,05.00,[100.00,104.97,97.27]	40(0.11936417693104817):A100,03.40,[100.00,68.30,109.55]	45(0.07511273135124012):B000,06.70,[100.00,108.54,120.03]	
0(0.11359181165222905):C000,04.70,[100.00,111.43,78.57]	5(0.6938571695852692):A100,04.00,[100.00,30.61,30.61]	10(0.6663109664614371):A100,07.40,[100.00,73.25,51.16]	15(0.0719562771371267):A100,03.50,[100.00,94.62,84.53]	20(0.05424302851860611):C000,05.20,[100.00,94.58,106.23]	25(0.7134437927331364):A100,06.60,[100.00,62.23,49.70]	30(0.7074289760972219):B220,07.00,[100.00,174.39,29.26]	35(0.020915015420015472):A100,05.50,[100.00,104.97,97.27]	40(0.11936417693104817):A100,03.90,[100.00,68.30,109.55]	45(0.07511273135124012):C000,06.70,[100.00,108.54,111.02]	
0(0.11359181165222905):B000,04.70,[100.00,98.78,78.57]	5(0.6938571695852692):A100,04.50,[100.00,30.61,30.61]	10(0.6663109664614371):A100,07.90,[100.00,73.25,51.16]	15(0.0719562771371267):B220,04.60,[100.00,103.64,84.53]	20(0.05424302851860611):C000,05.20,[100.00,94.58,100.47]	25(0.7134437927331364):A100,07.10,[100.00,62.23,49.70]	30(0.7074289760972219):B220,08.10,[100.00,206.66,29.26]	35(0.020915015420015472):A100,06.00,[100.00,104.97,97.27]	40(0.11936417693104817):A100,04.40,[100.00,68.30,109.55]	45(0.07511273135124012):C000,06.70,[100.00,108.54,102.68]	
0(0.11359181165222905):B000,04.70,[100.00,87.56,78.57]	5(0.6938571695852692):A100,05.00,[100.00,30.61,30.61]	10(0.6663109664614371):A100,08.40,[100.00,73.25,51.16]	15(0.0719562771371267):B220,05.70,[100.00,112.01,84.53]	20(0.05424302851860611):B000,05.20,[100.00,89.45,100.47]	25(0.7134437927331364):A100,07.60,[100.00,62.23,49.70]	30(0.7074289760972219):B000,08.10,[100.00,60.46,29.26]	35(0.020915015420015472):B220,07.10,[100.00,107.37,97.27]	40(0.11936417693104817):B000,04.40,[100.00,60.14,109.55]	45(0.07511273135124012):C180,07.60,[100.00,108.54,108.48]	
0(0.11359181165222905):C000,04.70,[100.00,87.56,69.65]	5(0.6938571695852692):A100,05.50,[100.00,30.61,30.61]	10(0.6663109664614371):B220,09.50,[100.00,171.03,51.16]	15(0.0719562771371267):B000,05.70,[100.00,103.95,84.53]	20(0.05424302851860611):B000,05.20,[100.00,84.59,100.47]	25(0.7134437927331364):A100,08.10,[100.00,62.23,49.70]	30(0.7074289760972219):A100,08.60,[100.00,60.46,29.26]	35(0.020915015420015472):B220,08.20,[100.00,109.73,97.27]	40(0.11936417693104817):A100,04.90,[100.00,60.14,109.55]	45(0.07511273135124012):B220,08.70,[100.00,116.91,108.48]	
0(0.11359181165222905):B000,04.70,[100.00,77.61,69.65]	5(0.6938571695852692):A100,06.00,[100.00,30.61,30.61]	10(0.6663109664614371):B220,10.60,[100.00,203.66,51.16]	15(0.0719562771371267):B000,05.70,[100.00,96.47,84.53]	20(0.05424302851860611):A100,05.70,[100.00,84.59,100.47]	25(0.7134437927331364):A100,08.60,[100.00,62.23,49.70]	30(0.7074289760972219):A100,09.10,[100.00,60.46,29.26]	35(0.020915015420015472):A100,08.70,[100.00,109.73,97.27]	40(0.11936417693104817):A100,05.40,[100.00,60.14,109.55]	45(0.07511273135124012):C180,09.60,[100.00,116.91,113.86]	
0(0.11359181165222905):A100,05.20,[100.00,77.61,69.65]	5(0.6938571695852692):C180,06.90,[100.00,30.61,134.27]	10(0.6663109664614371):B220,11.70,[100.00,214.55,51.16]	15(0.0719562771371267):C180,06.60,[100.00,96.47,91.40]	20(0.05424302851860611):C180,06.60,[100.00,84.59,104.78]	25(0.7134437927331364):A100,09.10,[100.00,62.23,49.70]	30(0.7074289760972219):A100,09.60,[100.00,60.46,29.26]	35(0.020915015420015472):B000,08.70,[100.00,107.43,97.27]	40(0.11936417693104817):C000,05.40,[100.00,60.14,96.47]	45(0.07511273135124012):C000,09.60,[100.00,116.91,105.30]	
0(0.11359181165222905):A100,05.70,[100.00,77.61,69.65]	5(0.6938571695852692):C000,06.90,[100.00,30.61,41.10]	10(0.6663109664614371):B220,12.80,[100.00,218.18,51.16]	15(0.0719562771371267):B220,07.70,[100.00,105.36,91.40]	20(0.05424302851860611):B220,07.70,[100.00,91.94,104.78]	25(0.7134437927331364):A100,09.60,[100.00,62.23,49.70]	30(0.7074289760972219):A100,10.10,[100.00,60.46,29.26]	35(0.020915015420015472):A100,09.20,[100.00,107.43,97.27]	40(0.11936417693104817):C180,06.30,[100.00,60.14,106.44]	45(0.07511273135124012):B220,10.70,[100.00,124.65,105.30]	
0(0.11359181165222905):A100,06.20,[100.00,77.61,69.65]	5(0.6938571695852692):A100,07.40,[100.00,30.61,41.10]	10(0.6663109664614371):B000,12.80,[100.00,72.80,51.16]	15(0.0719562771371267):C000,07.70,[100.00,105.36,84.82]	20(0.05424302851860611):A100,08.20,[100.00,91.94,104.78]	25(0.7134437927331364):A100,10.10,[100.00,62.23,49.70]	30(0.7074289760972219):B000,10.10,[100.00,17.69,29.26]	35(0.020915015420015472):C000,09.20,[100.00,107.43,95.23]	40(0.11936417693104817):C000,06.30,[100.00,60.14,93.74]	45(0.07511273135124012):B000,10.70,[100.00,115.29,105.30]	
0(0.11359181165222905):A100,06.70,[100.00,77.61,69.65]	5(0.6938571695852692):A100,07.90,[100.00,30.61,41.10]	10(0.6663109664614371):A100,13.30,[100.00,72.80,51.16]	15(0.0719562771371267):A100,08.20,[100.00,105.36,84.82]	20(0.05424302851860611):A100,08.70,[100.00,91.94,104.78]	25(0.7134437927331364):A100,10.60,[100.00,62.23,49.70]	30(0.7074289760972219):A100,10.60,[100.00,17.69,29.26]	35(0.020915015420015472):B220,10.30,[100.00,109.79,95.23]	40(0.11936417693104817):C180,07.20,[100.00,60.14,104.03]	45(0.07511273135124012):A100,11.20,[100.00,115.29,105.30]	
0(0.11359181165222905):A100,07.20,[100.00,77.61,69.65]	5(0.6938571695852692):A100,08.40,[100.00,30.61,41.10]	10(0.6663109664614371):A100,13.80,[100.00,72.80,51.16]	15(0.0719562771371267):A100,08.70,[100.00,105.36,84.82]	20(0.05424302851860611):A100,09.20,[100.00,91.94,104.78]	25(0.7134437927331364):A100,11.10,[100.00,62.23,49.70]	30(0.7074289760972219):A100,11.10,[100.00,17.69,29.26]	35(0.020915015420015472):B000,10.30,[100.00,107.49,95.23]	40(0.11936417693104817):A100,07.70,[100.00,60.14,104.03]	45(0.07511273135124012):C000,11.20,[100.00,115.29,97.39]	
0(0.11359181165222905):A100,07.70,[100.00,77.61,69.65]	5(0.6938571695852692):A100,08.90,[100.00,30.61,41.10]	10(0.6663109664614371):A100,14.30,[100.00,72.80,51.16]	15(0.0719562771371267):A100,09.20,[100.00,105.36,84.82]	20(0.05424302851860611):C000,09.20,[100.00,91.94,99.10]	25(0.7134437927331364):A100,11.60,[100.00,62.23,49.70]	30(0.7074289760972219):A100,11.60,[100.00,17.69,29.26]	35(0.020915015420015472):B220,11.40,[100.00,109.84,95.23]	40(0.11936417693104817):C180,08.60,[100.00,60.14,113.10]	45(0.07511273135124012):B000,11.20,[100.00,106.63,97.39]	
0(0.11359181165222905):C000,07.70,[100.00,77.61,61.74]	5(0.6938571695852692):A100,09.40,[100.00,30.61,41.10]	10(0.6663109664614371):A100,14.80,[100.00,72.80,51.16]	15(0.0719562771371267):A100,09.70,[100.00,105.36,84.82]	20(0.05424302851860611):A100,09.70,[100.00,91.94,99.10]	25(0.7134437927331364):A100,12.10,[100.00,62.23,49.70]	30(0.7074289760972219):A100,12.10,[100.00,17.69,29.26]	35(0.020915015420015472):B000,11.40,[100.00,107.55,95.23]	40(0.11936417693104817):A100,09.10,[100.00,60.14,113.10]	45(0.07511273135124012):B220,12.30,[100.00,115.14,97.39]	
0(0.11359181165222905):B220,08.80,[100.00,93.78,61.74]	5(0.6938571695852692):A100,09.90,[100.00,30.61,41.10]	10(0.6663109664614371):A100,15.30,[100.00,72.80,51.16]	15(0.0719562771371267):A100,10.20,[100.00,105.36,84.82]	20(0.05424302851860611):B220,10.80,[100.00,98.89,99.10]	25(0.7134437927331364):A100,12.60,[100.00,62.23,49.70]	30(0.7074289760972219):A100,12.60,[100.00,17.69,29.26]	35(0.020915015420015472):C180,12.30,[100.00,107.55,97.01]	40(0.11936417693104817):C000,09.10,[100.00,60.14,99.60]	45(0.07511273135124012):A100,12.80,[100.00,115.14,97.39]	
0(0.11359181165222905):A100,09.30,[100.00,93.78,61.74]	5(0.6938571695852692):B000,09.90,[100.00,09.37,41.10]	10(0.6663109664614371):A100,15.80,[100.00,72.80,51.16]	15(0.0719562771371267):B220,11.30,[100.00,113.61,84.82]	20(0.05424302851860611):B000,10.80,[100.00,93.52,99.10]	25(0.7134437927331364):B000,12.60,[100.00,17.83,49.70]	30(0.7074289760972219):A100,13.10,[100.00,17.69,29.26]	35(0.020915015420015472):B220,13.40,[100.00,109.90,97.01]	40(0.11936417693104817):C000,09.10,[100.00,60.14,87.71]	45(0.07511273135124012):A100,13.30,[100.00,115.14,97.39]	
0(0.11359181165222905):B220,10.40,[100.00,108.12,61.74]	5(0.6938571695852692):C000,09.90,[100.00,09.37,12.58]	10(0.6663109664614371):A100,16.30,[100.00,72.80,51.16]	15(0.0719562771371267):B220,12.40,[100.00,121.27,84.82]	20(0.05424302851860611):B000,10.80,[100.00,88.45,99.10]	25(0.7134437927331364):A100,13.10,[100.00,17.83,49.70]	30(0.7074289760972219):A100,13.60,[100.00,17.69,29.26]	35(0.020915015420015472):B000,13.40,[100.00,107.60,97.01]	40(0.11936417693104817):A100,09.60,[100.00,60.14,87.71]	45(0.07511273135124012):C000,13.30,[100.00,115.14,90.08]	
0(0.11359181165222905):B220,11.50,[100.00,120.83,61.74]	5(0.6938571695852692):A100,10.40,[100.00,09.37,12.58]	10(0.6663109664614371):A100,16.80,[100.00,72.80,51.16]	15(0.0719562771371267):A100,12.90,[100.00,121.27,84.82]	20(0.05424302851860611):A100,11.30,[100.00,88.45,99.10]	25(0.7134437927331364):A100,13.60,[100.00,17.83,49.70]	30(0.7074289760972219):A100,14.10,[100.00,17.69,29.26]	35(0.020915015420015472):B000,13.40,[100.00,105.35,97.01]	40(0.11936417693104817):C180,10.50,[100.00,60.14,98.73]	45(0.07511273135124012):C000,13.30,[100.00,115.14,83.31]	
0(0.11359181165222905):B000,11.50,[100.00,107.10,61.74]	5(0.6938571695852692):A100,10.90,[100.00,09.37,12.58]	10(0.6663109664614371):A100,17.30,[100.00,72.80,51.16]	15(0.0719562771371267):B000,12.90,[100.00,112.54,84.82]	20(0.05424302851860611):A100,11.80,[100.00,88.45,99.10]	25(0.7134437927331364):A100,14.10,[100.00,17.83,49.70]	30(0.7074289760972219):A100,14.60,[100.00,17.69,29.26]	35(0.020915015420015472):C180,14.30,[100.00,105.35,98.74]	40(0.11936417693104817):C180,11.40,[100.00,60.14,108.43]	45(0.07511273135124012):A100,13.80,[100.00,115.14,83.31]	
0(0.11359181165222905):B220,12.60,[100.00,119.93,61.74]	5(0.6938571695852692):A100,11.40,[100.00,09.37,12.58]	10(0.6663109664614371):A100,17.80,[100.00,72.80,51.16]	15(0.0719562771371267):B220,14.00,[100.00,120.27,84.82]	20(0.05424302851860611):C180,12.70,[100.00,88.45,103.49]	25(0.7134437927331364):A100,14.60,[100.00,17.83,49.70]	30(0.7074289760972219):A100,15.10,[100.00,17.69,29.26]	35(0.020915015420015472):B000,14.30,[100.00,103.15,98.74]	40(0.11936417693104817):C180,12.30,[100.00,60.14,116.97]	45(0.07511273135124012):B000,13.80,[100.00,106.50,83.31]	
0(0.11359181165222905):A100,13.10,[100.00,119.93,61.74]	5(0.6938571695852692):A100,11.90,[100.00,09.37,12.58]	10(0.6663109664614371):A100,18.30,[100.00,72.80,51.16]	15(0.0719562771371267):B000,14.00,[100.00,111.62,84.82]	20(0.05424302851860611):B000,12.70,[100.00,83.65,103.49]	25(0.7134437927331364):A100,15.10,[100.00,17.83,49.70]	30(0.7074289760972219):A100,15.60,[100.00,17.69,29.26]	35(0.020915015420015472):A100,14.80,[100.00,103.15,98.74]	40(0.11936417693104817):C180,13.20,[100.00,60.14,124.50]	45(0.07511273135124012):C180,14.70,[100.00,106.50,90.58]	
0(0.11359181165222905):A100,13.60,[100.00,119.93,61.74]	5(0.6938571695852692):A100,12.40,[100.00,09.37,12.58]	10(0.6663109664614371):A100,18.80,[100.00,72.80,51.16]	15(0.0719562771371267):A100,14.50,[100.00,111.62,84.82]	20(0.05424302851860611):A100,13.20,[100.00,83.65,103.49]	25(0.7134437927331364):A100,15.60,[100.00,17.83,49.70]	30(0.7074289760972219):A100,16.10,[100.00,17.69,29.26]	35(0.020915015420015472):B000,14.80,[100.00,100.99,98.74]	40(0.11936417693104817):A100,13.70,[100.00,60.14,124.50]	45(0.07511273135124012):C180,15.60,[100.00,106.50,97.29]	
0(0.11359181165222905):A100,14.10,[100.00,119.93,61.74]	5(0.6938571695852692):A100,12.90,[100.00,09.37,12.58]	10(0.6663109664614371):A100,19.30,[100.00,72.80,51.16]	15(0.0719562771371267):A100,15.00,[100.00,111.62,84.82]	20(0.05424302851860611):C000,13.20,[100.00,83.65,97.87]	25(0.7134437927331364):C180,16.50,[100.00,17.83,142.66]	30(0.7074289760972219):A100,16.60,[100.00,17.69,29.26]	35(0.020915015420015472):C000,14.80,[100.00,100.99,96.68]	40(0.11936417693104817):A100,14.20,[100.00,60.14,124.50]	45(0.07511273135124012):B000,15.60,[100.00,98.50,97.29]	
0(0.11359181165222905):B220,15.20,[100.00,131.30,61.74]	5(0.6938571695852692):A100,13.40,[100.00,09.37,12.58]	10(0.6663109664614371):A100,19.80,[100.00,72.80,51.16]	15(0.0719562771371267):A100,15.50,[100.00,111.62,84.82]	20(0.05424302851860611):C180,14.10,[100.00,83.65,102.33]	25(0.7134437927331364):C000,16.50,[100.00,17.83,40.88]	30(0.7074289760972219):A100,17.10,[100.00,17.69,29.26]	35(0.020915015420015472):B000,14.80,[100.00,98.88,96.68]	40(0.11936417693104817):A100,14.70,[100.00,60.14,124.50]	45(0.07511273135124012):C000,15.60,[100.00,98.50,89.98]	
0(0.11359181165222905):B220,16.30,[100.00,141.37,61.74]	5(0.6938571695852692):A100,13.90,[100.00,09.37,12.58]	10(0.6663109664614371):A100,20.30,[100.00,72.80,51.16]	15(0.0719562771371267):B220,16.60,[100.00,119.42,84.82]	20(0.05424302851860611):A100,14.60,[100.00,83.65,102.33]	25(0.7134437927331364):A100,17.00,[100.00,17.83,40.88]	30(0.7074289760972219):A100,17.60,[100.00,17.69,29.26]	35(0.020915015420015472):A100,15.30,[100.00,98.88,96.68]	40(0.11936417693104817):C180,15.60,[100.00,60.14,131.12]	45(0.07511273135124012):B000,15.60,[100.00,91.10,89.98]	
0(0.11359181165222905):B220,17.40,[100.00,150.30,61.74]	5(0.6938571695852692):A100,14.40,[100.00,09.37,12.58]	10(0.6663109664614371):B220,21.40,[100.00,170.88,51.16]	15(0.0719562771371267):B000,16.60,[100.00,110.82,84.82]	20(0.05424302851860611):A100,15.10,[100.00,83.65,102.33]	25(0.7134437927331364):A100,17.50,[100.00,17.83,40.88]	30(0.7074289760972219):C000,17.60,[100.00,17.69,08.56]	35(0.020915015420015472):B220,16.40,[100.00,101.41,96.68]	40(0.11936417693104817):A100,16.10,[100.00,60.14,131.12]	45(0.07511273135124012):A100,16.10,[100.00,91.10,89.98]	
0(0.11359181165222905):B220,18.50,[100.00,158.22,61.74]	5(0.6938571695852692):A100,14.90,[100.00,09.37,12.58]	10(0.6663109664614371):A100,21.90,[100.00,170.88,51.16]	15(0.0719562771371267):A100,17.10,[100.00,110.82,84.82]	20(0.05424302851860611):A100,15.60,[100.00,83.65,102.33]	25(0.7134437927331364):A100,18.00,[100.00,17.83,40.88]	30(0.7074289760972219):A100,18.10,[100.00,17.69,08.56]	35(0.020915015420015472):B000,16.40,[100.00,99.29,96.68]	40(0.11936417693104817):A100,16.60,[100.00,60.14,131.12]	45(0.07511273135124012):A100,16.60,[100.00,91.10,89.98]	
0(0.11359181165222905):B000,18.50,[100.00,140.25,61.74]	5(0.6938571695852692):A100,15.40,[100.00,09.37,12.58]	10(0.6663109664614371):B000,21.90,[100.00,57.02,51.16]	15(0.0719562771371267):B220,18.20,[100.00,118.68,84.82]	20(0.05424302851860611):C180,16.50,[100.00,83.65,106.54]	25(0.7134437927331364):A100,18.50,[100.00,17.83,40.88]	30(0.7074289760972219):A100,18.60,[100.00,17.69,08.56]	35(0.020915015420015472):B220,17.50,[100.00,101.81,96.68]	40(0.11936417693104817):C000,16.60,[100.00,60.14,115.47]	45(0.07511273135124012):B000,16.60,[100.00,84.26,89.98]	
0(0.11359181165222905):B000,18.50,[100.00,124.32,61.74]	5(0.6938571695852692):A100,15.90,[100.00,09.37,12.58]	10(0.6663109664614371):A100,22.40,[100.00,57.02,51.16]	15(0.0719562771371267):B220,19.30,[100.00,125.97,84.82]	20(0.05424302851860611):C000,16.50,[100.00,83.65,100.76]	25(0.7134437927331364):A100,19.00,[100.00,17.83,40.88]	30(0.7074289760972219):A100,19.10,[100.00,17.69,08.56]	35(0.020915015420015472):C000,17.50,[100.00,101.81,94.66]	40(0.11936417693104817):A100,17.10,[100.00,60.14,115.47]	45(0.07511273135124012):A100,17.10,[100.00,84.26,89.98]	
0(0.11359181165222905):B220,19.60,[100.00,135.19,61.74]	5(0.6938571695852692):A100,16.40,[100.00,09.37,12.58]	10(0.6663109664614371):A100,22.90,[100.00,57.02,51.16]	15(0.0719562771371267):B000,19.30,[100.00,116.91,84.82]	20(0.05424302851860611):C000,16.50,[100.00,83.65,95.30]	25(0.7134437927331364):A100,19.50,[100.00,17.83,40.88]	30(0.7074289760972219):A100,19.60,[100.00,17.69,08.56]	35(0.020915015420015472):B220,18.60,[100.00,104.29,94.66]	40(0.11936417693104817):A100,17.60,[100.00,60.14,115.47]	45(0.07511273135124012):A100,17.60,[100.00,84.26,89.98]	
0(0.11359181165222905):B220,20.70,[100.00,144.82,61.74]	5(0.6938571695852692):A100,16.90,[100.00,09.37,12.58]	10(0.6663109664614371):A100,23.40,[100.00,57.02,51.16]	15(0.0719562771371267):B220,20.40,[100.00,124.33,84.82]	20(0.05424302851860611):A100,17.00,[100.00,83.65,95.30]	25(0.7134437927331364):A100,20.00,[100.00,17.83,40.88]	30(0.7074289760972219):A100,20.10,[100.00,17.69,08.56]	35(0.020915015420015472):A100,19.10,[100.00,104.29,94.66]	40(0.11936417693104817):C000,17.60,[100.00,60.14,101.69]	45(0.07511273135124012):A100,18.10,[100.00,84.26,89.98]	
0(0.11359181165222905):B220,21.80,[100.00,153.36,61.74]	5(0.6938571695852692):A100,17.40,[100.00,09.37,12.58]	10(0.6663109664614371):C180,24.30,[100.00,57.02,137.01]	15(0.0719562771371267):B000,20.40,[100.00,115.38,84.82]	20(0.05424302851860611):C180,17.90,[100.00,83.65,99.89]	25(0.7134437927331364):A100,20.50,[100.00,17.83,40.88]	30(0.7074289760972219):A100,20.60,[100.00,17.69,08.56]	35(0.020915015420015472):C000,19.10,[100.00,104.29,92.68]	40(0.11936417693104817):A100,18.10,[100.00,60.14,101.69]	45(0.07511273135124012):A100,18.60,[100.00,84.26,89.98]	
0(0.11359181165222905):B220,22.90,[100.00,160.93,61.74]	5(0.6938571695852692):A100,17.90,[100.00,09.37,12.58]	10(0.6663109664614371):C000,24.30,[100.00,57.02,45.72]	15(0.0719562771371267):B220,21.50,[100.00,122.91,84.82]	20(0.05424302851860611):A100,18.40,[100.00,83.65,99.89]	25(0.7134437927331364):A100,21.00,[100.00,17.83,40.88]	30(0.7074289760972219):A100,21.10,[100.00,17.69,08.56]	35(0.020915015420015472):B000,19.10,[100.00,102.11,92.68]	40(0.11936417693104817):A100,18.60,[100.00,60.14,101.69]	45(0.07511273135124012):B220,19.70,[100.00,94.45,89.98]	
0(0.11359181165222905):B000,22.90,[100.00,142.65,61.74]	5(0.6938571695852692):A100,18.40,[100.00,09.37,12.58]	10(0.6663109664614371):A100,24.80,[100.00,57.02,45.72]	15(0.0719562771371267):A100,22.00,[100.00,122.91,84.82]	20(0.05424302851860611):C000,18.40,[100.00,83.65,94.47]	25(0.7134437927331364):A100,21.50,[100.00,17.83,40.88]	30(0.7074289760972219):B000,21.10,[100.00,05.18,08.56]	35(0.020915015420015472):C180,20.00,[100.00,102.11,94.50]	40(0.11936417693104817):C000,18.60,[100.00,60.14,89.55]	45(0.07511273135124012):B220,20.80,[100.00,103.88,89.98]	
0(0.11359181165222905):B220,24.00,[100.00,151.44,61.74]	5(0.6938571695852692):A100,18.90,[100.00,09.37,12.58]	10(0.6663109664614371):A100,25.30,[100.00,57.02,45.72]	15(0.0719562771371267):B220,23.10,[100.00,129.89,84.82]	20(0.05424302851860611):A100,18.90,[100.00,83.65,94.47]	25(0.7134437927331364):A100,22.00,[100.00,17.83,40.88]	30(0.7074289760972219):A100,21.60,[100.00,05.18,08.56]	35(0.020915015420015472):A100,20.50,[100.00,102.11,94.50]	40(0.11936417693104817):C000,18.60,[100.00,60.14,78.86]	45(0.07511273135124012):B220,21.90,[100.00,112.60,89.98]	
0(0.11359181165222905):B000,24.00,[100.00,134.23,61.74]	5(0.6938571695852692):A100,19.40,[100.00,09.37,12.58]	10(0.6663109664614371):A100,25.80,[100.00,57.02,45.72]	15(0.0719562771371267):B220,24.20,[100.00,136.38,84.82]	20(0.05424302851860611):B220,20.00,[100.00,91.05,94.47]	25(0.7134437927331364):A100,22.50,[100.00,17.83,40.88]	30(0.7074289760972219):A100,22.10,[100.00,05.18,08.56]	35(0.020915015420015472):A100,21.00,[100.00,102.11,94.50]	40(0.11936417693104817):A100,19.10,[100.00,60.14,78.86]	45(0.07511273135124012):B000,21.90,[100.00,104.15,89.98]	
0(0.11359181165222905):A100,24.50,[100.00,134.23,61.74]	5(0.6938571695852692):A100,19.90,[100.00,09.37,12.58]	10(0.6663109664614371):A100,26.30,[100.00,57.02,45.72]	15(0.0719562771371267):B000,24.20,[100.00,126.56,84.82]	20(0.05424302851860611):C000,20.00,[100.00,91.05,89.35]	25(0.7134437927331364):A100,23.00,[100.00,17.83,40.88]	30(0.7074289760972219):A100,22.60,[100.00,05.18,08.56]	35(0.020915015420015472):A100,21.50,[100.00,102.11,94.50]	40(0.11936417693104817):A100,19.60,[100.00,60.14,78.86]	45(0.07511273135124012):B000,21.90,[100.00,96.32,89.98]	
0(0.11359181165222905):B000,24.50,[100.00,118.99,61.74]	5(0.6938571695852692):A100,20.40,[100.00,09.37,12.58]	10(0.6663109664614371):A100,26.80,[100.00,57.02,45.72]	15(0.0719562771371267):B000,24.20,[100.00,117.46,84.82]	20(0.05424302851860611):A100,20.50,[100.00,91.05,89.35]	25(0.7134437927331364):A100,23.50,[100.00,17.83,40.88]	30(0.7074289760972219):A100,23.10,[100.00,05.18,08.56]	35(0.020915015420015472):B000,21.50,[100.00,99.97,94.50]	40(0.11936417693104817):A100,20.10,[100.00,60.14,78.86]	45(0.07511273135124012):B220,23.00,[100.00,105.61,89.98]	
0(0.11359181165222905):A100,25.00,[100.00,118.99,61.74]	5(0.6938571695852692):A100,20.90,[100.00,09.37,12.58]	10(0.6663109664614371):A100,27.30,[100.00,57.02,45.72]	15(0.0719562771371267):B220,25.30,[100.00,124.84,84.82]	20(0.05424302851860611):C180,21.40,[100.00,91.05,94.27]	25(0.7134437927331364):A100,24.00,[100.00,17.83,40.88]	30(0.7074289760972219):A100,23.60,[100.00,05.18,08.56]	35(0.020915015420015472):B000,21.50,[100.00,97.88,94.50]	40(0.11936417693104817):A100,20.60,[100.00,60.14,78.86]	45(0.07511273135124012):A100,23.50,[100.00,105.61,89.98]	
0(0.11359181165222905):B000,25.00,[100.00,105.47,61.74]	5(0.6938571695852692):A100,21.40,[100.00,09.37,12.58]	10(0.6663109664614371):A100,27.80,[100.00,57.02,45.72]	15(0.0719562771371267):C000,25.30,[100.00,124.84,78.72]	20(0.05424302851860611):B000,21.40,[100.00,86.11,94.27]	25(0.7134437927331364):A100,24.50,[100.00,17.83,40.88]	30(0.7074289760972219):A100,24.10,[100.00,05.18,08.56]	35(0.020915015420015472):A100,22.00,[100.00,97.88,94.50]	40(0.11936417693104817):A100,21.10,[100.00,60.14,78.86]	45(0.07511273135124012):B220,24.60,[100.00,114.20,89.98]	
0(0.11359181165222905):B220,26.10,[100.00,118.48,61.74]	5(0.6938571695852692):A100,21.90,[100.00,09.37,12.58]	10(0.6663109664614371):A100,28.30,[100.00,57.02,45.72]	15(0.0719562771371267):A100,25.80,[100.00,124.84,78.72]	20(0.05424302851860611):C180,22.30,[100.00,86.11,98.92]	25(0.7134437927331364):A100,25.00,[100.00,17.83,40.88]	30(0.7074289760972219):A100,24.60,[100.00,05.18,08.56]	35(0.020915015420015472):B000,22.00,[100.00,95.83,94.50]	40(0.11936417693104817):A100,21.60,[100.00,60.14,78.86]	45(0.07511273135124012):B000,24.60,[100.00,105.63,89.98]	
0(0.11359181165222905):B220,27.20,[100.00,130.01,61.74]	5(0.6938571695852692):A100,22.40,[100.00,09.37,12.58]	10(0.6663109664614371):A100,28.80,[100.00,57.02,45.72]	15(0.0719562771371267):B000,25.80,[100.00,115.85,78.72]	20(0.05424302851860611):A100,22.80,[100.00,86.11,98.92]	25(0.7134437927331364):A100,25.50,[100.00,17.83,40.88]	30(0.7074289760972219):A100,25.10,[100.00,05.18,08.56]	35(0.020915015420015472):A100,22.50,[100.00,95.83,94.50]	40(0.11936417693104817):A100,22.10,[100.00,60.14,78.86]	45(0.07511273135124012):B000,24.60,[100.00,97.69,89.98]	
0(0.11359181165222905):C000,27.20,[100.00,130.01,54.72]	5(0.6938571695852692):A100,22.90,[100.00,09.37,12.58]	10(0.6663109664614371):C000,28.80,[100.00,57.02,15.26]	15(0.0719562771371267):C000,25.80,[100.00,115.85,73.06]	20(0.05424302851860611):A100,23.30,[100.00,86.11,98.92]	25(0.7134437927331364):A100,26.00,[100.00,17.83,40.88]	30(0.7074289760972219):A100,25.60,[100.00,05.18,08.56]	35(0.020915015420015472):B000,22.50,[100.00,93.83,94.50]	40(0.11936417693104817):A100,22.60,[100.00,60.14,78.86]	45(0.07511273135124012):B220,25.70,[100.00,106.88,89.98]	
0(0.11359181165222905):A100,27.70,[100.00,130.01,54.72]	5(0.6938571695852692):A100,23.40,[100.00,09.37,12.58]	10(0.6663109664614371):A100,29.30,[100.00,57.02,15.26]	15(0.0719562771371267):B220,26.90,[100.00,123.35,73.06]	20(0.05424302851860611):A100,23.80,[100.00,86.11,98.92]	25(0.7134437927331364):A100,26.50,[100.00,17.83,40.88]	30(0.7074289760972219):A100,26.10,[100.00,05.18,08.56]	35(0.020915015420015472):C180,23.40,[100.00,93.83,96.29]	40(0.11936417693104817):A100,23.10,[100.00,60.14,78.86]	45(0.07511273135124012):A100,26.20,[100.00,106.88,89.98]	
0(0.11359181165222905):B220,28.80,[100.00,140.23,54.72]	5(0.6938571695852692):A100,23.90,[100.00,09.37,12.58]	10(0.6663109664614371):A100,29.80,[100.00,57.02,15.26]	15(0.0719562771371267):A100,27.40,[100.00,123.35,73.06]	20(0.05424302851860611):A100,24.30,[100.00,86.11,98.92]	25(0.7134437927331364):A100,27.00,[100.00,17.83,40.88]	30(0.7074289760972219):A100,26.60,[100.00,05.18,08.56]	35(0.020915015420015472):C000,23.40,[100.00,93.83,94.28]	40(0.11936417693104817):C180,24.00,[100.00,60.14,90.93]	45(0.07511273135124012):B000,26.20,[100.00,98.85,89.98]	
0(0.11359181165222905):A100,29.30,[100.00,140.23,54.72]	5(0.6938571695852692):A100,24.40,[100.00,09.37,12.58]	10(0.6663109664614371):A100,30.30,[100.00,57.02,15.26]	15(0.0719562771371267):B000,27.40,[100.00,114.47,73.06]	20(0.05424302851860611):B220,25.40,[100.00,93.37,98.92]	25(0.7134437927331364):A100,27.50,[100.00,17.83,40.88]	30(0.7074289760972219):A100,27.10,[100.00,05.18,08.56]	35(0.020915015420015472):C180,24.30,[100.00,93.83,96.07]	40(0.11936417693104817):A100,24.50,[100.00,60.14,90.93]	45(0.07511273135124012):C180,27.10,[100.00,98.85,96.75]	
0(0.11359181165222905):A100,29.80,[100.00,140.23,54.72]	5(0.6938571695852692):A100,24.90,[100.00,09.37,12.58]	10(0.6663109664614371):A100,30.80,[100.00,57.02,15.26]	15(0.0719562771371267):B000,27.40,[100.00,106.23,73.06]	20(0.05424302851860611):A100,25.90,[100.00,93.37,98.92]	25(0.7134437927331364):A100,28.00,[100.00,17.83,40.88]	30(0.7074289760972219):A100,27.60,[100.00,05.18,08.56]	35(0.020915015420015472):B220,25.40,[100.00,96.47,96.07]	40(0.11936417693104817):C180,25.40,[100.00,60.14,101.56]	45(0.07511273135124012):B000,27.10,[100.00,91.43,96.75]	
0(0.11359181165222905):B000,29.80,[100.00,124.30,54.72]	5(0.6938571695852692):A100,25.40,[100.00,09.37,12.58]	10(0.6663109664614371):A100,31.30,[100.00,57.02,15.26]	15(0.0719562771371267):B220,28.50,[100.00,114.42,73.06]	20(0.05424302851860611):B000,25.90,[100.00,88.31,98.92]	25(0.7134437927331364):A100,28.50,[100.00,17.83,40.88]	30(0.7074289760972219):A100,28.10,[100.00,05.18,08.56]	35(0.020915015420015472):C000,25.40,[100.00,96.47,94.06]	40(0.11936417693104817):B220,26.50,[100.00,79.22,101.56]	45(0.07511273135124012):C000,27.10,[100.00,91.43,89.48]	
0(0.11359181165222905):C180,30.70,[100.00,124.30,68.95]	5(0.6938571695852692):A100,25.90,[100.00,09.37,12.58]	10(0.6663109664614371):A100,31.80,[100.00,57.02,15.26]	15(0.0719562771371267):A100,29.00,[100.00,114.42,73.06]	20(0.05424302851860611):A100,26.40,[100.00,88.31,98.92]	25(0.7134437927331364):A100,29.00,[100.00,17.83,40.88]	30(0.7074289760972219):A100,28.60,[100.00,05.18,08.56]	35(0.020915015420015472):A100,25.90,[100.00,96.47,94.06]	40(0.11936417693104817):C180,27.40,[100.00,79.22,110.93]	45(0.07511273135124012):C180,28.00,[100.00,91.43,96.28]	
0(0.11359181165222905):B000,30.70,[100.00,110.18,68.95]	5(0.6938571695852692):A100,26.40,[100.00,09.37,12.58]	10(0.6663109664614371):A100,32.30,[100.00,57.02,15.26]	15(0.0719562771371267):B220,30.10,[100.00,122.02,73.06]	20(0.05424302851860611):B000,26.40,[100.00,83.52,98.92]	25(0.7134437927331364):A100,29.50,[100.00,17.83,40.88]	30(0.7074289760972219):A100,29.10,[100.00,05.18,08.56]	35(0.020915015420015472):C000,25.90,[100.00,96.47,92.09]	40(0.11936417693104817):C180,28.30,[100.00,79.22,119.17]	45(0.07511273135124012):A100,28.50,[100.00,91.43,96.28]	
0(0.11359181165222905):B000,30.70,[100.00,97.67,68.95]	5(0.6938571695852692):A100,26.90,[100.00,09.37,12.58]	10(0.6663109664614371):A100,32.80,[100.00,57.02,15.26]	15(0.0719562771371267):A100,30.60,[100.00,122.02,73.06]	20(0.05424302851860611):A100,26.90,[100.00,83.52,98.92]	25(0.7134437927331364):A100,30.00,[100.00,17.83,40.88]	30(0.7074289760972219):A100,29.60,[100.00,05.18,08.56]	35(0.020915015420015472):A100,26.40,[100.00,96.47,92.09]	40(0.11936417693104817):C180,29.20,[100.00,79.22,126.43]	45(0.07511273135124012):A100,29.00,[100.00,91.43,96.28]	
0(0.11359181165222905):A100,31.20,[100.00,97.67,68.95]	5(0.6938571695852692):A100,27.40,[100.00,09.37,12.58]	10(0.6663109664614371):A100,33.30,[100.00,57.02,15.26]	15(0.0719562771371267):B000,30.60,[100.00,113.24,73.06]	20(0.05424302851860611):A100,27.40,[100.00,83.52,98.92]	25(0.7134437927331364):A100,30.50,[100.00,17.83,40.88]	30(0.7074289760972219):A100,30.10,[100.00,05.18,08.56]	35(0.020915015420015472):B000,26.40,[100.00,94.45,92.09]	40(0.11936417693104817):C180,30.10,[100.00,79.22,132.83]	45(0.07511273135124012):C000,29.00,[100.00,91.43,89.05]	
0(0.11359181165222905):B000,31.20,[100.00,86.57,68.95]	5(0.6938571695852692):A100,27.90,[100.00,09.37,12.58]	10(0.6663109664614371):A100,33.80,[100.00,57.02,15.26]	15(0.0719562771371267):B000,30.60,[100.00,105.09,73.06]	20(0.05424302851860611):C000,27.40,[100.00,83.52,93.55]	25(0.7134437927331364):A100,31.00,[100.00,17.83,40.88]	30(0.7074289760972219):A100,30.60,[100.00,05.18,08.56]	35(0.020915015420015472):A100,26.90,[100.00,94.45,92.09]	40(0.11936417693104817):C180,31.00,[100.00,79.22,138.46]	45(0.07511273135124012):B000,29.00,[100.00,84.56,89.05]	
0(0.11359181165222905):A100,31.70,[100.00,86.57,68.95]	5(0.6938571695852692):A100,28.40,[100.00,09.37,12.58]	10(0.6663109664614371):A100,34.30,[100.00,57.02,15.26]	15(0.0719562771371267):B000,30.60,[100.00,97.53,73.06]	20(0.05424302851860611):B000,27.40,[100.00,78.99,93.55]	25(0.7134437927331364):A100,31.50,[100.00,17.83,40.88]	30(0.7074289760972219):A100,31.10,[100.00,05.18,08.56]	35(0.020915015420015472):C180,27.80,[100.00,94.45,93.93]	40(0.11936417693104817):B000,31.00,[100.00,69.77,138.46]	45(0.07511273135124012):C180,29.90,[100.00,84.56,95.88]	
0(0.11359181165222905):A100,32.20,[100.00,86.57,68.95]	5(0.6938571695852692):A100,28.90,[100.00,09.37,12.58]	10(0.6663109664614371):B000,34.30,[100.00,19.03,15.26]	15(0.0719562771371267):A100,31.10,[100.00,97.53,73.06]	20(0.05424302851860611):C000,27.40,[100.00,78.99,88.48]	25(0.7134437927331364):A100,32.00,[100.00,17.83,40.88]	30(0.7074289760972219):A100,31.60,[100.00,05.18,08.56]	35(0.020915015420015472):A100,28.30,[100.00,94.45,93.93]	40(0.11936417693104817):C000,31.00,[100.00,69.77,121.93]	45(0.07511273135124012):B220,31.00,[100.00,94.73,95.88]	
0(0.11359181165222905):A100,32.70,[100.00,86.57,68.95]	5(0.6938571695852692):A100,29.40,[100.00,09.37,12.58]	10(0.6663109664614371):A100,34.80,[100.00,19.03,15.26]	15(0.0719562771371267):A100,31.60,[100.00,97.53,73.06]	20(0.05424302851860611):A100,27.90,[100.00,78.99,88.48]	25(0.7134437927331364):A100,32.50,[100.00,17.83,40.88]	30(0.7074289760972219):B000,31.60,[100.00,01.51,08.56]	35(0.020915015420015472):B000,28.30,[100.00,92.47,93.93]	40(0.11936417693104817):A100,31.50,[100.00,69.77,121.93]	45(0.07511273135124012):C000,31.00,[100.00,94.73,88.68]	
0(0.11359181165222905):B220,33.80,[100.00,101.73,68.95]	5(0.6938571695852692):A100,29.90,[100.00,09.37,12.58]	10(0.6663109664614371):A100,35.30,[100.00,19.03,15.26]	15(0.0719562771371267):B000,31.60,[100.00,90.51,73.06]	20(0.05424302851860611):B220,29.00,[100.00,86.63,88.48]	25(0.7134437927331364):A100,33.00,[100.00,17.83,40.88]	30(0.7074289760972219):A100,32.10,[100.00,01.51,08.56]	35(0.020915015420015472):B000,28.30,[100.00,90.54,93.93]	40(0.11936417693104817):C180,32.40,[100.00,69.77,128.86]	45(0.07511273135124012):A100,31.50,[100.00,94.73,88.68]	
0(0.11359181165222905):A100,34.30,[100.00,101.73,68.95]	5(0.6938571695852692):A100,30.40,[100.00,09.37,12.58]	10(0.6663109664614371):A100,35.80,[100.00,19.03,15.26]	15(0.0719562771371267):B000,31.60,[100.00,84.00,73.06]	20(0.05424302851860611):A100,29.50,[100.00,86.63,88.48]	25(0.7134437927331364):A100,33.50,[100.00,17.83,40.88]	30(0.7074289760972219):A100,32.60,[100.00,01.51,08.56]	35(0.020915015420015472):C000,28.30,[100.00,90.54,91.97]	40(0.11936417693104817):A100,32.90,[100.00,69.77,128.86]	45(0.07511273135124012):A100,32.00,[100.00,94.73,88.68]	
0(0.11359181165222905):A100,34.80,[100.00,101.73,68.95]	5(0.6938571695852692):A100,30.90,[100.00,09.37,12.58]	10(0.6663109664614371):A100,36.30,[100.00,19.03,15.26]	15(0.0719562771371267):A100,32.10,[100.00,84.00,73.06]	20(0.05424302851860611):A100,30.00,[100.00,86.63,88.48]	25(0.7134437927331364):A100,34.00,[100.00,17.83,40.88]	30(0.7074289760972219):A100,33.10,[100.00,01.51,08.56]	35(0.020915015420015472):C000,28.30,[100.00,90.54,90.04]	40(0.11936417693104817):C000,32.90,[100.00,69.77,113.48]	45(0.07511273135124012):A100,32.50,[100.00,94.73,88.68]	
0(0.11359181165222905):B220,35.90,[100.00,115.16,68.95]	5(0.6938571695852692):A100,31.40,[100.00,09.37,12.58]	10(0.6663109664614371):A100,36.80,[100.00,19.03,15.26]	15(0.0719562771371267):A100,32.60,[100.00,84.00,73.06]	20(0.05424302851860611):A100,30.50,[100.00,86.63,88.48]	25(0.7134437927331364):A100,34.50,[100.00,17.83,40.88]	30(0.7074289760972219):A100,33.60,[100.00,01.51,08.56]	35(0.020915015420015472):A100,28.80,[100.00,90.54,90.04]	40(0.11936417693104817):B220,34.00,[100.00,87.70,113.48]	45(0.07511273135124012):B220,33.60,[100.00,104.14,88.68]	
0(0.11359181165222905):B220,37.00,[100.00,127.07,68.95]	5(0.6938571695852692):A100,31.90,[100.00,09.37,12.58]	10(0.6663109664614371):A100,37.30,[100.00,19.03,15.26]	15(0.0719562771371267):A100,33.10,[100.00,84.00,73.06]	20(0.05424302851860611):A100,31.00,[100.00,86.63,88.48]	25(0.7134437927331364):A100,35.00,[100.00,17.83,40.88]	30(0.7074289760972219):A100,34.10,[100.00,01.51,08.56]	35(0.020915015420015472):A100,29.30,[100.00,90.54,90.04]	40(0.11936417693104817):A100,34.50,[100.00,87.70,113.48]	45(0.07511273135124012):A100,34.10,[100.00,104.14,88.68]	
0(0.11359181165222905):B220,38.10,[100.00,137.63,68.95]	5(0.6938571695852692):A100,32.40,[100.00,09.37,12.58]	10(0.6663109664614371):A100,37.80,[100.00,19.03,15.26]	15(0.0719562771371267):C180,34.00,[100.00,84.00,80.75]	20(0.05424302851860611):C180,31.90,[100.00,86.63,93.44]	25(0.7134437927331364):A100,35.50,[100.00,17.83,40.88]	30(0.7074289760972219):A100,34.60,[100.00,01.51,08.56]	35(0.020915015420015472):C000,29.30,[100.00,90.54,88.16]	40(0.11936417693104817):A100,35.00,[100.00,87.70,113.48]	45(0.07511273135124012):A100,34.60,[100.00,104.14,88.68]	
0(0.11359181165222905):B000,38.10,[100.00,122.00,68.95]	5(0.6938571695852692):A100,32.90,[100.00,09.37,12.58]	10(0.6663109664614371):A100,38.30,[100.00,19.03,15.26]	15(0.0719562771371267):B220,35.10,[100.00,93.78,80.75]	20(0.05424302851860611):A100,32.40,[100.00,86.63,93.44]	25(0.7134437927331364):A100,36.00,[100.00,17.83,40.88]	30(0.7074289760972219):A100,35.10,[100.00,01.51,08.56]	35(0.020915015420015472):B220,30.40,[100.00,93.25,88.16]	40(0.11936417693104817):C180,35.90,[100.00,87.70,121.42]	45(0.07511273135124012):A100,35.10,[100.00,104.14,88.68]	
0(0.11359181165222905):B220,39.20,[100.00,133.13,68.95]	5(0.6938571695852692):A100,33.40,[100.00,09.37,12.58]	10(0.6663109664614371):A100,38.80,[100.00,19.03,15.26]	15(0.0719562771371267):C000,35.10,[100.00,93.78,74.94]	20(0.05424302851860611):A100,32.90,[100.00,86.63,93.44]	25(0.7134437927331364):A100,36.50,[100.00,17.83,40.88]	30(0.7074289760972219):A100,35.60,[100.00,01.51,08.56]	35(0.020915015420015472):A100,30.90,[100.00,93.25,88.16]	40(0.11936417693104817):C000,35.90,[100.00,87.70,106.93]	45(0.07511273135124012):B000,35.10,[100.00,96.32,88.68]	
0(0.11359181165222905):B000,39.20,[100.00,118.01,68.95]	5(0.6938571695852692):A100,33.90,[100.00,09.37,12.58]	10(0.6663109664614371):A100,39.30,[100.00,19.03,15.26]	15(0.0719562771371267):B000,35.10,[100.00,87.04,74.94]	20(0.05424302851860611):A100,33.40,[100.00,86.63,93.44]	25(0.7134437927331364):A100,37.00,[100.00,17.83,40.88]	30(0.7074289760972219):A100,36.10,[100.00,01.51,08.56]	35(0.020915015420015472):C000,30.90,[100.00,93.25,86.32]	40(0.11936417693104817):A100,36.40,[100.00,87.70,106.93]	45(0.07511273135124012):B220,36.20,[100.00,105.61,88.68]	
0(0.11359181165222905):B220,40.30,[100.00,129.59,68.95]	5(0.6938571695852692):A100,34.40,[100.00,09.37,12.58]	10(0.6663109664614371):A100,39.80,[100.00,19.03,15.26]	15(0.0719562771371267):A100,35.60,[100.00,87.04,74.94]	20(0.05424302851860611):A100,33.90,[100.00,86.63,93.44]	25(0.7134437927331364):A100,37.50,[100.00,17.83,40.88]	30(0.7074289760972219):A100,36.60,[100.00,01.51,08.56]	35(0.020915015420015472):A100,31.40,[100.00,93.25,86.32]	40(0.11936417693104817):B000,36.40,[100.00,77.23,106.93]	45(0.07511273135124012):C000,36.20,[100.00,105.61,82.02]	
0(0.11359181165222905):B220,41.40,[100.00,139.86,68.95]	5(0.6938571695852692):A100,34.90,[100.00,09.37,12.58]	10(0.6663109664614371):A100,40.30,[100.00,19.03,15.26]	15(0.0719562771371267):B000,35.60,[100.00,80.77,74.94]	20(0.05424302851860611):A100,34.40,[100.00,86.63,93.44]	25(0.7134437927331364):A100,38.00,[100.00,17.83,40.88]	30(0.7074289760972219):A100,37.10,[100.00,01.51,08.56]	35(0.020915015420015472):A100,31.90,[100.00,93.25,86.32]	40(0.11936417693104817):C180,37.30,[100.00,77.23,115.65]	45(0.07511273135124012):B220,37.30,[100.00,114.20,82.02]	
0(0.11359181165222905):B220,42.50,[100.00,148.96,68.95]	5(0.6938571695852692):A100,35.40,[100.00,09.37,12.58]	10(0.6663109664614371):A100,40.80,[100.00,19.03,15.26]	15(0.0719562771371267):B000,35.60,[100.00,74.96,74.94]	20(0.05424302851860611):A100,34.90,[100.00,86.63,93.44]	25(0.7134437927331364):A100,38.50,[100.00,17.83,40.88]	30(0.7074289760972219):A100,37.60,[100.00,01.51,08.56]	35(0.020915015420015472):C180,32.80,[100.00,93.25,88.28]	40(0.11936417693104817):A100,37.80,[100.00,77.23,115.65]	45(0.07511273135124012):B220,38.40,[100.00,122.15,82.02]	
0(0.11359181165222905):B000,42.50,[100.00,132.04,68.95]	5(0.6938571695852692):A100,35.90,[100.00,09.37,12.58]	10(0.6663109664614371):A100,41.30,[100.00,19.03,15.26]	15(0.0719562771371267):B220,36.70,[100.00,85.40,74.94]	20(0.05424302851860611):C000,34.90,[100.00,86.63,88.37]	25(0.7134437927331364):A100,39.00,[100.00,17.83,40.88]	30(0.7074289760972219):A100,38.10,[100.00,01.51,08.56]	35(0.020915015420015472):B000,32.80,[100.00,91.30,88.28]	40(0.11936417693104817):C180,38.70,[100.00,77.23,123.33]	45(0.07511273135124012):A100,38.90,[100.00,122.15,82.02]	
0(0.11359181165222905):B220,43.60,[100.00,142.03,68.95]	5(0.6938571695852692):A100,36.40,[100.00,09.37,12.58]	10(0.6663109664614371):A100,41.80,[100.00,19.03,15.26]	15(0.0719562771371267):A100,37.20,[100.00,85.40,74.94]	20(0.05424302851860611):C180,35.80,[100.00,86.63,93.34]	25(0.7134437927331364):A100,39.50,[100.00,17.83,40.88]	30(0.7074289760972219):A100,38.60,[100.00,01.51,08.56]	35(0.020915015420015472):B000,32.80,[100.00,89.39,88.28]	40(0.11936417693104817):C180,39.60,[100.00,77.23,130.09]	45(0.07511273135124012):B220,40.00,[100.00,129.50,82.02]	
0(0.11359181165222905):B220,44.70,[100.00,150.89,68.95]	5(0.6938571695852692):A100,36.90,[100.00,09.37,12.58]	10(0.6663109664614371):A100,42.30,[100.00,19.03,15.26]	15(0.0719562771371267):B220,38.30,[100.00,95.08,74.94]	20(0.05424302851860611):C180,36.70,[100.00,86.63,98.04]	25(0.7134437927331364):A100,40.00,[100.00,17.83,40.88]	30(0.7074289760972219):A100,39.10,[100.00,01.51,08.56]	35(0.020915015420015472):A100,33.30,[100.00,89.39,88.28]	40(0.11936417693104817):B220,40.70,[100.00,94.27,130.09]	45(0.07511273135124012):B220,41.10,[100.00,136.30,82.02]	
0(0.11359181165222905):B220,45.80,[100.00,158.74,68.95]	5(0.6938571695852692):A100,37.40,[100.00,09.37,12.58]	10(0.6663109664614371):A100,42.80,[100.00,19.03,15.26]	15(0.0719562771371267):C180,39.20,[100.00,95.08,82.50]	20(0.05424302851860611):C180,37.60,[100.00,86.63,102.49]	25(0.7134437927331364):A100,40.50,[100.00,17.83,40.88]	30(0.7074289760972219):A100,39.60,[100.00,01.51,08.56]	35(0.020915015420015472):C000,33.30,[100.00,89.39,86.43]	40(0.11936417693104817):C000,40.70,[100.00,94.27,114.57]	45(0.07511273135124012):B000,41.10,[100.00,126.06,82.02]	
0(0.11359181165222905):B000,45.80,[100.00,140.71,68.95]	5(0.6938571695852692):A100,37.90,[100.00,09.37,12.58]	10(0.6663109664614371):A100,43.30,[100.00,19.03,15.26]	15(0.0719562771371267):B000,39.20,[100.00,88.24,82.50]	20(0.05424302851860611):C180,38.50,[100.00,86.63,106.69]	25(0.7134437927331364):A100,41.00,[100.00,17.83,40.88]	30(0.7074289760972219):C000,39.60,[100.00,01.51,02.50]	35(0.020915015420015472):A100,33.80,[100.00,89.39,86.43]	40(0.11936417693104817):A100,41.20,[100.00,94.27,114.57]	45(0.07511273135124012):A100,41.60,[100.00,126.06,82.02]	
0(0.11359181165222905):B220,46.90,[100.00,149.72,68.95]	5(0.6938571695852692):A100,38.40,[100.00,09.37,12.58]	10(0.6663109664614371):A100,43.80,[100.00,19.03,15.26]	15(0.0719562771371267):A100,39.70,[100.00,88.24,82.50]	20(0.05424302851860611):A100,39.00,[100.00,86.63,106.69]	25(0.7134437927331364):A100,41.50,[100.00,17.83,40.88]	30(0.7074289760972219):A100,40.10,[100.00,01.51,02.50]	35(0.020915015420015472):A100,34.30,[100.00,89.39,86.43]	40(0.11936417693104817):A100,41.70,[100.00,94.27,114.57]	45(0.07511273135124012):B220,42.70,[100.00,133.11,82.02]	
0(0.11359181165222905):B000,46.90,[100.00,132.71,68.95]	5(0.6938571695852692):A100,38.90,[100.00,09.37,12.58]	10(0.6663109664614371):A100,44.30,[100.00,19.03,15.26]	15(0.0719562771371267):A100,40.20,[100.00,88.24,82.50]	20(0.05424302851860611):C180,39.90,[100.00,86.63,110.67]	25(0.7134437927331364):A100,42.00,[100.00,17.83,40.88]	30(0.7074289760972219):A100,40.60,[100.00,01.51,02.50]	35(0.020915015420015472):C000,34.30,[100.00,89.39,84.62]	40(0.11936417693104817):C000,41.70,[100.00,94.27,100.89]	45(0.07511273135124012):B000,42.70,[100.00,123.12,82.02]	
0(0.11359181165222905):B000,46.90,[100.00,117.63,68.95]	5(0.6938571695852692):A100,39.40,[100.00,09.37,12.58]	10(0.6663109664614371):A100,44.80,[100.00,19.03,15.26]	15(0.0719562771371267):A100,40.70,[100.00,88.24,82.50]	20(0.05424302851860611):C180,40.80,[100.00,86.63,114.43]	25(0.7134437927331364):A100,42.50,[100.00,17.83,40.88]	30(0.7074289760972219):A100,41.10,[100.00,01.51,02.50]	35(0.020915015420015472):B000,34.30,[100.00,87.52,84.62]	40(0.11936417693104817):B220,42.80,[100.00,109.28,100.89]	45(0.07511273135124012):B220,43.80,[100.00,130.39,82.02]	
0(0.11359181165222905):B220,48.00,[100.00,129.26,68.95]	5(0.6938571695852692):A100,39.90,[100.00,09.37,12.58]	10(0.6663109664614371):A100,45.30,[100.00,19.03,15.26]	15(0.0719562771371267):C000,40.70,[100.00,88.24,76.56]	20(0.05424302851860611):C180,41.70,[100.00,86.63,117.99]	25(0.7134437927331364):A100,43.00,[100.00,17.83,40.88]	30(0.7074289760972219):A100,41.60,[100.00,01.51,02.50]	35(0.020915015420015472):A100,34.80,[100.00,87.52,84.62]	40(0.11936417693104817):A100,43.30,[100.00,109.28,100.89]	45(0.07511273135124012):C000,43.80,[100.00,130.39,75.86]	
0(0.11359181165222905):B000,48.00,[100.00,114.58,68.95]	5(0.6938571695852692):A100,40.40,[100.00,09.37,12.58]	10(0.6663109664614371):A100,45.80,[100.00,19.03,15.26]	15(0.0719562771371267):B220,41.80,[100.00,97.72,76.56]	20(0.05424302851860611):B000,41.70,[100.00,81.94,117.99]	25(0.7134437927331364):A100,43.50,[100.00,17.83,40.88]	30(0.7074289760972219):A100,42.10,[100.00,01.51,02.50]	35(0.020915015420015472):C180,35.70,[100.00,87.52,86.62]	40(0.11936417693104817):B220,44.40,[100.00,122.50,100.89]	45(0.07511273135124012):A100,44.30,[100.00,130.39,75.86]	
0(0.11359181165222905):A100,48.50,[100.00,114.58,68.95]	5(0.6938571695852692):A100,40.90,[100.00,09.37,12.58]	10(0.6663109664614371):A100,46.30,[100.00,19.03,15.26]	15(0.0719562771371267):A100,42.30,[100.00,97.72,76.56]	20(0.05424302851860611):C180,42.60,[100.00,81.94,121.35]	25(0.7134437927331364):A100,44.00,[100.00,17.83,40.88]	30(0.7074289760972219):A100,42.60,[100.00,01.51,02.50]	35(0.020915015420015472):C000,35.70,[100.00,87.52,84.81]	40(0.11936417693104817):A100,44.90,[100.00,122.50,100.89]	45(0.07511273135124012):B220,45.40,[100.00,137.12,75.86]	
0(0.11359181165222905):B000,48.50,[100.00,101.56,68.95]	5(0.6938571695852692):A100,41.40,[100.00,09.37,12.58]	10(0.6663109664614371):A100,46.80,[100.00,19.03,15.26]	15(0.0719562771371267):A100,42.80,[100.00,97.72,76.56]	20(0.05424302851860611):A100,43.10,[100.00,81.94,121.35]	25(0.7134437927331364):A100,44.50,[100.00,17.83,40.88]	30(0.7074289760972219):A100,43.10,[100.00,01.51,02.50]	35(0.020915015420015472):C180,36.60,[100.00,87.52,86.80]	40(0.11936417693104817):A100,45.40,[100.00,122.50,100.89]	45(0.07511273135124012):B220,46.50,[100.00,143.35,75.86]	
0(0.11359181165222905):B220,49.60,[100.00,115.02,68.95]	5(0.6938571695852692):A100,41.90,[100.00,09.37,12.58]	10(0.6663109664614371):A100,47.30,[100.00,19.03,15.26]	15(0.0719562771371267):A100,43.30,[100.00,97.72,76.56]	20(0.05424302851860611):C000,43.10,[100.00,81.94,114.77]	25(0.7134437927331364):A100,45.00,[100.00,17.83,40.88]	30(0.7074289760972219):A100,43.60,[100.00,01.51,02.50]	35(0.020915015420015472):B220,37.70,[100.00,90.29,86.80]	40(0.11936417693104817):B220,46.50,[100.00,134.13,100.89]	45(0.07511273135124012):A100,47.00,[100.00,143.35,75.86]	
0(0.11359181165222905):B000,49.60,[100.00,101.95,68.95]	5(0.6938571695852692):A100,42.40,[100.00,09.37,12.58]	10(0.6663109664614371):A100,47.80,[100.00,19.03,15.26]	15(0.0719562771371267):A100,43.80,[100.00,97.72,76.56]	20(0.05424302851860611):C000,43.10,[100.00,81.94,108.54]	25(0.7134437927331364):A100,45.50,[100.00,17.83,40.88]	30(0.7074289760972219):A100,44.10,[100.00,01.51,02.50]	35(0.020915015420015472):A100,38.20,[100.00,90.29,86.80]	40(0.11936417693104817):C180,47.40,[100.00,134.13,110.33]	45(0.07511273135124012):B220,48.10,[100.00,149.11,75.86]	
0(0.11359181165222905):A100,50.10,[100.00,101.95,68.95]	5(0.6938571695852692):B220,43.50,[100.00,155.52,12.58]	10(0.6663109664614371):A100,48.30,[100.00,19.03,15.26]	15(0.0719562771371267):A100,44.30,[100.00,97.72,76.56]	20(0.05424302851860611):C000,43.10,[100.00,81.94,102.66]	25(0.7134437927331364):A100,46.00,[100.00,17.83,40.88]	30(0.7074289760972219):A100,44.60,[100.00,01.51,02.50]	35(0.020915015420015472):C180,39.10,[100.00,90.29,88.75]	40(0.11936417693104817):B220,48.50,[100.00,144.38,110.33]	45(0.07511273135124012):B000,48.10,[100.00,137.91,75.86]	
0(0.11359181165222905):C000,50.10,[100.00,101.95,61.12]	5(0.6938571695852692):B000,43.50,[100.00,47.61,12.58]	10(0.6663109664614371):A100,48.80,[100.00,19.03,15.26]	15(0.0719562771371267):A100,44.80,[100.00,97.72,76.56]	20(0.05424302851860611):C180,44.00,[100.00,81.94,106.85]	25(0.7134437927331364):A100,46.50,[100.00,17.83,40.88]	30(0.7074289760972219):A100,45.10,[100.00,01.51,02.50]	35(0.020915015420015472):A100,39.60,[100.00,90.29,88.75]	40(0.11936417693104817):B000,48.50,[100.00,127.15,110.33]	45(0.07511273135124012):A100,48.60,[100.00,137.91,75.86]	
0(0.11359181165222905):B000,50.10,[100.00,90.37,61.12]	5(0.6938571695852692):A100,44.00,[100.00,47.61,12.58]	10(0.6663109664614371):A100,49.30,[100.00,19.03,15.26]	15(0.0719562771371267):C000,44.80,[100.00,97.72,71.05]	20(0.05424302851860611):C180,44.90,[100.00,81.94,110.82]	25(0.7134437927331364):A100,47.00,[100.00,17.83,40.88]	30(0.7074289760972219):A100,45.60,[100.00,01.51,02.50]	35(0.020915015420015472):B000,39.60,[100.00,88.40,88.75]	40(0.11936417693104817):B220,49.60,[100.00,138.23,110.33]	45(0.07511273135124012):B220,49.70,[100.00,144.07,75.86]	
0(0.11359181165222905):A100,50.60,[100.00,90.37,61.12]	5(0.6938571695852692):A100,44.50,[100.00,47.61,12.58]	10(0.6663109664614371):A100,49.80,[100.00,19.03,15.26]	15(0.0719562771371267):A100,45.30,[100.00,97.72,71.05]	20(0.05424302851860611):C000,44.90,[100.00,81.94,104.81]	25(0.7134437927331364):A100,47.50,[100.00,17.83,40.88]	30(0.7074289760972219):A100,46.10,[100.00,01.51,02.50]	35(0.020915015420015472):C000,39.60,[100.00,88.40,86.89]	40(0.11936417693104817):B220,50.70,[100.00,147.99,110.33]	45(0.07511273135124012):B000,49.70,[100.00,133.25,75.86]	
0(0.11359181165222905):B000,50.60,[100.00,80.11,61.12]	5(0.6938571695852692):A100,45.00,[100.00,47.61,12.58]	10(0.6663109664614371):A100,50.30,[100.00,19.03,15.26]	15(0.0719562771371267):A100,45.80,[100.00,97.72,71.05]	20(0.05424302851860611):C000,44.90,[100.00,81.94,99.12]	25(0.7134437927331364):A100,48.00,[100.00,17.83,40.88]	30(0.7074289760972219):A100,46.60,[100.00,01.51,02.50]	35(0.020915015420015472):B000,39.60,[100.00,86.55,86.89]	40(0.11936417693104817):B000,50.70,[100.00,130.33,110.33]	45(0.07511273135124012):B000,49.70,[100.00,123.24,75.86]	
0(0.11359181165222905):A100,51.10,[100.00,80.11,61.12]	5(0.6938571695852692):A100,45.50,[100.00,47.61,12.58]	10(0.6663109664614371):A100,50.80,[100.00,19.03,15.26]	15(0.0719562771371267):A100,46.30,[100.00,97.72,71.05]	20(0.05424302851860611):A100,45.40,[100.00,81.94,99.12]	25(0.7134437927331364):A100,48.50,[100.00,17.83,40.88]	30(0.7074289760972219):A100,47.10,[100.00,01.51,02.50]	35(0.020915015420015472):B220,40.70,[100.00,89.34,86.89]	40(0.11936417693104817):B220,51.80,[100.00,141.03,110.33]	45(0.07511273135124012):B220,50.80,[100.00,130.51,75.86]	
0(0.11359181165222905):A100,51.60,[100.00,80.11,61.12]	5(0.6938571695852692):A100,46.00,[100.00,47.61,12.58]	10(0.6663109664614371):A100,51.30,[100.00,19.03,15.26]	15(0.0719562771371267):A100,46.80,[100.00,97.72,71.05]	20(0.05424302851860611):C000,45.40,[100.00,81.94,93.75]	25(0.7134437927331364):A100,49.00,[100.00,17.83,40.88]	30(0.7074289760972219):A100,47.60,[100.00,01.51,02.50]	35(0.020915015420015472):C000,40.70,[100.00,89.34,85.07]	40(0.11936417693104817):B000,51.80,[100.00,124.20,110.33]	45(0.07511273135124012):A100,51.30,[100.00,130.51,75.86]	
0(0.11359181165222905):B000,51.60,[100.00,71.01,61.12]	5(0.6938571695852692):A100,46.50,[100.00,47.61,12.58]	10(0.6663109664614371):A100,51.80,[100.00,19.03,15.26]	15(0.0719562771371267):A100,47.30,[100.00,97.72,71.05]	20(0.05424302851860611):A100,45.90,[100.00,81.94,93.75]	25(0.7134437927331364):A100,49.50,[100.00,17.83,40.88]	30(0.7074289760972219):A100,48.10,[100.00,01.51,02.50]	35(0.020915015420015472):C000,40.70,[100.00,89.34,83.29]	40(0.11936417693104817):A100,52.30,[100.00,124.20,110.33]	45(0.07511273135124012):B220,52.40,[100.00,137.23,75.86]	
0(0.11359181165222905):B220,52.70,[100.00,87.93,61.12]	5(0.6938571695852692):A100,47.00,[100.00,47.61,12.58]	10(0.6663109664614371):A100,52.30,[100.00,19.03,15.26]	15(0.0719562771371267):A100,47.80,[100.00,97.72,71.05]	20(0.05424302851860611):A100,46.40,[100.00,81.94,93.75]	25(0.7134437927331364):C180,50.40,[100.00,17.83,140.13]	30(0.7074289760972219):A100,48.60,[100.00,01.51,02.50]	35(0.020915015420015472):B000,40.70,[100.00,87.47,83.29]	40(0.11936417693104817):B220,53.40,[100.00,135.63,110.33]	45(0.07511273135124012):B000,52.40,[100.00,126.92,75.86]	
0(0.11359181165222905):B220,53.80,[100.00,102.93,61.12]	5(0.6938571695852692):A100,47.50,[100.00,47.61,12.58]	10(0.6663109664614371):A100,52.80,[100.00,19.03,15.26]	15(0.0719562771371267):B000,47.80,[100.00,90.69,71.05]	20(0.05424302851860611):A100,46.90,[100.00,81.94,93.75]	25(0.7134437927331364):C180,51.30,[100.00,17.83,168.58]	30(0.7074289760972219):A100,49.10,[100.00,01.51,02.50]	35(0.020915015420015472):A100,41.20,[100.00,87.47,83.29]	40(0.11936417693104817):B000,53.40,[100.00,119.44,110.33]	45(0.07511273135124012):B000,52.40,[100.00,117.39,75.86]	
0(0.11359181165222905):A100,54.30,[100.00,102.93,61.12]	5(0.6938571695852692):A100,48.00,[100.00,47.61,12.58]	10(0.6663109664614371):A100,53.30,[100.00,19.03,15.26]	15(0.0719562771371267):A100,48.30,[100.00,90.69,71.05]	20(0.05424302851860611):A100,47.40,[100.00,81.94,93.75]	25(0.7134437927331364):C180,52.20,[100.00,17.83,176.73]	30(0.7074289760972219):A100,49.60,[100.00,01.51,02.50]	35(0.020915015420015472):A100,41.70,[100.00,87.47,83.29]	40(0.11936417693104817):B000,53.40,[100.00,105.19,110.33]	45(0.07511273135124012):A100,52.90,[100.00,117.39,75.86]	
0(0.11359181165222905):B220,55.40,[100.00,116.23,61.12]	5(0.6938571695852692):B000,48.00,[100.00,14.58,12.58]	10(0.6663109664614371):A100,53.80,[100.00,19.03,15.26]	15(0.0719562771371267):C180,49.20,[100.00,90.69,78.89]	20(0.05424302851860611):A100,47.90,[100.00,81.94,93.75]	25(0.7134437927331364):C000,52.20,[100.00,17.83,50.64]	30(0.7074289760972219):A100,50.10,[100.00,01.51,02.50]	35(0.020915015420015472):A100,42.20,[100.00,87.47,83.29]	40(0.11936417693104817):B000,53.40,[100.00,92.63,110.33]	45(0.07511273135124012):B000,52.90,[100.00,108.57,75.86]	
0(0.11359181165222905):B220,56.50,[100.00,128.02,61.12]	5(0.6938571695852692):B000,48.00,[100.00,04.46,12.58]	10(0.6663109664614371):A100,54.30,[100.00,19.03,15.26]	15(0.0719562771371267):C180,50.10,[100.00,90.69,86.17]	20(0.05424302851860611):C180,48.80,[100.00,81.94,98.42]	25(0.7134437927331364):A100,52.70,[100.00,17.83,50.64]	30(0.7074289760972219):A100,50.60,[100.00,01.51,02.50]	35(0.020915015420015472):A100,42.70,[100.00,87.47,83.29]	40(0.11936417693104817):C180,54.30,[100.00,92.63,118.65]	45(0.07511273135124012):A100,53.40,[100.00,108.57,75.86]	
0(0.11359181165222905):B000,56.50,[100.00,113.48,61.12]	5(0.6938571695852692):A100,48.50,[100.00,04.46,12.58]	10(0.6663109664614371):A100,54.80,[100.00,19.03,15.26]	15(0.0719562771371267):A100,50.60,[100.00,90.69,86.17]	20(0.05424302851860611):B220,49.90,[100.00,89.42,98.42]	25(0.7134437927331364):A100,53.20,[100.00,17.83,50.64]	30(0.7074289760972219):A100,51.10,[100.00,01.51,02.50]	35(0.020915015420015472):A100,43.20,[100.00,87.47,83.29]	40(0.11936417693104817):C180,55.20,[100.00,92.63,125.97]	45(0.07511273135124012):A100,53.90,[100.00,108.57,75.86]	
0(0.11359181165222905):B220,57.60,[100.00,125.58,61.12]	5(0.6938571695852692):A100,49.00,[100.00,04.46,12.58]	10(0.6663109664614371):A100,55.30,[100.00,19.03,15.26]	15(0.0719562771371267):A100,51.10,[100.00,90.69,86.17]	20(0.05424302851860611):B000,49.90,[100.00,84.57,98.42]	25(0.7134437927331364):A100,53.70,[100.00,17.83,50.64]	30(0.7074289760972219):A100,51.60,[100.00,01.51,02.50]	35(0.020915015420015472):B220,44.30,[100.00,90.25,83.29]	40(0.11936417693104817):B000,55.20,[100.00,81.57,125.97]	45(0.07511273135124012):B220,55.00,[100.00,116.94,75.86]	
0(0.11359181165222905):B220,58.70,[100.00,136.30,61.12]	5(0.6938571695852692):A100,49.50,[100.00,04.46,12.58]	10(0.6663109664614371):A100,55.80,[100.00,19.03,15.26]	15(0.0719562771371267):C000,51.10,[100.00,90.69,79.97]	20(0.05424302851860611):A100,50.40,[100.00,84.57,98.42]	25(0.7134437927331364):A100,54.20,[100.00,17.83,50.64]	30(0.7074289760972219):A100,52.10,[100.00,01.51,02.50]	35(0.020915015420015472):C180,45.20,[100.00,90.25,85.32]	40(0.11936417693104817):A100,55.70,[100.00,81.57,125.97]	45(0.07511273135124012):B000,55.00,[100.00,108.16,75.86]	
0(0.11359181165222905):B000,58.70,[100.00,120.82,61.12]	5(0.6938571695852692):A100,50.00,[100.00,04.46,12.58]	10(0.6663109664614371):A100,56.30,[100.00,19.03,15.26]	15(0.0719562771371267):B000,51.10,[100.00,84.16,79.97]	20(0.05424302851860611):B220,51.50,[100.00,91.92,98.42]	25(0.7134437927331364):A100,54.70,[100.00,17.83,50.64]	30(0.7074289760972219):A100,52.60,[100.00,01.51,02.50]	35(0.020915015420015472):C180,46.10,[100.00,90.25,87.30]	40(0.11936417693104817):C000,55.70,[100.00,81.57,110.94]	45(0.07511273135124012):A100,55.50,[100.00,108.16,75.86]	
0(0.11359181165222905):A100,59.20,[100.00,120.82,61.12]	5(0.6938571695852692):A100,50.50,[100.00,04.46,12.58]	10(0.6663109664614371):A100,56.80,[100.00,19.03,15.26]	15(0.0719562771371267):A100,51.60,[100.00,84.16,79.97]	20(0.05424302851860611):C000,51.50,[100.00,91.92,93.09]	25(0.7134437927331364):A100,55.20,[100.00,17.83,50.64]	30(0.7074289760972219):A100,53.10,[100.00,01.51,02.50]	35(0.020915015420015472):C000,46.10,[100.00,90.25,85.47]	40(0.11936417693104817):C000,55.70,[100.00,81.57,97.69]	45(0.07511273135124012):B000,55.50,[100.00,100.03,75.86]	
0(0.11359181165222905):A100,59.70,[100.00,120.82,61.12]	5(0.6938571695852692):A100,51.00,[100.00,04.46,12.58]	10(0.6663109664614371):A100,57.30,[100.00,19.03,15.26]	15(0.0719562771371267):C180,52.50,[100.00,84.16,87.17]	20(0.05424302851860611):A100,52.00,[100.00,91.92,93.09]	25(0.7134437927331364):A100,55.70,[100.00,17.83,50.64]	30(0.7074289760972219):A100,53.60,[100.00,01.51,02.50]	35(0.020915015420015472):C000,46.10,[100.00,90.25,83.68]	40(0.11936417693104817):A100,56.20,[100.00,81.57,97.69]	45(0.07511273135124012):A100,56.00,[100.00,100.03,75.86]	
0(0.11359181165222905):B000,59.70,[100.00,107.10,61.12]	5(0.6938571695852692):A100,51.50,[100.00,04.46,12.58]	10(0.6663109664614371):A100,57.80,[100.00,19.03,15.26]	15(0.0719562771371267):B220,53.60,[100.00,93.94,87.17]	20(0.05424302851860611):A100,52.50,[100.00,91.92,93.09]	25(0.7134437927331364):C180,56.60,[100.00,17.83,142.93]	30(0.7074289760972219):A100,54.10,[100.00,01.51,02.50]	35(0.020915015420015472):A100,46.60,[100.00,90.25,83.68]	40(0.11936417693104817):A100,56.70,[100.00,81.57,97.69]	45(0.07511273135124012):B220,57.10,[100.00,109.05,75.86]	
0(0.11359181165222905):A100,60.20,[100.00,107.10,61.12]	5(0.6938571695852692):A100,52.00,[100.00,04.46,12.58]	10(0.6663109664614371):A100,58.30,[100.00,19.03,15.26]	15(0.0719562771371267):A100,54.10,[100.00,93.94,87.17]	20(0.05424302851860611):A100,53.00,[100.00,91.92,93.09]	25(0.7134437927331364):C180,57.50,[100.00,17.83,169.38]	30(0.7074289760972219):A100,54.60,[100.00,01.51,02.50]	35(0.020915015420015472):C180,47.50,[100.00,90.25,85.70]	40(0.11936417693104817):C000,56.70,[100.00,81.57,86.03]	45(0.07511273135124012):C180,58.00,[100.00,109.05,83.68]	
0(0.11359181165222905):A100,60.70,[100.00,107.10,61.12]	5(0.6938571695852692):A100,52.50,[100.00,04.46,12.58]	10(0.6663109664614371):A100,58.80,[100.00,19.03,15.26]	15(0.0719562771371267):A100,54.60,[100.00,93.94,87.17]	20(0.05424302851860611):A100,53.50,[100.00,91.92,93.09]	25(0.7134437927331364):C180,58.40,[100.00,17.83,176.96]	30(0.7074289760972219):A100,55.10,[100.00,01.51,02.50]	35(0.020915015420015472):A100,48.00,[100.00,90.25,85.70]	40(0.11936417693104817):A100,57.20,[100.00,81.57,86.03]	45(0.07511273135124012):C000,58.00,[100.00,109.05,77.39]	
0(0.11359181165222905):A100,61.20,[100.00,107.10,61.12]	5(0.6938571695852692):A100,53.00,[100.00,04.46,12.58]	10(0.6663109664614371):A100,59.30,[100.00,19.03,15.26]	15(0.0719562771371267):B000,54.60,[100.00,87.18,87.17]	20(0.05424302851860611):A100,54.00,[100.00,91.92,93.09]	25(0.7134437927331364):C000,58.40,[100.00,17.83,50.71]	30(0.7074289760972219):A100,55.60,[100.00,01.51,02.50]	35(0.020915015420015472):C000,48.00,[100.00,90.25,83.90]	40(0.11936417693104817):A100,57.70,[100.00,81.57,86.03]	45(0.07511273135124012):A100,58.50,[100.00,109.05,77.39]	
0(0.11359181165222905):B220,62.30,[100.00,119.92,61.12]	5(0.6938571695852692):A100,53.50,[100.00,04.46,12.58]	10(0.6663109664614371):A100,59.80,[100.00,19.03,15.26]	15(0.0719562771371267):C000,54.60,[100.00,87.18,80.89]	20(0.05424302851860611):C000,54.00,[100.00,91.92,88.04]	25(0.7134437927331364):A100,58.90,[100.00,17.83,50.71]	30(0.7074289760972219):B220,56.70,[100.00,156.08,02.50]	35(0.020915015420015472):A100,48.50,[100.00,90.25,83.90]	40(0.11936417693104817):A100,58.20,[100.00,81.57,86.03]	45(0.07511273135124012):B000,58.50,[100.00,100.85,77.39]	
0(0.11359181165222905):C000,62.30,[100.00,119.92,54.18]	5(0.6938571695852692):A100,54.00,[100.00,04.46,12.58]	10(0.6663109664614371):A100,60.30,[100.00,19.03,15.26]	15(0.0719562771371267):A100,55.10,[100.00,87.18,80.89]	20(0.05424302851860611):A100,54.50,[100.00,91.92,88.04]	25(0.7134437927331364):A100,59.40,[100.00,17.83,50.71]	30(0.7074289760972219):B220,57.80,[100.00,201.30,02.50]	35(0.020915015420015472):B000,48.50,[100.00,88.36,83.90]	40(0.11936417693104817):A100,58.70,[100.00,81.57,86.03]	45(0.07511273135124012):B220,59.60,[100.00,109.80,77.39]	
0(0.11359181165222905):B000,62.30,[100.00,106.30,54.18]	5(0.6938571695852692):A100,54.50,[100.00,04.46,12.58]	10(0.6663109664614371):A100,60.80,[100.00,19.03,15.26]	15(0.0719562771371267):A100,55.60,[100.00,87.18,80.89]	20(0.05424302851860611):B220,55.60,[100.00,98.87,88.04]	25(0.7134437927331364):A100,59.90,[100.00,17.83,50.71]	30(0.7074289760972219):B000,57.80,[100.00,58.89,02.50]	35(0.020915015420015472):A100,49.00,[100.00,88.36,83.90]	40(0.11936417693104817):C000,58.70,[100.00,81.57,75.76]	45(0.07511273135124012):B220,60.70,[100.00,118.08,77.39]	
0(0.11359181165222905):B000,62.30,[100.00,94.22,54.18]	5(0.6938571695852692):A100,55.00,[100.00,04.46,12.58]	10(0.6663109664614371):A100,61.30,[100.00,19.03,15.26]	15(0.0719562771371267):A100,56.10,[100.00,87.18,80.89]	20(0.05424302851860611):B000,55.60,[100.00,93.50,88.04]	25(0.7134437927331364):A100,60.40,[100.00,17.83,50.71]	30(0.7074289760972219):A100,58.30,[100.00,58.89,02.50]	35(0.020915015420015472):A100,49.50,[100.00,88.36,83.90]	40(0.11936417693104817):A100,59.20,[100.00,81.57,75.76]	45(0.07511273135124012):B220,61.80,[100.00,125.74,77.39]	
0(0.11359181165222905):A100,62.80,[100.00,94.22,54.18]	5(0.6938571695852692):A100,55.50,[100.00,04.46,12.58]	10(0.6663109664614371):A100,61.80,[100.00,19.03,15.26]	15(0.0719562771371267):A100,56.60,[100.00,87.18,80.89]	20(0.05424302851860611):A100,56.10,[100.00,93.50,88.04]	25(0.7134437927331364):A100,60.90,[100.00,17.83,50.71]	30(0.7074289760972219):A100,58.80,[100.00,58.89,02.50]	35(0.020915015420015472):B000,49.50,[100.00,86.51,83.90]	40(0.11936417693104817):A100,59.70,[100.00,81.57,75.76]	45(0.07511273135124012):B220,62.90,[100.00,132.82,77.39]	
0(0.11359181165222905):C000,62.80,[100.00,94.22,48.02]	5(0.6938571695852692):A100,56.00,[100.00,04.46,12.58]	10(0.6663109664614371):A100,62.30,[100.00,19.03,15.26]	15(0.0719562771371267):B000,56.60,[100.00,80.91,80.89]	20(0.05424302851860611):A100,56.60,[100.00,93.50,88.04]	25(0.7134437927331364):A100,61.40,[100.00,17.83,50.71]	30(0.7074289760972219):B220,59.90,[100.00,172.87,02.50]	35(0.020915015420015472):C180,50.40,[100.00,86.51,85.91]	40(0.11936417693104817):C180,60.60,[100.00,81.57,88.21]	45(0.07511273135124012):B220,64.00,[100.00,139.37,77.39]	
0(0.11359181165222905):A100,63.30,[100.00,94.22,48.02]	5(0.6938571695852692):C000,56.00,[100.00,04.46,03.85]	10(0.6663109664614371):A100,62.80,[100.00,19.03,15.26]	15(0.0719562771371267):C000,56.60,[100.00,80.91,75.07]	20(0.05424302851860611):A100,57.10,[100.00,93.50,88.04]	25(0.7134437927331364):A100,61.90,[100.00,17.83,50.71]	30(0.7074289760972219):B000,59.90,[100.00,50.58,02.50]	35(0.020915015420015472):B000,50.40,[100.00,84.70,85.91]	40(0.11936417693104817):C000,60.60,[100.00,81.57,77.68]	45(0.07511273135124012):B000,64.00,[100.00,128.90,77.39]	
0(0.11359181165222905):A100,63.80,[100.00,94.22,48.02]	5(0.6938571695852692):A100,56.50,[100.00,04.46,03.85]	10(0.6663109664614371):A100,63.30,[100.00,19.03,15.26]	15(0.0719562771371267):A100,57.10,[100.00,80.91,75.07]	20(0.05424302851860611):C180,58.00,[100.00,93.50,93.02]	25(0.7134437927331364):A100,62.40,[100.00,17.83,50.71]	30(0.7074289760972219):A100,60.40,[100.00,50.58,02.50]	35(0.020915015420015472):A100,50.90,[100.00,84.70,85.91]	40(0.11936417693104817):B220,61.70,[100.00,98.10,77.68]	45(0.07511273135124012):B000,64.00,[100.00,119.22,77.39]	
0(0.11359181165222905):A100,64.30,[100.00,94.22,48.02]	5(0.6938571695852692):A100,57.00,[100.00,04.46,03.85]	10(0.6663109664614371):A100,63.80,[100.00,19.03,15.26]	15(0.0719562771371267):A100,57.60,[100.00,80.91,75.07]	20(0.05424302851860611):A100,58.50,[100.00,93.50,93.02]	25(0.7134437927331364):A100,62.90,[100.00,17.83,50.71]	30(0.7074289760972219):A100,60.90,[100.00,50.58,02.50]	35(0.020915015420015472):A100,51.40,[100.00,84.70,85.91]	40(0.11936417693104817):B000,61.70,[100.00,86.39,77.68]	45(0.07511273135124012):A100,64.50,[100.00,119.22,77.39]	
0(0.11359181165222905):B220,65.40,[100.00,108.51,48.02]	5(0.6938571695852692):A100,57.50,[100.00,04.46,03.85]	10(0.6663109664614371):A100,64.30,[100.00,19.03,15.26]	15(0.0719562771371267):A100,58.10,[100.00,80.91,75.07]	20(0.05424302851860611):B220,59.60,[100.00,100.37,93.02]	25(0.7134437927331364):A100,63.40,[100.00,17.83,50.71]	30(0.7074289760972219):A100,61.40,[100.00,50.58,02.50]	35(0.020915015420015472):B220,52.50,[100.00,87.53,85.91]	40(0.11936417693104817):B000,61.70,[100.00,76.08,77.68]	45(0.07511273135124012):B000,64.50,[100.00,110.26,77.39]	
0(0.11359181165222905):B220,66.50,[100.00,121.18,48.02]	5(0.6938571695852692):A100,58.00,[100.00,04.46,03.85]	10(0.6663109664614371):A100,64.80,[100.00,19.03,15.26]	15(0.0719562771371267):A100,58.60,[100.00,80.91,75.07]	20(0.05424302851860611):C180,60.50,[100.00,100.37,97.74]	25(0.7134437927331364):A100,63.90,[100.00,17.83,50.71]	30(0.7074289760972219):A100,61.90,[100.00,50.58,02.50]	35(0.020915015420015472):A100,53.00,[100.00,87.53,85.91]	40(0.11936417693104817):A100,62.20,[100.00,76.08,77.68]	45(0.07511273135124012):A100,65.00,[100.00,110.26,77.39]	
0(0.11359181165222905):B220,67.60,[100.00,132.40,48.02]	5(0.6938571695852692):A100,58.50,[100.00,04.46,03.85]	10(0.6663109664614371):A100,65.30,[100.00,19.03,15.26]	15(0.0719562771371267):A100,59.10,[100.00,80.91,75.07]	20(0.05424302851860611):C000,60.50,[100.00,100.37,92.44]	25(0.7134437927331364):A100,64.40,[100.00,17.83,50.71]	30(0.7074289760972219):A100,62.40,[100.00,50.58,02.50]	35(0.020915015420015472):B000,53.00,[100.00,85.70,85.91]	40(0.11936417693104817):A100,62.70,[100.00,76.08,77.68]	45(0.07511273135124012):A100,65.50,[100.00,110.26,77.39]	
0(0.11359181165222905):B220,68.70,[100.00,142.35,48.02]	5(0.6938571695852692):A100,59.00,[100.00,04.46,03.85]	10(0.6663109664614371):A100,65.80,[100.00,19.03,15.26]	15(0.0719562771371267):A100,59.60,[100.00,80.91,75.07]	20(0.05424302851860611):A100,61.00,[100.00,100.37,92.44]	25(0.7134437927331364):C000,64.40,[100.00,17.83,14.53]	30(0.7074289760972219):A100,62.90,[100.00,50.58,02.50]	35(0.020915015420015472):A100,53.50,[100.00,85.70,85.91]	40(0.11936417693104817):B220,63.80,[100.00,93.26,77.68]	45(0.07511273135124012):B000,65.50,[100.00,101.98,77.39]	
0(0.11359181165222905):B000,68.70,[100.00,126.18,48.02]	5(0.6938571695852692):A100,59.50,[100.00,04.46,03.85]	10(0.6663109664614371):A100,66.30,[100.00,19.03,15.26]	15(0.0719562771371267):A100,60.10,[100.00,80.91,75.07]	20(0.05424302851860611):B220,62.10,[100.00,106.86,92.44]	25(0.7134437927331364):A100,64.90,[100.00,17.83,14.53]	30(0.7074289760972219):A100,63.40,[100.00,50.58,02.50]	35(0.020915015420015472):B220,54.60,[100.00,88.51,85.91]	40(0.11936417693104817):A100,64.30,[100.00,93.26,77.68]	45(0.07511273135124012):B220,66.60,[100.00,110.84,77.39]	
0(0.11359181165222905):B220,69.80,[100.00,136.84,48.02]	5(0.6938571695852692):A100,60.00,[100.00,04.46,03.85]	10(0.6663109664614371):C180,67.20,[100.00,19.03,125.03]	15(0.0719562771371267):B000,60.10,[100.00,75.08,75.07]	20(0.05424302851860611):B220,63.20,[100.00,112.99,92.44]	25(0.7134437927331364):A100,65.40,[100.00,17.83,14.53]	30(0.7074289760972219):A100,63.90,[100.00,50.58,02.50]	35(0.020915015420015472):B220,55.70,[100.00,91.26,85.91]	40(0.11936417693104817):B220,65.40,[100.00,108.38,77.68]	45(0.07511273135124012):B220,67.70,[100.00,119.04,77.39]	
0(0.11359181165222905):B220,70.90,[100.00,146.28,48.02]	5(0.6938571695852692):A100,60.50,[100.00,04.46,03.85]	10(0.6663109664614371):C180,68.10,[100.00,19.03,161.66]	15(0.0719562771371267):B000,60.10,[100.00,69.68,75.07]	20(0.05424302851860611):C000,63.20,[100.00,112.99,87.43]	25(0.7134437927331364):A100,65.90,[100.00,17.83,14.53]	30(0.7074289760972219):A100,64.40,[100.00,50.58,02.50]	35(0.020915015420015472):C180,56.60,[100.00,91.26,87.88]	40(0.11936417693104817):C180,66.30,[100.00,108.38,89.89]	45(0.07511273135124012):B220,68.80,[100.00,126.63,77.39]	
0(0.11359181165222905):B000,70.90,[100.00,129.67,48.02]	5(0.6938571695852692):A100,61.00,[100.00,04.46,03.85]	10(0.6663109664614371):C180,69.00,[100.00,19.03,173.88]	15(0.0719562771371267):C000,60.10,[100.00,69.68,69.67]	20(0.05424302851860611):A100,63.70,[100.00,112.99,87.43]	25(0.7134437927331364):A100,66.40,[100.00,17.83,14.53]	30(0.7074289760972219):A100,64.90,[100.00,50.58,02.50]	35(0.020915015420015472):A100,57.10,[100.00,91.26,87.88]	40(0.11936417693104817):A100,66.80,[100.00,108.38,89.89]	45(0.07511273135124012):B220,69.90,[100.00,133.64,77.39]	
0(0.11359181165222905):B000,70.90,[100.00,114.94,48.02]	5(0.6938571695852692):A100,61.50,[100.00,04.46,03.85]	10(0.6663109664614371):C000,69.00,[100.00,19.03,58.02]	15(0.0719562771371267):A100,60.60,[100.00,69.68,69.67]	20(0.05424302851860611):A100,64.20,[100.00,112.99,87.43]	25(0.7134437927331364):C000,66.40,[100.00,17.83,04.16]	30(0.7074289760972219):A100,65.40,[100.00,50.58,02.50]	35(0.020915015420015472):A100,57.60,[100.00,91.26,87.88]	40(0.11936417693104817):B000,66.80,[100.00,95.45,89.89]	45(0.07511273135124012):A100,70.40,[100.00,133.64,77.39]	
0(0.11359181165222905):B220,72.00,[100.00,126.87,48.02]	5(0.6938571695852692):A100,62.00,[100.00,04.46,03.85]	10(0.6663109664614371):A100,69.50,[100.00,19.03,58.02]	15(0.0719562771371267):A100,61.10,[100.00,69.68,69.67]	20(0.05424302851860611):C000,64.20,[100.00,112.99,82.68]	25(0.7134437927331364):A100,66.90,[100.00,17.83,04.16]	30(0.7074289760972219):A100,65.90,[100.00,50.58,02.50]	35(0.020915015420015472):B000,57.60,[100.00,89.35,87.88]	40(0.11936417693104817):B000,66.80,[100.00,84.05,89.89]	45(0.07511273135124012):B000,70.40,[100.00,123.60,77.39]	
0(0.11359181165222905):B220,73.10,[100.00,137.45,48.02]	5(0.6938571695852692):A100,62.50,[100.00,04.46,03.85]	10(0.6663109664614371):A100,70.00,[100.00,19.03,58.02]	15(0.0719562771371267):C000,61.10,[100.00,69.68,64.66]	20(0.05424302851860611):B000,64.20,[100.00,106.86,82.68]	25(0.7134437927331364):A100,67.40,[100.00,17.83,04.16]	30(0.7074289760972219):B220,67.00,[100.00,170.43,02.50]	35(0.020915015420015472):C000,57.60,[100.00,89.35,86.04]	40(0.11936417693104817):B000,66.80,[100.00,74.02,89.89]	45(0.07511273135124012):B220,71.50,[100.00,130.84,77.39]	
0(0.11359181165222905):B220,74.20,[100.00,146.83,48.02]	5(0.6938571695852692):A100,63.00,[100.00,04.46,03.85]	10(0.6663109664614371):A100,70.50,[100.00,19.03,58.02]	15(0.0719562771371267):C180,62.00,[100.00,69.68,72.96]	20(0.05424302851860611):B220,65.30,[100.00,113.00,82.68]	25(0.7134437927331364):A100,67.90,[100.00,17.83,04.16]	30(0.7074289760972219):B000,67.00,[100.00,49.86,02.50]	35(0.020915015420015472):C000,57.60,[100.00,89.35,84.24]	40(0.11936417693104817):B000,66.80,[100.00,65.19,89.89]	45(0.07511273135124012):B220,72.60,[100.00,137.54,77.39]	
0(0.11359181165222905):A100,74.70,[100.00,146.83,48.02]	5(0.6938571695852692):A100,63.50,[100.00,04.46,03.85]	10(0.6663109664614371):A100,71.00,[100.00,19.03,58.02]	15(0.0719562771371267):B000,62.00,[100.00,64.67,72.96]	20(0.05424302851860611):B000,65.30,[100.00,106.87,82.68]	25(0.7134437927331364):A100,68.40,[100.00,17.83,04.16]	30(0.7074289760972219):A100,67.50,[100.00,49.86,02.50]	35(0.020915015420015472):B220,58.70,[100.00,92.08,84.24]	40(0.11936417693104817):A100,67.30,[100.00,65.19,89.89]	45(0.07511273135124012):B220,73.70,[100.00,143.73,77.39]	
0(0.11359181165222905):B220,75.80,[100.00,155.14,48.02]	5(0.6938571695852692):A100,64.00,[100.00,04.46,03.85]	10(0.6663109664614371):A100,71.50,[100.00,19.03,58.02]	15(0.0719562771371267):A100,62.50,[100.00,64.67,72.96]	20(0.05424302851860611):A100,65.80,[100.00,106.87,82.68]	25(0.7134437927331364):A100,68.90,[100.00,17.83,04.16]	30(0.7074289760972219):A100,68.00,[100.00,49.86,02.50]	35(0.020915015420015472):B000,58.70,[100.00,90.16,84.24]	40(0.11936417693104817):C000,67.30,[100.00,65.19,79.16]	45(0.07511273135124012):B220,74.80,[100.00,149.46,77.39]	
0(0.11359181165222905):B220,76.90,[100.00,162.51,48.02]	5(0.6938571695852692):A100,64.50,[100.00,04.46,03.85]	10(0.6663109664614371):A100,72.00,[100.00,19.03,58.02]	15(0.0719562771371267):B220,63.60,[100.00,75.84,72.96]	20(0.05424302851860611):C180,66.70,[100.00,106.87,87.96]	25(0.7134437927331364):A100,69.40,[100.00,17.83,04.16]	30(0.7074289760972219):A100,68.50,[100.00,49.86,02.50]	35(0.020915015420015472):B000,58.70,[100.00,88.27,84.24]	40(0.11936417693104817):A100,67.80,[100.00,65.19,79.16]	45(0.07511273135124012):B220,75.90,[100.00,154.76,77.39]	
0(0.11359181165222905):B220,78.00,[100.00,169.04,48.02]	5(0.6938571695852692):A100,65.00,[100.00,04.46,03.85]	10(0.6663109664614371):A100,72.50,[100.00,19.03,58.02]	15(0.0719562771371267):A100,64.10,[100.00,75.84,72.96]	20(0.05424302851860611):A100,67.20,[100.00,106.87,87.96]	25(0.7134437927331364):A100,69.90,[100.00,17.83,04.16]	30(0.7074289760972219):A100,69.00,[100.00,49.86,02.50]	35(0.020915015420015472):A100,59.20,[100.00,88.27,84.24]	40(0.11936417693104817):A100,68.30,[100.00,65.19,79.16]	45(0.07511273135124012):B000,75.90,[100.00,143.14,77.39]	
0(0.11359181165222905):B000,78.00,[100.00,149.84,48.02]	5(0.6938571695852692):A100,65.50,[100.00,04.46,03.85]	10(0.6663109664614371):A100,73.00,[100.00,19.03,58.02]	15(0.0719562771371267):A100,64.60,[100.00,75.84,72.96]	20(0.05424302851860611):A100,67.70,[100.00,106.87,87.96]	25(0.7134437927331364):C000,69.90,[100.00,17.83,01.19]	30(0.7074289760972219):A100,69.50,[100.00,49.86,02.50]	35(0.020915015420015472):C000,59.20,[100.00,88.27,82.48]	40(0.11936417693104817):A100,68.80,[100.00,65.19,79.16]	45(0.07511273135124012):B220,77.00,[100.00,148.91,77.39]	
0(0.11359181165222905):B000,78.00,[100.00,132.82,48.02]	5(0.6938571695852692):A100,66.00,[100.00,04.46,03.85]	10(0.6663109664614371):A100,73.50,[100.00,19.03,58.02]	15(0.0719562771371267):A100,65.10,[100.00,75.84,72.96]	20(0.05424302851860611):A100,68.20,[100.00,106.87,87.96]	25(0.7134437927331364):A100,70.40,[100.00,17.83,01.19]	30(0.7074289760972219):A100,70.00,[100.00,49.86,02.50]	35(0.020915015420015472):B000,59.20,[100.00,86.42,82.48]	40(0.11936417693104817):C180,69.70,[100.00,65.19,91.20]	45(0.07511273135124012):B220,78.10,[100.00,154.25,77.39]	
0(0.11359181165222905):B000,78.00,[100.00,117.73,48.02]	5(0.6938571695852692):A100,66.50,[100.00,04.46,03.85]	10(0.6663109664614371):A100,74.00,[100.00,19.03,58.02]	15(0.0719562771371267):A100,65.60,[100.00,75.84,72.96]	20(0.05424302851860611):A100,68.70,[100.00,106.87,87.96]	25(0.7134437927331364):A100,70.90,[100.00,17.83,01.19]	30(0.7074289760972219):A100,70.50,[100.00,49.86,02.50]	35(0.020915015420015472):C180,60.10,[100.00,86.42,84.52]	40(0.11936417693104817):C000,69.70,[100.00,65.19,80.31]	45(0.07511273135124012):B000,78.10,[100.00,142.66,77.39]	
0(0.11359181165222905):B220,79.10,[100.00,129.35,48.02]	5(0.6938571695852692):A100,67.00,[100.00,04.46,03.85]	10(0.6663109664614371):A100,74.50,[100.00,19.03,58.02]	15(0.0719562771371267):A100,66.10,[100.00,75.84,72.96]	20(0.05424302851860611):B220,69.80,[100.00,113.01,87.96]	25(0.7134437927331364):A100,71.40,[100.00,17.83,01.19]	30(0.7074289760972219):A100,71.00,[100.00,49.86,02.50]	35(0.020915015420015472):A100,60.60,[100.00,86.42,84.52]	40(0.11936417693104817):A100,70.20,[100.00,65.19,80.31]	45(0.07511273135124012):B220,79.20,[100.00,148.47,77.39]	
0(0.11359181165222905):B000,79.10,[100.00,114.65,48.02]	5(0.6938571695852692):A100,67.50,[100.00,04.46,03.85]	10(0.6663109664614371):A100,75.00,[100.00,19.03,58.02]	15(0.0719562771371267):A100,66.60,[100.00,75.84,72.96]	20(0.05424302851860611):A100,70.30,[100.00,113.01,87.96]	25(0.7134437927331364):A100,71.90,[100.00,17.83,01.19]	30(0.7074289760972219):A100,71.50,[100.00,49.86,02.50]	35(0.020915015420015472):C180,61.50,[100.00,86.42,86.52]	40(0.11936417693104817):B220,71.30,[100.00,83.66,80.31]	45(0.07511273135124012):B220,80.30,[100.00,153.84,77.39]	
0(0.11359181165222905):B220,80.20,[100.00,126.62,48.02]	5(0.6938571695852692):A100,68.00,[100.00,04.46,03.85]	10(0.6663109664614371):A100,75.50,[100.00,19.03,58.02]	15(0.0719562771371267):C180,67.50,[100.00,75.84,80.66]	20(0.05424302851860611):B000,70.30,[100.00,106.88,87.96]	25(0.7134437927331364):A100,72.40,[100.00,17.83,01.19]	30(0.7074289760972219):A100,72.00,[100.00,49.86,02.50]	35(0.020915015420015472):C180,62.40,[100.00,86.42,88.47]	40(0.11936417693104817):A100,71.80,[100.00,83.66,80.31]	45(0.07511273135124012):B220,81.40,[100.00,158.81,77.39]	
0(0.11359181165222905):B000,80.20,[100.00,112.24,48.02]	5(0.6938571695852692):B000,68.00,[100.00,01.37,03.85]	10(0.6663109664614371):A100,76.00,[100.00,19.03,58.02]	15(0.0719562771371267):B000,67.50,[100.00,70.39,80.66]	20(0.05424302851860611):C000,70.30,[100.00,106.88,83.19]	25(0.7134437927331364):B220,73.50,[100.00,162.07,01.19]	30(0.7074289760972219):A100,72.50,[100.00,49.86,02.50]	35(0.020915015420015472):A100,62.90,[100.00,86.42,88.47]	40(0.11936417693104817):A100,72.30,[100.00,83.66,80.31]	45(0.07511273135124012):B000,81.40,[100.00,146.88,77.39]	
0(0.11359181165222905):B220,81.30,[100.00,124.48,48.02]	5(0.6938571695852692):A100,68.50,[100.00,01.37,03.85]	10(0.6663109664614371):C180,76.90,[100.00,19.03,139.30]	15(0.0719562771371267):A100,68.00,[100.00,70.39,80.66]	20(0.05424302851860611):B000,70.30,[100.00,101.08,83.19]	25(0.7134437927331364):B220,74.60,[100.00,203.40,01.19]	30(0.7074289760972219):A100,73.00,[100.00,49.86,02.50]	35(0.020915015420015472):A100,63.40,[100.00,86.42,88.47]	40(0.11936417693104817):A100,72.80,[100.00,83.66,80.31]	45(0.07511273135124012):B220,82.50,[100.00,152.38,77.39]	
0(0.11359181165222905):A100,81.80,[100.00,124.48,48.02]	5(0.6938571695852692):A100,69.00,[100.00,01.37,03.85]	10(0.6663109664614371):C180,77.80,[100.00,19.03,166.42]	15(0.0719562771371267):A100,68.50,[100.00,70.39,80.66]	20(0.05424302851860611):A100,70.80,[100.00,101.08,83.19]	25(0.7134437927331364):B220,75.70,[100.00,215.24,01.19]	30(0.7074289760972219):B220,74.10,[100.00,170.22,02.50]	35(0.020915015420015472):A100,63.90,[100.00,86.42,88.47]	40(0.11936417693104817):C000,72.80,[100.00,83.66,70.73]	45(0.07511273135124012):B220,83.60,[100.00,157.46,77.39]	
0(0.11359181165222905):B000,81.80,[100.00,110.34,48.02]	5(0.6938571695852692):A100,69.50,[100.00,01.37,03.85]	10(0.6663109664614371):C000,77.80,[100.00,19.03,55.53]	15(0.0719562771371267):B000,68.50,[100.00,65.32,80.66]	20(0.05424302851860611):B220,71.90,[100.00,107.53,83.19]	25(0.7134437927331364):B220,76.80,[100.00,218.64,01.19]	30(0.7074289760972219):B000,74.10,[100.00,49.80,02.50]	35(0.020915015420015472):A100,64.40,[100.00,86.42,88.47]	40(0.11936417693104817):A100,73.30,[100.00,83.66,70.73]	45(0.07511273135124012):B220,84.70,[100.00,162.15,77.39]	
0(0.11359181165222905):B000,81.80,[100.00,97.81,48.02]	5(0.6938571695852692):A100,70.00,[100.00,01.37,03.85]	10(0.6663109664614371):A100,78.30,[100.00,19.03,55.53]	15(0.0719562771371267):A100,69.00,[100.00,65.32,80.66]	20(0.05424302851860611):A100,72.40,[100.00,107.53,83.19]	25(0.7134437927331364):B220,77.90,[100.00,219.61,01.19]	30(0.7074289760972219):A100,74.60,[100.00,49.80,02.50]	35(0.020915015420015472):B220,65.50,[100.00,89.22,88.47]	40(0.11936417693104817):C000,73.30,[100.00,83.66,62.28]	45(0.07511273135124012):B220,85.80,[100.00,166.50,77.39]	
0(0.11359181165222905):A100,82.30,[100.00,97.81,48.02]	5(0.6938571695852692):A100,70.50,[100.00,01.37,03.85]	10(0.6663109664614371):A100,78.80,[100.00,19.03,55.53]	15(0.0719562771371267):C000,69.00,[100.00,65.32,74.86]	20(0.05424302851860611):B000,72.40,[100.00,101.70,83.19]	25(0.7134437927331364):B000,77.90,[100.00,62.93,01.19]	30(0.7074289760972219):A100,75.10,[100.00,49.80,02.50]	35(0.020915015420015472):A100,66.00,[100.00,89.22,88.47]	40(0.11936417693104817):B000,73.30,[100.00,73.68,62.28]	45(0.07511273135124012):B000,85.80,[100.00,153.99,77.39]	
0(0.11359181165222905):B000,82.30,[100.00,86.70,48.02]	5(0.6938571695852692):A100,71.00,[100.00,01.37,03.85]	10(0.6663109664614371):A100,79.30,[100.00,19.03,55.53]	15(0.0719562771371267):A100,69.50,[100.00,65.32,74.86]	20(0.05424302851860611):B220,73.50,[100.00,108.11,83.19]	25(0.7134437927331364):A100,78.40,[100.00,62.93,01.19]	30(0.7074289760972219):A100,75.60,[100.00,49.80,02.50]	35(0.020915015420015472):B000,66.00,[100.00,87.35,88.47]	40(0.11936417693104817):B000,73.30,[100.00,64.88,62.28]	45(0.07511273135124012):B220,86.90,[100.00,158.95,77.39]	
0(0.11359181165222905):B000,82.30,[100.00,76.85,48.02]	5(0.6938571695852692):A100,71.50,[100.00,01.37,03.85]	10(0.6663109664614371):A100,79.80,[100.00,19.03,55.53]	15(0.0719562771371267):A100,70.00,[100.00,65.32,74.86]	20(0.05424302851860611):B000,73.50,[100.00,102.25,83.19]	25(0.7134437927331364):B000,78.40,[100.00,18.03,01.19]	30(0.7074289760972219):A100,76.10,[100.00,49.80,02.50]	35(0.020915015420015472):C180,66.90,[100.00,87.35,90.39]	40(0.11936417693104817):C180,74.20,[100.00,64.88,76.33]	45(0.07511273135124012):B000,86.90,[100.00,147.01,77.39]	
0(0.11359181165222905):A100,82.80,[100.00,76.85,48.02]	5(0.6938571695852692):A100,72.00,[100.00,01.37,03.85]	10(0.6663109664614371):A100,80.30,[100.00,19.03,55.53]	15(0.0719562771371267):A100,70.50,[100.00,65.32,74.86]	20(0.05424302851860611):A100,74.00,[100.00,102.25,83.19]	25(0.7134437927331364):A100,78.90,[100.00,18.03,01.19]	30(0.7074289760972219):A100,76.60,[100.00,49.80,02.50]	35(0.020915015420015472):A100,67.40,[100.00,87.35,90.39]	40(0.11936417693104817):C000,74.20,[100.00,64.88,67.22]	45(0.07511273135124012):B220,88.00,[100.00,152.49,77.39]	
0(0.11359181165222905):A100,83.30,[100.00,76.85,48.02]	5(0.6938571695852692):A100,72.50,[100.00,01.37,03.85]	10(0.6663109664614371):A100,80.80,[100.00,19.03,55.53]	15(0.0719562771371267):A100,71.00,[100.00,65.32,74.86]	20(0.05424302851860611):A100,74.50,[100.00,102.25,83.19]	25(0.7134437927331364):A100,79.40,[100.00,18.03,01.19]	30(0.7074289760972219):A100,77.10,[100.00,49.80,02.50]	35(0.020915015420015472):B000,67.40,[100.00,85.53,90.39]	40(0.11936417693104817):A100,74.70,[100.00,64.88,67.22]	45(0.07511273135124012):B220,89.10,[100.00,157.56,77.39]	
0(0.11359181165222905):A100,83.80,[100.00,76.85,48.02]	5(0.6938571695852692):A100,73.00,[100.00,01.37,03.85]	10(0.6663109664614371):A100,81.30,[100.00,19.03,55.53]	15(0.0719562771371267):A100,71.50,[100.00,65.32,74.86]	20(0.05424302851860611):C180,75.40,[100.00,102.25,88.44]	25(0.7134437927331364):A100,79.90,[100.00,18.03,01.19]	30(0.7074289760972219):B220,78.20,[100.00,170.21,02.50]	35(0.020915015420015472):A100,67.90,[100.00,85.53,90.39]	40(0.11936417693104817):B220,75.80,[100.00,83.40,67.22]	45(0.07511273135124012):B220,90.20,[100.00,162.25,77.39]	
0(0.11359181165222905):A100,84.30,[100.00,76.85,48.02]	5(0.6938571695852692):A100,73.50,[100.00,01.37,03.85]	10(0.6663109664614371):A100,81.80,[100.00,19.03,55.53]	15(0.0719562771371267):C000,71.50,[100.00,65.32,69.47]	20(0.05424302851860611):B000,75.40,[100.00,96.70,88.44]	25(0.7134437927331364):A100,80.40,[100.00,18.03,01.19]	30(0.7074289760972219):B000,78.20,[100.00,49.80,02.50]	35(0.020915015420015472):C180,68.80,[100.00,85.53,92.26]	40(0.11936417693104817):B000,75.80,[100.00,73.44,67.22]	45(0.07511273135124012):B000,90.20,[100.00,150.07,77.39]	
0(0.11359181165222905):B000,84.30,[100.00,68.12,48.02]	5(0.6938571695852692):A100,74.00,[100.00,01.37,03.85]	10(0.6663109664614371):A100,82.30,[100.00,19.03,55.53]	15(0.0719562771371267):A100,72.00,[100.00,65.32,69.47]	20(0.05424302851860611):B000,75.40,[100.00,91.46,88.44]	25(0.7134437927331364):A100,80.90,[100.00,18.03,01.19]	30(0.7074289760972219):A100,78.70,[100.00,49.80,02.50]	35(0.020915015420015472):C180,69.70,[100.00,85.53,94.10]	40(0.11936417693104817):A100,76.30,[100.00,73.44,67.22]	45(0.07511273135124012):B220,91.30,[100.00,155.32,77.39]	
0(0.11359181165222905):A100,84.80,[100.00,68.12,48.02]	5(0.6938571695852692):A100,74.50,[100.00,01.37,03.85]	10(0.6663109664614371):A100,82.80,[100.00,19.03,55.53]	15(0.0719562771371267):A100,72.50,[100.00,65.32,69.47]	20(0.05424302851860611):A100,75.90,[100.00,91.46,88.44]	25(0.7134437927331364):A100,81.40,[100.00,18.03,01.19]	30(0.7074289760972219):A100,79.20,[100.00,49.80,02.50]	35(0.020915015420015472):C180,70.60,[100.00,85.53,95.89]	40(0.11936417693104817):A100,76.80,[100.00,73.44,67.22]	45(0.07511273135124012):B220,92.40,[100.00,160.18,77.39]	
0(0.11359181165222905):A100,85.30,[100.00,68.12,48.02]	5(0.6938571695852692):A100,75.00,[100.00,01.37,03.85]	10(0.6663109664614371):A100,83.30,[100.00,19.03,55.53]	15(0.0719562771371267):B000,72.50,[100.00,60.62,69.47]	20(0.05424302851860611):B000,75.90,[100.00,86.50,88.44]	25(0.7134437927331364):A100,81.90,[100.00,18.03,01.19]	30(0.7074289760972219):A100,79.70,[100.00,49.80,02.50]	35(0.020915015420015472):C000,70.60,[100.00,85.53,93.89]	40(0.11936417693104817):A100,77.30,[100.00,73.44,67.22]	45(0.07511273135124012):B000,92.40,[100.00,148.15,77.39]	
0(0.11359181165222905):C180,86.20,[100.00,68.12,63.02]	5(0.6938571695852692):A100,75.50,[100.00,01.37,03.85]	10(0.6663109664614371):A100,83.80,[100.00,19.03,55.53]	15(0.0719562771371267):A100,73.00,[100.00,60.62,69.47]	20(0.05424302851860611):A100,76.40,[100.00,86.50,88.44]	25(0.7134437927331364):A100,82.40,[100.00,18.03,01.19]	30(0.7074289760972219):A100,80.20,[100.00,49.80,02.50]	35(0.020915015420015472):A100,71.10,[100.00,85.53,93.89]	40(0.11936417693104817):A100,77.80,[100.00,73.44,67.22]	45(0.07511273135124012):B220,93.50,[100.00,153.54,77.39]	
0(0.11359181165222905):A100,86.70,[100.00,68.12,63.02]	5(0.6938571695852692):A100,76.00,[100.00,01.37,03.85]	10(0.6663109664614371):A100,84.30,[100.00,19.03,55.53]	15(0.0719562771371267):A100,73.50,[100.00,60.62,69.47]	20(0.05424302851860611):B220,77.50,[100.00,93.74,88.44]	25(0.7134437927331364):A100,82.90,[100.00,18.03,01.19]	30(0.7074289760972219):A100,80.70,[100.00,49.80,02.50]	35(0.020915015420015472):C000,71.10,[100.00,85.53,91.93]	40(0.11936417693104817):A100,78.30,[100.00,73.44,67.22]	45(0.07511273135124012):B000,93.50,[100.00,142.01,77.39]	
0(0.11359181165222905):A100,87.20,[100.00,68.12,63.02]	5(0.6938571695852692):A100,76.50,[100.00,01.37,03.85]	10(0.6663109664614371):A100,84.80,[100.00,19.03,55.53]	15(0.0719562771371267):C180,74.40,[100.00,60.62,77.42]	20(0.05424302851860611):B000,77.50,[100.00,88.65,88.44]	25(0.7134437927331364):A100,83.40,[100.00,18.03,01.19]	30(0.7074289760972219):A100,81.20,[100.00,49.80,02.50]	35(0.020915015420015472):B220,72.20,[100.00,88.34,91.93]	40(0.11936417693104817):A100,78.80,[100.00,73.44,67.22]	45(0.07511273135124012):B220,94.60,[100.00,147.87,77.39]	
0(0.11359181165222905):A100,87.70,[100.00,68.12,63.02]	5(0.6938571695852692):A100,77.00,[100.00,01.37,03.85]	10(0.6663109664614371):A100,85.30,[100.00,19.03,55.53]	15(0.0719562771371267):A100,74.90,[100.00,60.62,77.42]	20(0.05424302851860611):A100,78.00,[100.00,88.65,88.44]	25(0.7134437927331364):A100,83.90,[100.00,18.03,01.19]	30(0.7074289760972219):A100,81.70,[100.00,49.80,02.50]	35(0.020915015420015472):C000,72.20,[100.00,88.34,90.00]	40(0.11936417693104817):A100,79.30,[100.00,73.44,67.22]	45(0.07511273135124012):B220,95.70,[100.00,153.29,77.39]	
0(0.11359181165222905):B220,88.80,[100.00,85.37,63.02]	5(0.6938571695852692):A100,77.50,[100.00,01.37,03.85]	10(0.6663109664614371):A100,85.80,[100.00,19.03,55.53]	15(0.0719562771371267):A100,75.40,[100.00,60.62,77.42]	20(0.05424302851860611):C000,78.00,[100.00,88.65,83.65]	25(0.7134437927331364):A100,84.40,[100.00,18.03,01.19]	30(0.7074289760972219):A100,82.20,[100.00,49.80,02.50]	35(0.020915015420015472):C000,72.20,[100.00,88.34,88.12]	40(0.11936417693104817):A100,79.80,[100.00,73.44,67.22]	45(0.07511273135124012):B220,96.80,[100.00,158.30,77.39]	
0(0.11359181165222905):C180,89.70,[100.00,85.37,76.30]	5(0.6938571695852692):A100,78.00,[100.00,01.37,03.85]	10(0.6663109664614371):A100,86.30,[100.00,19.03,55.53]	15(0.0719562771371267):A100,75.90,[100.00,60.62,77.42]	20(0.05424302851860611):A100,78.50,[100.00,88.65,83.65]	25(0.7134437927331364):A100,84.90,[100.00,18.03,01.19]	30(0.7074289760972219):A100,82.70,[100.00,49.80,02.50]	35(0.020915015420015472):A100,72.70,[100.00,88.34,88.12]	40(0.11936417693104817):A100,80.30,[100.00,73.44,67.22]	45(0.07511273135124012):B000,96.80,[100.00,146.41,77.39]	
0(0.11359181165222905):C000,89.70,[100.00,85.37,67.64]	5(0.6938571695852692):A100,78.50,[100.00,01.37,03.85]	10(0.6663109664614371):C180,87.20,[100.00,19.03,138.47]	15(0.0719562771371267):A100,76.40,[100.00,60.62,77.42]	20(0.05424302851860611):A100,79.00,[100.00,88.65,83.65]	25(0.7134437927331364):A100,85.40,[100.00,18.03,01.19]	30(0.7074289760972219):A100,83.20,[100.00,49.80,02.50]	35(0.020915015420015472):C000,72.70,[100.00,88.34,86.28]	40(0.11936417693104817):A100,80.80,[100.00,73.44,67.22]	45(0.07511273135124012):B220,97.90,[100.00,151.94,77.39]	
0(0.11359181165222905):A100,90.20,[100.00,85.37,67.64]	5(0.6938571695852692):A100,79.00,[100.00,01.37,03.85]	10(0.6663109664614371):A100,87.70,[100.00,19.03,138.47]	15(0.0719562771371267):A100,76.90,[100.00,60.62,77.42]	20(0.05424302851860611):B000,79.00,[100.00,83.85,83.65]	25(0.7134437927331364):A100,85.90,[100.00,18.03,01.19]	30(0.7074289760972219):A100,83.70,[100.00,49.80,02.50]	35(0.020915015420015472):C000,72.70,[100.00,88.34,84.47]	40(0.11936417693104817):A100,81.30,[100.00,73.44,67.22]	45(0.07511273135124012):B220,99.00,[100.00,157.05,77.39]	
0(0.11359181165222905):A100,90.70,[100.00,85.37,67.64]	5(0.6938571695852692):A100,79.50,[100.00,01.37,03.85]	10(0.6663109664614371):C180,88.60,[100.00,19.03,166.14]	15(0.0719562771371267):C180,77.80,[100.00,60.62,84.80]	20(0.05424302851860611):A100,79.50,[100.00,83.85,83.65]	25(0.7134437927331364):A100,86.40,[100.00,18.03,01.19]	30(0.7074289760972219):A100,84.20,[100.00,49.80,02.50]	35(0.020915015420015472):B220,73.80,[100.00,91.09,84.47]	40(0.11936417693104817):A100,81.80,[100.00,73.44,67.22]	45(0.07511273135124012):B000,99.00,[100.00,145.25,77.39]	
0(0.11359181165222905):C180,91.60,[100.00,85.37,80.40]	5(0.6938571695852692):A100,80.00,[100.00,01.37,03.85]	10(0.6663109664614371):C000,88.60,[100.00,19.03,55.44]	15(0.0719562771371267):B000,77.80,[100.00,56.26,84.80]	20(0.05424302851860611):B000,79.50,[100.00,79.30,83.65]	25(0.7134437927331364):A100,86.90,[100.00,18.03,01.19]	30(0.7074289760972219):A100,84.70,[100.00,49.80,02.50]	35(0.020915015420015472):A100,74.30,[100.00,91.09,84.47]	40(0.11936417693104817):C000,81.80,[100.00,73.44,59.20]	45(0.07511273135124012):B000,99.00,[100.00,134.34,77.39]	
0(0.11359181165222905):B000,91.60,[100.00,75.67,80.40]	5(0.6938571695852692):A100,80.50,[100.00,01.37,03.85]	10(0.6663109664614371):B220,89.70,[100.00,152.94,55.44]	15(0.0719562771371267):A100,78.30,[100.00,56.26,84.80]	20(0.05424302851860611):A100,80.00,[100.00,79.30,83.65]	25(0.7134437927331364):A100,87.40,[100.00,18.03,01.19]	30(0.7074289760972219):A100,85.20,[100.00,49.80,02.50]	35(0.020915015420015472):B220,75.40,[100.00,93.79,84.47]	40(0.11936417693104817):C180,82.70,[100.00,73.44,73.62]	45(0.07511273135124012):B000,99.00,[100.00,124.25,77.39]	
0(0.11359181165222905):A100,92.10,[100.00,75.67,80.40]	5(0.6938571695852692):A100,81.00,[100.00,01.37,03.85]	10(0.6663109664614371):B220,90.80,[100.00,197.62,55.44]	15(0.0719562771371267):C000,78.30,[100.00,56.26,78.70]	20(0.05424302851860611):C180,80.90,[100.00,79.30,88.87]	25(0.7134437927331364):A100,87.90,[100.00,18.03,01.19]	30(0.7074289760972219):A100,85.70,[100.00,49.80,02.50]	35(0.020915015420015472):A100,75.90,[100.00,93.79,84.47]	40(0.11936417693104817):A100,83.20,[100.00,73.44,73.62]	45(0.07511273135124012):B000,99.00,[100.00,114.92,77.39]	
0(0.11359181165222905):C000,92.10,[100.00,75.67,71.27]	5(0.6938571695852692):A100,81.50,[100.00,01.37,03.85]	10(0.6663109664614371):B220,91.90,[100.00,212.53,55.44]	15(0.0719562771371267):A100,78.80,[100.00,56.26,78.70]	20(0.05424302851860611):C180,81.80,[100.00,79.30,93.81]	25(0.7134437927331364):A100,88.40,[100.00,18.03,01.19]	30(0.7074289760972219):A100,86.20,[100.00,49.80,02.50]	35(0.020915015420015472):A100,76.40,[100.00,93.79,84.47]	40(0.11936417693104817):A100,83.70,[100.00,73.44,73.62]	45(0.07511273135124012):B220,100.10,[100.00,122.81,77.39]	
0(0.11359181165222905):A100,92.60,[100.00,75.67,71.27]	5(0.6938571695852692):A100,82.00,[100.00,01.37,03.85]	10(0.6663109664614371):B000,91.90,[100.00,70.92,55.44]	15(0.0719562771371267):A100,79.30,[100.00,56.26,78.70]	20(0.05424302851860611):A100,82.30,[100.00,79.30,93.81]	25(0.7134437927331364):A100,88.90,[100.00,18.03,01.19]	30(0.7074289760972219):B000,86.20,[100.00,14.57,02.50]	35(0.020915015420015472):C180,77.30,[100.00,93.79,86.47]	40(0.11936417693104817):A100,84.20,[100.00,73.44,73.62]	45(0.07511273135124012):B000,100.10,[100.00,113.59,77.39]	
0(0.11359181165222905):B000,92.60,[100.00,67.08,71.27]	5(0.6938571695852692):A100,82.50,[100.00,01.37,03.85]	10(0.6663109664614371):A100,92.40,[100.00,70.92,55.44]	15(0.0719562771371267):A100,79.80,[100.00,56.26,78.70]	20(0.05424302851860611):B220,83.40,[100.00,86.93,93.81]	25(0.7134437927331364):A100,89.40,[100.00,18.03,01.19]	30(0.7074289760972219):A100,86.70,[100.00,14.57,02.50]	35(0.020915015420015472):C000,77.30,[100.00,93.79,84.66]	40(0.11936417693104817):A100,84.70,[100.00,73.44,73.62]	45(0.07511273135124012):A100,100.60,[100.00,113.59,77.39]	
0(0.11359181165222905):C000,92.60,[100.00,67.08,63.17]	5(0.6938571695852692):A100,83.00,[100.00,01.37,03.85]	10(0.6663109664614371):A100,92.90,[100.00,70.92,55.44]	15(0.0719562771371267):C000,79.80,[100.00,56.26,73.04]	20(0.05424302851860611):C180,84.30,[100.00,86.93,98.49]	25(0.7134437927331364):A100,89.90,[100.00,18.03,01.19]	30(0.7074289760972219):A100,87.20,[100.00,14.57,02.50]	35(0.020915015420015472):C180,78.20,[100.00,93.79,86.66]	40(0.11936417693104817):C000,84.70,[100.00,73.44,64.83]	45(0.07511273135124012):B220,101.70,[100.00,121.58,77.39]	
0(0.11359181165222905):A100,93.10,[100.00,67.08,63.17]	5(0.6938571695852692):A100,83.50,[100.00,01.37,03.85]	10(0.6663109664614371):A100,93.40,[100.00,70.92,55.44]	15(0.0719562771371267):C000,79.80,[100.00,56.26,67.78]	20(0.05424302851860611):B000,84.30,[100.00,82.21,98.49]	25(0.7134437927331364):A100,90.40,[100.00,18.03,01.19]	30(0.7074289760972219):A100,87.70,[100.00,14.57,02.50]	35(0.020915015420015472):B220,79.30,[100.00,96.43,86.66]	40(0.11936417693104817):A100,85.20,[100.00,73.44,64.83]	45(0.07511273135124012):B220,102.80,[100.00,128.97,77.39]	
0(0.11359181165222905):C180,94.00,[100.00,67.08,76.44]	5(0.6938571695852692):A100,84.00,[10