each row consists of groups of data for each agent, in form:	agentNum:choice,fitness,[expA,expB,expC]where choice has letter of choice and number for reward received
each column consists of every trial for the same agent.
this entire file is from Generation 0

0:A100,00.50,[100.00,100.00,100.00]	5:A100,00.50,[100.00,100.00,100.00]	10:C180,00.90,[100.00,100.00,140.00]	15:C000,00.00,[100.00,100.00,50.00]	20:A100,00.50,[100.00,100.00,100.00]	25:A100,00.50,[100.00,100.00,100.00]	30:A100,00.50,[100.00,100.00,100.00]	35:C000,00.00,[100.00,100.00,50.00]	40:C000,00.00,[100.00,100.00,50.00]	45:A100,00.50,[100.00,100.00,100.00]	
0:C180,01.40,[100.00,100.00,140.00]	5:B000,00.50,[100.00,50.00,100.00]	10:C180,01.80,[100.00,100.00,160.00]	15:A100,00.50,[100.00,100.00,50.00]	20:C000,00.50,[100.00,100.00,50.00]	25:C180,01.40,[100.00,100.00,140.00]	30:C000,00.50,[100.00,100.00,50.00]	35:A100,00.50,[100.00,100.00,50.00]	40:A100,00.50,[100.00,100.00,50.00]	45:C180,01.40,[100.00,100.00,140.00]	
0:C180,02.30,[100.00,100.00,160.00]	5:A100,01.00,[100.00,50.00,100.00]	10:C180,02.70,[100.00,100.00,170.00]	15:B220,01.60,[100.00,160.00,50.00]	20:A100,01.00,[100.00,100.00,50.00]	25:C000,01.40,[100.00,100.00,70.00]	30:B220,01.60,[100.00,160.00,50.00]	35:B000,00.50,[100.00,50.00,50.00]	40:B220,01.60,[100.00,160.00,50.00]	45:C180,02.30,[100.00,100.00,160.00]	
0:C180,03.20,[100.00,100.00,170.00]	5:B220,02.10,[100.00,135.00,100.00]	10:C180,03.60,[100.00,100.00,175.00]	15:A100,02.10,[100.00,160.00,50.00]	20:B220,02.10,[100.00,160.00,50.00]	25:B000,01.40,[100.00,50.00,70.00]	30:B000,01.60,[100.00,80.00,50.00]	35:A100,01.00,[100.00,50.00,50.00]	40:B220,02.70,[100.00,190.00,50.00]	45:C180,03.20,[100.00,100.00,170.00]	
0:C180,04.10,[100.00,100.00,175.00]	5:B220,03.20,[100.00,177.50,100.00]	10:C180,04.50,[100.00,100.00,177.50]	15:B220,03.20,[100.00,190.00,50.00]	20:A100,02.60,[100.00,160.00,50.00]	25:A100,01.90,[100.00,50.00,70.00]	30:A100,02.10,[100.00,80.00,50.00]	35:A100,01.50,[100.00,50.00,50.00]	40:B000,02.70,[100.00,95.00,50.00]	45:C000,03.20,[100.00,100.00,85.00]	
0:C180,05.00,[100.00,100.00,177.50]	5:B220,04.30,[100.00,198.75,100.00]	10:C180,05.40,[100.00,100.00,178.75]	15:B220,04.30,[100.00,205.00,50.00]	20:B000,02.60,[100.00,80.00,50.00]	25:A100,02.40,[100.00,50.00,70.00]	30:A100,02.60,[100.00,80.00,50.00]	35:A100,02.00,[100.00,50.00,50.00]	40:A100,03.20,[100.00,95.00,50.00]	45:B000,03.20,[100.00,50.00,85.00]	
0:C180,05.90,[100.00,100.00,178.75]	5:B220,05.40,[100.00,209.38,100.00]	10:C000,05.40,[100.00,100.00,89.38]	15:B220,05.40,[100.00,212.50,50.00]	20:A100,03.10,[100.00,80.00,50.00]	25:A100,02.90,[100.00,50.00,70.00]	30:B220,03.70,[100.00,150.00,50.00]	35:A100,02.50,[100.00,50.00,50.00]	40:A100,03.70,[100.00,95.00,50.00]	45:C180,04.10,[100.00,50.00,132.50]	
0:C000,05.90,[100.00,100.00,89.38]	5:B000,05.40,[100.00,104.69,100.00]	10:B220,06.50,[100.00,160.00,89.38]	15:B220,06.50,[100.00,216.25,50.00]	20:A100,03.60,[100.00,80.00,50.00]	25:C180,03.80,[100.00,50.00,125.00]	30:B000,03.70,[100.00,75.00,50.00]	35:A100,03.00,[100.00,50.00,50.00]	40:B220,04.80,[100.00,157.50,50.00]	45:A100,04.60,[100.00,50.00,132.50]	
0:B220,07.00,[100.00,160.00,89.38]	5:B220,06.50,[100.00,162.34,100.00]	10:B000,06.50,[100.00,80.00,89.38]	15:B000,06.50,[100.00,108.13,50.00]	20:B000,03.60,[100.00,40.00,50.00]	25:C180,04.70,[100.00,50.00,152.50]	30:A100,04.20,[100.00,75.00,50.00]	35:A100,03.50,[100.00,50.00,50.00]	40:B000,04.80,[100.00,78.75,50.00]	45:C000,04.60,[100.00,50.00,66.25]	
0:B220,08.10,[100.00,190.00,89.38]	5:B220,07.60,[100.00,191.17,100.00]	10:A100,07.00,[100.00,80.00,89.38]	15:B000,06.50,[100.00,54.06,50.00]	20:A100,04.10,[100.00,40.00,50.00]	25:C180,05.60,[100.00,50.00,166.25]	30:A100,04.70,[100.00,75.00,50.00]	35:A100,04.00,[100.00,50.00,50.00]	40:A100,05.30,[100.00,78.75,50.00]	45:A100,05.10,[100.00,50.00,66.25]	
0:B000,08.10,[100.00,95.00,89.38]	5:B220,08.70,[100.00,205.59,100.00]	10:A100,07.50,[100.00,80.00,89.38]	15:A100,07.00,[100.00,54.06,50.00]	20:B220,05.20,[100.00,130.00,50.00]	25:C000,05.60,[100.00,50.00,83.13]	30:A100,05.20,[100.00,75.00,50.00]	35:A100,04.50,[100.00,50.00,50.00]	40:A100,05.80,[100.00,78.75,50.00]	45:A100,05.60,[100.00,50.00,66.25]	
0:B000,08.10,[100.00,47.50,89.38]	5:B220,09.80,[100.00,212.79,100.00]	10:A100,08.00,[100.00,80.00,89.38]	15:A100,07.50,[100.00,54.06,50.00]	20:B220,06.30,[100.00,175.00,50.00]	25:A100,06.10,[100.00,50.00,83.13]	30:A100,05.70,[100.00,75.00,50.00]	35:A100,05.00,[100.00,50.00,50.00]	40:B000,05.80,[100.00,39.38,50.00]	45:A100,06.10,[100.00,50.00,66.25]	
0:A100,08.60,[100.00,47.50,89.38]	5:B220,10.90,[100.00,216.40,100.00]	10:A100,08.50,[100.00,80.00,89.38]	15:A100,08.00,[100.00,54.06,50.00]	20:B000,06.30,[100.00,87.50,50.00]	25:C000,06.10,[100.00,50.00,41.56]	30:A100,06.20,[100.00,75.00,50.00]	35:A100,05.50,[100.00,50.00,50.00]	40:A100,06.30,[100.00,39.38,50.00]	45:A100,06.60,[100.00,50.00,66.25]	
0:A100,09.10,[100.00,47.50,89.38]	5:B220,12.00,[100.00,218.20,100.00]	10:C180,09.40,[100.00,80.00,134.69]	15:A100,08.50,[100.00,54.06,50.00]	20:A100,06.80,[100.00,87.50,50.00]	25:A100,06.60,[100.00,50.00,41.56]	30:C180,07.10,[100.00,75.00,115.00]	35:A100,06.00,[100.00,50.00,50.00]	40:A100,06.80,[100.00,39.38,50.00]	45:A100,07.10,[100.00,50.00,66.25]	
0:C180,10.00,[100.00,47.50,134.69]	5:B220,13.10,[100.00,219.10,100.00]	10:C000,09.40,[100.00,80.00,67.34]	15:A100,09.00,[100.00,54.06,50.00]	20:A100,07.30,[100.00,87.50,50.00]	25:A100,07.10,[100.00,50.00,41.56]	30:C000,07.10,[100.00,75.00,57.50]	35:B220,07.10,[100.00,135.00,50.00]	40:A100,07.30,[100.00,39.38,50.00]	45:A100,07.60,[100.00,50.00,66.25]	
0:C180,10.90,[100.00,47.50,157.34]	5:B000,13.10,[100.00,109.55,100.00]	10:A100,09.90,[100.00,80.00,67.34]	15:A100,09.50,[100.00,54.06,50.00]	20:A100,07.80,[100.00,87.50,50.00]	25:B220,08.20,[100.00,135.00,41.56]	30:A100,07.60,[100.00,75.00,57.50]	35:B220,08.20,[100.00,177.50,50.00]	40:A100,07.80,[100.00,39.38,50.00]	45:A100,08.10,[100.00,50.00,66.25]	
0:C000,10.90,[100.00,47.50,78.67]	5:A100,13.60,[100.00,109.55,100.00]	10:A100,10.40,[100.00,80.00,67.34]	15:A100,10.00,[100.00,54.06,50.00]	20:A100,08.30,[100.00,87.50,50.00]	25:A100,08.70,[100.00,135.00,41.56]	30:A100,08.10,[100.00,75.00,57.50]	35:B220,09.30,[100.00,198.75,50.00]	40:A100,08.30,[100.00,39.38,50.00]	45:A100,08.60,[100.00,50.00,66.25]	
0:C000,10.90,[100.00,47.50,39.34]	5:B220,14.70,[100.00,164.77,100.00]	10:A100,10.90,[100.00,80.00,67.34]	15:A100,10.50,[100.00,54.06,50.00]	20:A100,08.80,[100.00,87.50,50.00]	25:B000,08.70,[100.00,67.50,41.56]	30:A100,08.60,[100.00,75.00,57.50]	35:B000,09.30,[100.00,99.38,50.00]	40:A100,08.80,[100.00,39.38,50.00]	45:A100,09.10,[100.00,50.00,66.25]	
0:B220,12.00,[100.00,133.75,39.34]	5:B220,15.80,[100.00,192.39,100.00]	10:A100,11.40,[100.00,80.00,67.34]	15:A100,11.00,[100.00,54.06,50.00]	20:A100,09.30,[100.00,87.50,50.00]	25:A100,09.20,[100.00,67.50,41.56]	30:A100,09.10,[100.00,75.00,57.50]	35:A100,09.80,[100.00,99.38,50.00]	40:A100,09.30,[100.00,39.38,50.00]	45:A100,09.60,[100.00,50.00,66.25]	
0:B220,13.10,[100.00,176.88,39.34]	5:B000,15.80,[100.00,96.19,100.00]	10:A100,11.90,[100.00,80.00,67.34]	15:A100,11.50,[100.00,54.06,50.00]	20:A100,09.80,[100.00,87.50,50.00]	25:A100,09.70,[100.00,67.50,41.56]	30:C180,10.00,[100.00,75.00,118.75]	35:C180,10.70,[100.00,99.38,115.00]	40:A100,09.80,[100.00,39.38,50.00]	45:C180,10.50,[100.00,50.00,123.13]	
0:B220,14.20,[100.00,198.44,39.34]	5:B000,15.80,[100.00,48.10,100.00]	10:A100,12.40,[100.00,80.00,67.34]	15:A100,12.00,[100.00,54.06,50.00]	20:A100,10.30,[100.00,87.50,50.00]	25:A100,10.20,[100.00,67.50,41.56]	30:C000,10.00,[100.00,75.00,59.38]	35:C180,11.60,[100.00,99.38,147.50]	40:A100,10.30,[100.00,39.38,50.00]	45:C180,11.40,[100.00,50.00,151.56]	
0:B000,14.20,[100.00,99.22,39.34]	5:A100,16.30,[100.00,48.10,100.00]	10:C000,12.40,[100.00,80.00,33.67]	15:A100,12.50,[100.00,54.06,50.00]	20:A100,10.80,[100.00,87.50,50.00]	25:A100,10.70,[100.00,67.50,41.56]	30:A100,10.50,[100.00,75.00,59.38]	35:C180,12.50,[100.00,99.38,163.75]	40:A100,10.80,[100.00,39.38,50.00]	45:C000,11.40,[100.00,50.00,75.78]	
0:B000,14.20,[100.00,49.61,39.34]	5:C180,17.20,[100.00,48.10,140.00]	10:C180,13.30,[100.00,80.00,106.84]	15:A100,13.00,[100.00,54.06,50.00]	20:A100,11.30,[100.00,87.50,50.00]	25:A100,11.20,[100.00,67.50,41.56]	30:A100,11.00,[100.00,75.00,59.38]	35:C180,13.40,[100.00,99.38,171.88]	40:A100,11.30,[100.00,39.38,50.00]	45:C180,12.30,[100.00,50.00,127.89]	
0:A100,14.70,[100.00,49.61,39.34]	5:C180,18.10,[100.00,48.10,160.00]	10:A100,13.80,[100.00,80.00,106.84]	15:A100,13.50,[100.00,54.06,50.00]	20:A100,11.80,[100.00,87.50,50.00]	25:A100,11.70,[100.00,67.50,41.56]	30:A100,11.50,[100.00,75.00,59.38]	35:C000,13.40,[100.00,99.38,85.94]	40:A100,11.80,[100.00,39.38,50.00]	45:A100,12.80,[100.00,50.00,127.89]	
0:A100,15.20,[100.00,49.61,39.34]	5:C000,18.10,[100.00,48.10,80.00]	10:A100,14.30,[100.00,80.00,106.84]	15:A100,14.00,[100.00,54.06,50.00]	20:B000,11.80,[100.00,43.75,50.00]	25:A100,12.20,[100.00,67.50,41.56]	30:A100,12.00,[100.00,75.00,59.38]	35:C000,13.40,[100.00,99.38,42.97]	40:C000,11.80,[100.00,39.38,25.00]	45:C180,13.70,[100.00,50.00,153.95]	
0:A100,15.70,[100.00,49.61,39.34]	5:A100,18.60,[100.00,48.10,80.00]	10:A100,14.80,[100.00,80.00,106.84]	15:A100,14.50,[100.00,54.06,50.00]	20:A100,12.30,[100.00,43.75,50.00]	25:B220,13.30,[100.00,143.75,41.56]	30:A100,12.50,[100.00,75.00,59.38]	35:A100,13.90,[100.00,99.38,42.97]	40:A100,12.30,[100.00,39.38,25.00]	45:C000,13.70,[100.00,50.00,76.97]	
0:A100,16.20,[100.00,49.61,39.34]	5:C000,18.60,[100.00,48.10,40.00]	10:B220,15.90,[100.00,150.00,106.84]	15:A100,15.00,[100.00,54.06,50.00]	20:A100,12.80,[100.00,43.75,50.00]	25:B220,14.40,[100.00,181.88,41.56]	30:C180,13.40,[100.00,75.00,119.69]	35:C000,13.90,[100.00,99.38,21.48]	40:C180,13.20,[100.00,39.38,102.50]	45:A100,14.20,[100.00,50.00,76.97]	
0:A100,16.70,[100.00,49.61,39.34]	5:A100,19.10,[100.00,48.10,40.00]	10:B220,17.00,[100.00,185.00,106.84]	15:A100,15.50,[100.00,54.06,50.00]	20:A100,13.30,[100.00,43.75,50.00]	25:B220,15.50,[100.00,200.94,41.56]	30:C000,13.40,[100.00,75.00,59.84]	35:A100,14.40,[100.00,99.38,21.48]	40:C180,14.10,[100.00,39.38,141.25]	45:A100,14.70,[100.00,50.00,76.97]	
0:A100,17.20,[100.00,49.61,39.34]	5:A100,19.60,[100.00,48.10,40.00]	10:B220,18.10,[100.00,202.50,106.84]	15:A100,16.00,[100.00,54.06,50.00]	20:A100,13.80,[100.00,43.75,50.00]	25:B220,16.60,[100.00,210.47,41.56]	30:A100,13.90,[100.00,75.00,59.84]	35:A100,14.90,[100.00,99.38,21.48]	40:C180,15.00,[100.00,39.38,160.63]	45:B220,15.80,[100.00,135.00,76.97]	
0:A100,17.70,[100.00,49.61,39.34]	5:A100,20.10,[100.00,48.10,40.00]	10:B000,18.10,[100.00,101.25,106.84]	15:A100,16.50,[100.00,54.06,50.00]	20:C180,14.70,[100.00,43.75,115.00]	25:B000,16.60,[100.00,105.23,41.56]	30:A100,14.40,[100.00,75.00,59.84]	35:A100,15.40,[100.00,99.38,21.48]	40:C000,15.00,[100.00,39.38,80.31]	45:B220,16.90,[100.00,177.50,76.97]	
0:A100,18.20,[100.00,49.61,39.34]	5:A100,20.60,[100.00,48.10,40.00]	10:C180,19.00,[100.00,101.25,143.42]	15:A100,17.00,[100.00,54.06,50.00]	20:C000,14.70,[100.00,43.75,57.50]	25:B000,16.60,[100.00,52.62,41.56]	30:A100,14.90,[100.00,75.00,59.84]	35:A100,15.90,[100.00,99.38,21.48]	40:A100,15.50,[100.00,39.38,80.31]	45:B220,18.00,[100.00,198.75,76.97]	
0:C180,19.10,[100.00,49.61,109.67]	5:A100,21.10,[100.00,48.10,40.00]	10:B220,20.10,[100.00,160.63,143.42]	15:B220,18.10,[100.00,137.03,50.00]	20:C000,14.70,[100.00,43.75,28.75]	25:A100,17.10,[100.00,52.62,41.56]	30:A100,15.40,[100.00,75.00,59.84]	35:A100,16.40,[100.00,99.38,21.48]	40:A100,16.00,[100.00,39.38,80.31]	45:B000,18.00,[100.00,99.38,76.97]	
0:C000,19.10,[100.00,49.61,54.83]	5:A100,21.60,[100.00,48.10,40.00]	10:B000,20.10,[100.00,80.31,143.42]	15:B000,18.10,[100.00,68.52,50.00]	20:A100,15.20,[100.00,43.75,28.75]	25:A100,17.60,[100.00,52.62,41.56]	30:C180,16.30,[100.00,75.00,119.92]	35:B220,17.50,[100.00,159.69,21.48]	40:A100,16.50,[100.00,39.38,80.31]	45:A100,18.50,[100.00,99.38,76.97]	
0:A100,19.60,[100.00,49.61,54.83]	5:A100,22.10,[100.00,48.10,40.00]	10:C180,21.00,[100.00,80.31,161.71]	15:A100,18.60,[100.00,68.52,50.00]	20:C180,16.10,[100.00,43.75,104.38]	25:A100,18.10,[100.00,52.62,41.56]	30:A100,16.80,[100.00,75.00,119.92]	35:A100,18.00,[100.00,159.69,21.48]	40:C180,17.40,[100.00,39.38,130.16]	45:B220,19.60,[100.00,159.69,76.97]	
0:A100,20.10,[100.00,49.61,54.83]	5:A100,22.60,[100.00,48.10,40.00]	10:C000,21.00,[100.00,80.31,80.85]	15:A100,19.10,[100.00,68.52,50.00]	20:C180,17.00,[100.00,43.75,142.19]	25:A100,18.60,[100.00,52.62,41.56]	30:C000,16.80,[100.00,75.00,59.96]	35:B220,19.10,[100.00,189.84,21.48]	40:A100,17.90,[100.00,39.38,130.16]	45:B000,19.60,[100.00,79.84,76.97]	
0:B220,21.20,[100.00,134.80,54.83]	5:B220,23.70,[100.00,134.05,40.00]	10:B000,21.00,[100.00,40.16,80.85]	15:A100,19.60,[100.00,68.52,50.00]	20:C180,17.90,[100.00,43.75,161.09]	25:A100,19.10,[100.00,52.62,41.56]	30:A100,17.30,[100.00,75.00,59.96]	35:B220,20.20,[100.00,204.92,21.48]	40:C180,18.80,[100.00,39.38,155.08]	45:C000,19.60,[100.00,79.84,38.49]	
0:B000,21.20,[100.00,67.40,54.83]	5:B000,23.70,[100.00,67.02,40.00]	10:A100,21.50,[100.00,40.16,80.85]	15:A100,20.10,[100.00,68.52,50.00]	20:C000,17.90,[100.00,43.75,80.55]	25:A100,19.60,[100.00,52.62,41.56]	30:B220,18.40,[100.00,147.50,59.96]	35:B220,21.30,[100.00,212.46,21.48]	40:C180,19.70,[100.00,39.38,167.54]	45:A100,20.10,[100.00,79.84,38.49]	
0:A100,21.70,[100.00,67.40,54.83]	5:A100,24.20,[100.00,67.02,40.00]	10:A100,22.00,[100.00,40.16,80.85]	15:A100,20.60,[100.00,68.52,50.00]	20:A100,18.40,[100.00,43.75,80.55]	25:A100,20.10,[100.00,52.62,41.56]	30:B220,19.50,[100.00,183.75,59.96]	35:B000,21.30,[100.00,106.23,21.48]	40:C000,19.70,[100.00,39.38,83.77]	45:A100,20.60,[100.00,79.84,38.49]	
0:A100,22.20,[100.00,67.40,54.83]	5:A100,24.70,[100.00,67.02,40.00]	10:A100,22.50,[100.00,40.16,80.85]	15:A100,21.10,[100.00,68.52,50.00]	20:A100,18.90,[100.00,43.75,80.55]	25:A100,20.60,[100.00,52.62,41.56]	30:B000,19.50,[100.00,91.88,59.96]	35:A100,21.80,[100.00,106.23,21.48]	40:C000,19.70,[100.00,39.38,41.88]	45:A100,21.10,[100.00,79.84,38.49]	
0:A100,22.70,[100.00,67.40,54.83]	5:A100,25.20,[100.00,67.02,40.00]	10:A100,23.00,[100.00,40.16,80.85]	15:A100,21.60,[100.00,68.52,50.00]	20:C180,19.80,[100.00,43.75,130.27]	25:A100,21.10,[100.00,52.62,41.56]	30:C180,20.40,[100.00,91.88,119.98]	35:B000,21.80,[100.00,53.12,21.48]	40:A100,20.20,[100.00,39.38,41.88]	45:A100,21.60,[100.00,79.84,38.49]	
0:A100,23.20,[100.00,67.40,54.83]	5:A100,25.70,[100.00,67.02,40.00]	10:A100,23.50,[100.00,40.16,80.85]	15:A100,22.10,[100.00,68.52,50.00]	20:C000,19.80,[100.00,43.75,65.14]	25:A100,21.60,[100.00,52.62,41.56]	30:A100,20.90,[100.00,91.88,119.98]	35:A100,22.30,[100.00,53.12,21.48]	40:A100,20.70,[100.00,39.38,41.88]	45:A100,22.10,[100.00,79.84,38.49]	
0:A100,23.70,[100.00,67.40,54.83]	5:A100,26.20,[100.00,67.02,40.00]	10:A100,24.00,[100.00,40.16,80.85]	15:A100,22.60,[100.00,68.52,50.00]	20:A100,20.30,[100.00,43.75,65.14]	25:A100,22.10,[100.00,52.62,41.56]	30:C000,20.90,[100.00,91.88,59.99]	35:A100,22.80,[100.00,53.12,21.48]	40:A100,21.20,[100.00,39.38,41.88]	45:A100,22.60,[100.00,79.84,38.49]	
0:B220,24.80,[100.00,143.70,54.83]	5:A100,26.70,[100.00,67.02,40.00]	10:A100,24.50,[100.00,40.16,80.85]	15:A100,23.10,[100.00,68.52,50.00]	20:A100,20.80,[100.00,43.75,65.14]	25:A100,22.60,[100.00,52.62,41.56]	30:B220,22.00,[100.00,155.94,59.99]	35:A100,23.30,[100.00,53.12,21.48]	40:A100,21.70,[100.00,39.38,41.88]	45:B000,22.60,[100.00,39.92,38.49]	
0:B220,25.90,[100.00,181.85,54.83]	5:A100,27.20,[100.00,67.02,40.00]	10:C000,24.50,[100.00,40.16,40.43]	15:A100,23.60,[100.00,68.52,50.00]	20:A100,21.30,[100.00,43.75,65.14]	25:A100,23.10,[100.00,52.62,41.56]	30:B220,23.10,[100.00,187.97,59.99]	35:B220,24.40,[100.00,136.56,21.48]	40:A100,22.20,[100.00,39.38,41.88]	45:A100,23.10,[100.00,39.92,38.49]	
0:B000,25.90,[100.00,90.93,54.83]	5:B220,28.30,[100.00,143.51,40.00]	10:A100,25.00,[100.00,40.16,40.43]	15:A100,24.10,[100.00,68.52,50.00]	20:A100,21.80,[100.00,43.75,65.14]	25:C180,24.00,[100.00,52.62,110.78]	30:B220,24.20,[100.00,203.98,59.99]	35:B000,24.40,[100.00,68.28,21.48]	40:A100,22.70,[100.00,39.38,41.88]	45:A100,23.60,[100.00,39.92,38.49]	
0:B220,27.00,[100.00,155.46,54.83]	5:B000,28.30,[100.00,71.76,40.00]	10:A100,25.50,[100.00,40.16,40.43]	15:B000,24.10,[100.00,34.26,50.00]	20:A100,22.30,[100.00,43.75,65.14]	25:C000,24.00,[100.00,52.62,55.39]	30:B220,25.30,[100.00,211.99,59.99]	35:A100,24.90,[100.00,68.28,21.48]	40:A100,23.20,[100.00,39.38,41.88]	45:A100,24.10,[100.00,39.92,38.49]	
0:B000,27.00,[100.00,77.73,54.83]	5:B220,29.40,[100.00,145.88,40.00]	10:A100,26.00,[100.00,40.16,40.43]	15:A100,24.60,[100.00,34.26,50.00]	20:A100,22.80,[100.00,43.75,65.14]	25:A100,24.50,[100.00,52.62,55.39]	30:B000,25.30,[100.00,106.00,59.99]	35:A100,25.40,[100.00,68.28,21.48]	40:A100,23.70,[100.00,39.38,41.88]	45:A100,24.60,[100.00,39.92,38.49]	
0:B220,28.10,[100.00,148.87,54.83]	5:B000,29.40,[100.00,72.94,40.00]	10:A100,26.50,[100.00,40.16,40.43]	15:A100,25.10,[100.00,34.26,50.00]	20:A100,23.30,[100.00,43.75,65.14]	25:A100,25.00,[100.00,52.62,55.39]	30:A100,25.80,[100.00,106.00,59.99]	35:A100,25.90,[100.00,68.28,21.48]	40:A100,24.20,[100.00,39.38,41.88]	45:A100,25.10,[100.00,39.92,38.49]	
0:B000,28.10,[100.00,74.43,54.83]	5:A100,29.90,[100.00,72.94,40.00]	10:A100,27.00,[100.00,40.16,40.43]	15:A100,25.60,[100.00,34.26,50.00]	20:C180,24.20,[100.00,43.75,122.57]	25:A100,25.50,[100.00,52.62,55.39]	30:A100,26.30,[100.00,106.00,59.99]	35:A100,26.40,[100.00,68.28,21.48]	40:A100,24.70,[100.00,39.38,41.88]	45:B220,26.20,[100.00,129.96,38.49]	
0:A100,28.60,[100.00,74.43,54.83]	5:B000,29.90,[100.00,36.47,40.00]	10:A100,27.50,[100.00,40.16,40.43]	15:A100,26.10,[100.00,34.26,50.00]	20:C180,25.10,[100.00,43.75,151.28]	25:A100,26.00,[100.00,52.62,55.39]	30:B220,27.40,[100.00,163.00,59.99]	35:A100,26.90,[100.00,68.28,21.48]	40:B220,25.80,[100.00,129.69,41.88]	45:B220,27.30,[100.00,174.98,38.49]	
0:A100,29.10,[100.00,74.43,54.83]	5:A100,30.40,[100.00,36.47,40.00]	10:A100,28.00,[100.00,40.16,40.43]	15:A100,26.60,[100.00,34.26,50.00]	20:C180,26.00,[100.00,43.75,165.64]	25:B000,26.00,[100.00,26.31,55.39]	30:B000,27.40,[100.00,81.50,59.99]	35:A100,27.40,[100.00,68.28,21.48]	40:B000,25.80,[100.00,64.84,41.88]	45:A100,27.80,[100.00,174.98,38.49]	
0:A100,29.60,[100.00,74.43,54.83]	5:A100,30.90,[100.00,36.47,40.00]	10:A100,28.50,[100.00,40.16,40.43]	15:A100,27.10,[100.00,34.26,50.00]	20:C000,26.00,[100.00,43.75,82.82]	25:A100,26.50,[100.00,26.31,55.39]	30:A100,27.90,[100.00,81.50,59.99]	35:A100,27.90,[100.00,68.28,21.48]	40:A100,26.30,[100.00,64.84,41.88]	45:B000,27.80,[100.00,87.49,38.49]	
0:B000,29.60,[100.00,37.22,54.83]	5:A100,31.40,[100.00,36.47,40.00]	10:A100,29.00,[100.00,40.16,40.43]	15:A100,27.60,[100.00,34.26,50.00]	20:C180,26.90,[100.00,43.75,131.41]	25:A100,27.00,[100.00,26.31,55.39]	30:A100,28.40,[100.00,81.50,59.99]	35:A100,28.40,[100.00,68.28,21.48]	40:A100,26.80,[100.00,64.84,41.88]	45:B220,28.90,[100.00,153.75,38.49]	
0:A100,30.10,[100.00,37.22,54.83]	5:A100,31.90,[100.00,36.47,40.00]	10:A100,29.50,[100.00,40.16,40.43]	15:A100,28.10,[100.00,34.26,50.00]	20:C180,27.80,[100.00,43.75,155.71]	25:A100,27.50,[100.00,26.31,55.39]	30:A100,28.90,[100.00,81.50,59.99]	35:A100,28.90,[100.00,68.28,21.48]	40:A100,27.30,[100.00,64.84,41.88]	45:B220,30.00,[100.00,186.87,38.49]	
0:A100,30.60,[100.00,37.22,54.83]	5:A100,32.40,[100.00,36.47,40.00]	10:A100,30.00,[100.00,40.16,40.43]	15:A100,28.60,[100.00,34.26,50.00]	20:C000,27.80,[100.00,43.75,77.85]	25:A100,28.00,[100.00,26.31,55.39]	30:A100,29.40,[100.00,81.50,59.99]	35:A100,29.40,[100.00,68.28,21.48]	40:B000,27.30,[100.00,32.42,41.88]	45:B000,30.00,[100.00,93.44,38.49]	
0:A100,31.10,[100.00,37.22,54.83]	5:A100,32.90,[100.00,36.47,40.00]	10:A100,30.50,[100.00,40.16,40.43]	15:A100,29.10,[100.00,34.26,50.00]	20:C000,27.80,[100.00,43.75,38.93]	25:A100,28.50,[100.00,26.31,55.39]	30:B220,30.50,[100.00,150.75,59.99]	35:B220,30.50,[100.00,144.14,21.48]	40:A100,27.80,[100.00,32.42,41.88]	45:A100,30.50,[100.00,93.44,38.49]	
0:A100,31.60,[100.00,37.22,54.83]	5:A100,33.40,[100.00,36.47,40.00]	10:A100,31.00,[100.00,40.16,40.43]	15:A100,29.60,[100.00,34.26,50.00]	20:A100,28.30,[100.00,43.75,38.93]	25:A100,29.00,[100.00,26.31,55.39]	30:B000,30.50,[100.00,75.37,59.99]	35:B000,30.50,[100.00,72.07,21.48]	40:A100,28.30,[100.00,32.42,41.88]	45:A100,31.00,[100.00,93.44,38.49]	
0:A100,32.10,[100.00,37.22,54.83]	5:A100,33.90,[100.00,36.47,40.00]	10:A100,31.50,[100.00,40.16,40.43]	15:A100,30.10,[100.00,34.26,50.00]	20:A100,28.80,[100.00,43.75,38.93]	25:A100,29.50,[100.00,26.31,55.39]	30:C180,31.40,[100.00,75.37,120.00]	35:A100,31.00,[100.00,72.07,21.48]	40:A100,28.80,[100.00,32.42,41.88]	45:A100,31.50,[100.00,93.44,38.49]	
0:A100,32.60,[100.00,37.22,54.83]	5:A100,34.40,[100.00,36.47,40.00]	10:C180,32.40,[100.00,40.16,110.21]	15:A100,30.60,[100.00,34.26,50.00]	20:A100,29.30,[100.00,43.75,38.93]	25:A100,30.00,[100.00,26.31,55.39]	30:C000,31.40,[100.00,75.37,60.00]	35:A100,31.50,[100.00,72.07,21.48]	40:A100,29.30,[100.00,32.42,41.88]	45:A100,32.00,[100.00,93.44,38.49]	
0:A100,33.10,[100.00,37.22,54.83]	5:A100,34.90,[100.00,36.47,40.00]	10:A100,32.90,[100.00,40.16,110.21]	15:A100,31.10,[100.00,34.26,50.00]	20:A100,29.80,[100.00,43.75,38.93]	25:A100,30.50,[100.00,26.31,55.39]	30:A100,31.90,[100.00,75.37,60.00]	35:A100,32.00,[100.00,72.07,21.48]	40:A100,29.80,[100.00,32.42,41.88]	45:B220,33.10,[100.00,156.72,38.49]	
0:A100,33.60,[100.00,37.22,54.83]	5:A100,35.40,[100.00,36.47,40.00]	10:C180,33.80,[100.00,40.16,145.11]	15:A100,31.60,[100.00,34.26,50.00]	20:A100,30.30,[100.00,43.75,38.93]	25:A100,31.00,[100.00,26.31,55.39]	30:A100,32.40,[100.00,75.37,60.00]	35:A100,32.50,[100.00,72.07,21.48]	40:A100,30.30,[100.00,32.42,41.88]	45:B000,33.10,[100.00,78.36,38.49]	
0:A100,34.10,[100.00,37.22,54.83]	5:A100,35.90,[100.00,36.47,40.00]	10:C180,34.70,[100.00,40.16,162.55]	15:A100,32.10,[100.00,34.26,50.00]	20:A100,30.80,[100.00,43.75,38.93]	25:A100,31.50,[100.00,26.31,55.39]	30:A100,32.90,[100.00,75.37,60.00]	35:A100,33.00,[100.00,72.07,21.48]	40:A100,30.80,[100.00,32.42,41.88]	45:B000,33.10,[100.00,39.18,38.49]	
0:C000,34.10,[100.00,37.22,27.42]	5:A100,36.40,[100.00,36.47,40.00]	10:C180,35.60,[100.00,40.16,171.28]	15:A100,32.60,[100.00,34.26,50.00]	20:B220,31.90,[100.00,131.88,38.93]	25:A100,32.00,[100.00,26.31,55.39]	30:B220,34.00,[100.00,147.69,60.00]	35:A100,33.50,[100.00,72.07,21.48]	40:A100,31.30,[100.00,32.42,41.88]	45:A100,33.60,[100.00,39.18,38.49]	
0:A100,34.60,[100.00,37.22,27.42]	5:A100,36.90,[100.00,36.47,40.00]	10:C180,36.50,[100.00,40.16,175.64]	15:A100,33.10,[100.00,34.26,50.00]	20:B000,31.90,[100.00,65.94,38.93]	25:A100,32.50,[100.00,26.31,55.39]	30:B000,34.00,[100.00,73.84,60.00]	35:A100,34.00,[100.00,72.07,21.48]	40:A100,31.80,[100.00,32.42,41.88]	45:B220,34.70,[100.00,129.59,38.49]	
0:A100,35.10,[100.00,37.22,27.42]	5:A100,37.40,[100.00,36.47,40.00]	10:C180,37.40,[100.00,40.16,177.82]	15:A100,33.60,[100.00,34.26,50.00]	20:A100,32.40,[100.00,65.94,38.93]	25:C000,32.50,[100.00,26.31,27.70]	30:B220,35.10,[100.00,146.92,60.00]	35:A100,34.50,[100.00,72.07,21.48]	40:A100,32.30,[100.00,32.42,41.88]	45:B000,34.70,[100.00,64.79,38.49]	
0:A100,35.60,[100.00,37.22,27.42]	5:A100,37.90,[100.00,36.47,40.00]	10:C180,38.30,[100.00,40.16,178.91]	15:A100,34.10,[100.00,34.26,50.00]	20:A100,32.90,[100.00,65.94,38.93]	25:A100,33.00,[100.00,26.31,27.70]	30:B000,35.10,[100.00,73.46,60.00]	35:B000,34.50,[100.00,36.03,21.48]	40:A100,32.80,[100.00,32.42,41.88]	45:A100,35.20,[100.00,64.79,38.49]	
0:A100,36.10,[100.00,37.22,27.42]	5:A100,38.40,[100.00,36.47,40.00]	10:C000,38.30,[100.00,40.16,89.45]	15:A100,34.60,[100.00,34.26,50.00]	20:A100,33.40,[100.00,65.94,38.93]	25:A100,33.50,[100.00,26.31,27.70]	30:A100,35.60,[100.00,73.46,60.00]	35:A100,35.00,[100.00,36.03,21.48]	40:A100,33.30,[100.00,32.42,41.88]	45:A100,35.70,[100.00,64.79,38.49]	
0:A100,36.60,[100.00,37.22,27.42]	5:A100,38.90,[100.00,36.47,40.00]	10:A100,38.80,[100.00,40.16,89.45]	15:A100,35.10,[100.00,34.26,50.00]	20:A100,33.90,[100.00,65.94,38.93]	25:A100,34.00,[100.00,26.31,27.70]	30:A100,36.10,[100.00,73.46,60.00]	35:B220,36.10,[100.00,128.02,21.48]	40:A100,33.80,[100.00,32.42,41.88]	45:A100,36.20,[100.00,64.79,38.49]	
0:A100,37.10,[100.00,37.22,27.42]	5:A100,39.40,[100.00,36.47,40.00]	10:A100,39.30,[100.00,40.16,89.45]	15:A100,35.60,[100.00,34.26,50.00]	20:A100,34.40,[100.00,65.94,38.93]	25:A100,34.50,[100.00,26.31,27.70]	30:B000,36.10,[100.00,36.73,60.00]	35:B000,36.10,[100.00,64.01,21.48]	40:A100,34.30,[100.00,32.42,41.88]	45:B000,36.20,[100.00,32.40,38.49]	
0:A100,37.60,[100.00,37.22,27.42]	5:C180,40.30,[100.00,36.47,110.00]	10:A100,39.80,[100.00,40.16,89.45]	15:A100,36.10,[100.00,34.26,50.00]	20:A100,34.90,[100.00,65.94,38.93]	25:A100,35.00,[100.00,26.31,27.70]	30:A100,36.60,[100.00,36.73,60.00]	35:A100,36.60,[100.00,64.01,21.48]	40:A100,34.80,[100.00,32.42,41.88]	45:C000,36.20,[100.00,32.40,19.24]	
0:A100,38.10,[100.00,37.22,27.42]	5:C180,41.20,[100.00,36.47,145.00]	10:C180,40.70,[100.00,40.16,134.73]	15:A100,36.60,[100.00,34.26,50.00]	20:A100,35.40,[100.00,65.94,38.93]	25:A100,35.50,[100.00,26.31,27.70]	30:A100,37.10,[100.00,36.73,60.00]	35:A100,37.10,[100.00,64.01,21.48]	40:A100,35.30,[100.00,32.42,41.88]	45:A100,36.70,[100.00,32.40,19.24]	
0:A100,38.60,[100.00,37.22,27.42]	5:A100,41.70,[100.00,36.47,145.00]	10:B220,41.80,[100.00,130.08,134.73]	15:A100,37.10,[100.00,34.26,50.00]	20:A100,35.90,[100.00,65.94,38.93]	25:A100,36.00,[100.00,26.31,27.70]	30:A100,37.60,[100.00,36.73,60.00]	35:A100,37.60,[100.00,64.01,21.48]	40:A100,35.80,[100.00,32.42,41.88]	45:A100,37.20,[100.00,32.40,19.24]	
0:A100,39.10,[100.00,37.22,27.42]	5:C180,42.60,[100.00,36.47,162.50]	10:C000,41.80,[100.00,130.08,67.36]	15:C000,37.10,[100.00,34.26,25.00]	20:A100,36.40,[100.00,65.94,38.93]	25:A100,36.50,[100.00,26.31,27.70]	30:C180,38.50,[100.00,36.73,120.00]	35:A100,38.10,[100.00,64.01,21.48]	40:A100,36.30,[100.00,32.42,41.88]	45:A100,37.70,[100.00,32.40,19.24]	
0:A100,39.60,[100.00,37.22,27.42]	5:C000,42.60,[100.00,36.47,81.25]	10:B220,42.90,[100.00,175.04,67.36]	15:A100,37.60,[100.00,34.26,25.00]	20:A100,36.90,[100.00,65.94,38.93]	25:A100,37.00,[100.00,26.31,27.70]	30:C000,38.50,[100.00,36.73,60.00]	35:B220,39.20,[100.00,142.00,21.48]	40:A100,36.80,[100.00,32.42,41.88]	45:A100,38.20,[100.00,32.40,19.24]	
0:A100,40.10,[100.00,37.22,27.42]	5:A100,43.10,[100.00,36.47,81.25]	10:B220,44.00,[100.00,197.52,67.36]	15:A100,38.10,[100.00,34.26,25.00]	20:A100,37.40,[100.00,65.94,38.93]	25:A100,37.50,[100.00,26.31,27.70]	30:A100,39.00,[100.00,36.73,60.00]	35:B000,39.20,[100.00,71.00,21.48]	40:A100,37.30,[100.00,32.42,41.88]	45:A100,38.70,[100.00,32.40,19.24]	
0:A100,40.60,[100.00,37.22,27.42]	5:A100,43.60,[100.00,36.47,81.25]	10:B220,45.10,[100.00,208.76,67.36]	15:A100,38.60,[100.00,34.26,25.00]	20:A100,37.90,[100.00,65.94,38.93]	25:A100,38.00,[100.00,26.31,27.70]	30:A100,39.50,[100.00,36.73,60.00]	35:A100,39.70,[100.00,71.00,21.48]	40:A100,37.80,[100.00,32.42,41.88]	45:A100,39.20,[100.00,32.40,19.24]	
0:A100,41.10,[100.00,37.22,27.42]	5:C180,44.50,[100.00,36.47,130.63]	10:B220,46.20,[100.00,214.38,67.36]	15:A100,39.10,[100.00,34.26,25.00]	20:A100,38.40,[100.00,65.94,38.93]	25:A100,38.50,[100.00,26.31,27.70]	30:C000,39.50,[100.00,36.73,30.00]	35:A100,40.20,[100.00,71.00,21.48]	40:A100,38.30,[100.00,32.42,41.88]	45:A100,39.70,[100.00,32.40,19.24]	
0:A100,41.60,[100.00,37.22,27.42]	5:C180,45.40,[100.00,36.47,155.31]	10:B220,47.30,[100.00,217.19,67.36]	15:A100,39.60,[100.00,34.26,25.00]	20:A100,38.90,[100.00,65.94,38.93]	25:A100,39.00,[100.00,26.31,27.70]	30:A100,40.00,[100.00,36.73,30.00]	35:B220,41.30,[100.00,145.50,21.48]	40:A100,38.80,[100.00,32.42,41.88]	45:A100,40.20,[100.00,32.40,19.24]	
0:A100,42.10,[100.00,37.22,27.42]	5:A100,45.90,[100.00,36.47,155.31]	10:B220,48.40,[100.00,218.59,67.36]	15:A100,40.10,[100.00,34.26,25.00]	20:A100,39.40,[100.00,65.94,38.93]	25:A100,39.50,[100.00,26.31,27.70]	30:A100,40.50,[100.00,36.73,30.00]	35:B220,42.40,[100.00,182.75,21.48]	40:A100,39.30,[100.00,32.42,41.88]	45:A100,40.70,[100.00,32.40,19.24]	
0:A100,42.60,[100.00,37.22,27.42]	5:C180,46.80,[100.00,36.47,167.66]	10:B000,48.40,[100.00,109.30,67.36]	15:A100,40.60,[100.00,34.26,25.00]	20:A100,39.90,[100.00,65.94,38.93]	25:A100,40.00,[100.00,26.31,27.70]	30:A100,41.00,[100.00,36.73,30.00]	35:B000,42.40,[100.00,91.38,21.48]	40:B220,40.40,[100.00,126.21,41.88]	45:A100,41.20,[100.00,32.40,19.24]	
0:A100,43.10,[100.00,37.22,27.42]	5:C180,47.70,[100.00,36.47,173.83]	10:A100,48.90,[100.00,109.30,67.36]	15:A100,41.10,[100.00,34.26,25.00]	20:A100,40.40,[100.00,65.94,38.93]	25:A100,40.50,[100.00,26.31,27.70]	30:A100,41.50,[100.00,36.73,30.00]	35:A100,42.90,[100.00,91.38,21.48]	40:B220,41.50,[100.00,173.11,41.88]	45:A100,41.70,[100.00,32.40,19.24]	
0:A100,43.60,[100.00,37.22,27.42]	5:C000,47.70,[100.00,36.47,86.91]	10:A100,49.40,[100.00,109.30,67.36]	15:A100,41.60,[100.00,34.26,25.00]	20:A100,40.90,[100.00,65.94,38.93]	25:A100,41.00,[100.00,26.31,27.70]	30:A100,42.00,[100.00,36.73,30.00]	35:A100,43.40,[100.00,91.38,21.48]	40:B000,41.50,[100.00,86.55,41.88]	45:A100,42.20,[100.00,32.40,19.24]	
0:A100,44.10,[100.00,37.22,27.42]	5:A100,48.20,[100.00,36.47,86.91]	10:A100,49.90,[100.00,109.30,67.36]	15:B000,41.60,[100.00,17.13,25.00]	20:A100,41.40,[100.00,65.94,38.93]	25:A100,41.50,[100.00,26.31,27.70]	30:A100,42.50,[100.00,36.73,30.00]	35:B220,44.50,[100.00,155.69,21.48]	40:B220,42.60,[100.00,153.28,41.88]	45:B000,42.20,[100.00,16.20,19.24]	
0:A100,44.60,[100.00,37.22,27.42]	5:A100,48.70,[100.00,36.47,86.91]	10:B220,51.00,[100.00,164.65,67.36]	15:A100,42.10,[100.00,17.13,25.00]	20:B000,41.40,[100.00,32.97,38.93]	25:A100,42.00,[100.00,26.31,27.70]	30:A100,43.00,[100.00,36.73,30.00]	35:B220,45.60,[100.00,187.84,21.48]	40:B220,43.70,[100.00,186.64,41.88]	45:A100,42.70,[100.00,16.20,19.24]	
0:A100,45.10,[100.00,37.22,27.42]	5:A100,49.20,[100.00,36.47,86.91]	10:B220,52.10,[100.00,192.32,67.36]	15:A100,42.60,[100.00,17.13,25.00]	20:A100,41.90,[100.00,32.97,38.93]	25:A100,42.50,[100.00,26.31,27.70]	30:A100,43.50,[100.00,36.73,30.00]	35:B000,45.60,[100.00,93.92,21.48]	40:B220,44.80,[100.00,203.32,41.88]	45:A100,43.20,[100.00,16.20,19.24]	
0:A100,45.60,[100.00,37.22,27.42]	5:A100,49.70,[100.00,36.47,86.91]	10:B000,52.10,[100.00,96.16,67.36]	15:A100,43.10,[100.00,17.13,25.00]	20:A100,42.40,[100.00,32.97,38.93]	25:A100,43.00,[100.00,26.31,27.70]	30:A100,44.00,[100.00,36.73,30.00]	35:B000,45.60,[100.00,46.96,21.48]	40:B220,45.90,[100.00,211.66,41.88]	45:A100,43.70,[100.00,16.20,19.24]	
0:A100,46.10,[100.00,37.22,27.42]	5:A100,50.20,[100.00,36.47,86.91]	10:A100,52.60,[100.00,96.16,67.36]	15:A100,43.60,[100.00,17.13,25.00]	20:A100,42.90,[100.00,32.97,38.93]	25:A100,43.50,[100.00,26.31,27.70]	30:A100,44.50,[100.00,36.73,30.00]	35:A100,46.10,[100.00,46.96,21.48]	40:B220,47.00,[100.00,215.83,41.88]	45:A100,44.20,[100.00,16.20,19.24]	
0:A100,46.60,[100.00,37.22,27.42]	5:A100,50.70,[100.00,36.47,86.91]	10:A100,53.10,[100.00,96.16,67.36]	15:A100,44.10,[100.00,17.13,25.00]	20:B220,44.00,[100.00,126.48,38.93]	25:A100,44.00,[100.00,26.31,27.70]	30:A100,45.00,[100.00,36.73,30.00]	35:A100,46.60,[100.00,46.96,21.48]	40:B000,47.00,[100.00,107.91,41.88]	45:A100,44.70,[100.00,16.20,19.24]	
0:A100,47.10,[100.00,37.22,27.42]	5:A100,51.20,[100.00,36.47,86.91]	10:B220,54.20,[100.00,158.08,67.36]	15:A100,44.60,[100.00,17.13,25.00]	20:B220,45.10,[100.00,173.24,38.93]	25:A100,44.50,[100.00,26.31,27.70]	30:A100,45.50,[100.00,36.73,30.00]	35:A100,47.10,[100.00,46.96,21.48]	40:B000,47.00,[100.00,53.96,41.88]	45:A100,45.20,[100.00,16.20,19.24]	
0:B000,47.10,[100.00,18.61,27.42]	5:C180,52.10,[100.00,36.47,133.46]	10:B220,55.30,[100.00,189.04,67.36]	15:A100,45.10,[100.00,17.13,25.00]	20:B220,46.20,[100.00,196.62,38.93]	25:A100,45.00,[100.00,26.31,27.70]	30:A100,46.00,[100.00,36.73,30.00]	35:A100,47.60,[100.00,46.96,21.48]	40:A100,47.50,[100.00,53.96,41.88]	45:A100,45.70,[100.00,16.20,19.24]	
0:A100,47.60,[100.00,18.61,27.42]	5:C000,52.10,[100.00,36.47,66.73]	10:B220,56.40,[100.00,204.52,67.36]	15:A100,45.60,[100.00,17.13,25.00]	20:B000,46.20,[100.00,98.31,38.93]	25:C180,45.90,[100.00,26.31,103.85]	30:A100,46.50,[100.00,36.73,30.00]	35:A100,48.10,[100.00,46.96,21.48]	40:A100,48.00,[100.00,53.96,41.88]	45:A100,46.20,[100.00,16.20,19.24]	
0:A100,48.10,[100.00,18.61,27.42]	5:A100,52.60,[100.00,36.47,66.73]	10:B220,57.50,[100.00,212.26,67.36]	15:A100,46.10,[100.00,17.13,25.00]	20:B220,47.30,[100.00,159.16,38.93]	25:C180,46.80,[100.00,26.31,141.92]	30:A100,47.00,[100.00,36.73,30.00]	35:A100,48.60,[100.00,46.96,21.48]	40:A100,48.50,[100.00,53.96,41.88]	45:A100,46.70,[100.00,16.20,19.24]	
0:A100,48.60,[100.00,18.61,27.42]	5:C000,52.60,[100.00,36.47,33.36]	10:B000,57.50,[100.00,106.13,67.36]	15:A100,46.60,[100.00,17.13,25.00]	20:B220,48.40,[100.00,189.58,38.93]	25:A100,47.30,[100.00,26.31,141.92]	30:A100,47.50,[100.00,36.73,30.00]	35:C180,49.50,[100.00,46.96,100.74]	40:A100,49.00,[100.00,53.96,41.88]	45:A100,47.20,[100.00,16.20,19.24]	
0:A100,49.10,[100.00,18.61,27.42]	5:A100,53.10,[100.00,36.47,33.36]	10:B220,58.60,[100.00,163.07,67.36]	15:A100,47.10,[100.00,17.13,25.00]	20:B000,48.40,[100.00,94.79,38.93]	25:A100,47.80,[100.00,26.31,141.92]	30:A100,48.00,[100.00,36.73,30.00]	35:C000,49.50,[100.00,46.96,50.37]	40:A100,49.50,[100.00,53.96,41.88]	45:A100,47.70,[100.00,16.20,19.24]	
0:A100,49.60,[100.00,18.61,27.42]	5:A100,53.60,[100.00,36.47,33.36]	10:B000,58.60,[100.00,81.53,67.36]	15:A100,47.60,[100.00,17.13,25.00]	20:A100,48.90,[100.00,94.79,38.93]	25:C000,47.80,[100.00,26.31,70.96]	30:A100,48.50,[100.00,36.73,30.00]	35:A100,50.00,[100.00,46.96,50.37]	40:A100,50.00,[100.00,53.96,41.88]	45:A100,48.20,[100.00,16.20,19.24]	
0:A100,50.10,[100.00,18.61,27.42]	5:A100,54.10,[100.00,36.47,33.36]	10:A100,59.10,[100.00,81.53,67.36]	15:A100,48.10,[100.00,17.13,25.00]	20:A100,49.40,[100.00,94.79,38.93]	25:A100,48.30,[100.00,26.31,70.96]	30:A100,49.00,[100.00,36.73,30.00]	35:B000,50.00,[100.00,23.48,50.37]	40:B220,51.10,[100.00,136.98,41.88]	45:A100,48.70,[100.00,16.20,19.24]	
0:A100,50.60,[100.00,18.61,27.42]	5:A100,54.60,[100.00,36.47,33.36]	10:A100,59.60,[100.00,81.53,67.36]	15:A100,48.60,[100.00,17.13,25.00]	20:B000,49.40,[100.00,47.39,38.93]	25:A100,48.80,[100.00,26.31,70.96]	30:A100,49.50,[100.00,36.73,30.00]	35:C000,50.00,[100.00,23.48,25.19]	40:B000,51.10,[100.00,68.49,41.88]	45:A100,49.20,[100.00,16.20,19.24]	
0:A100,51.10,[100.00,18.61,27.42]	5:A100,55.10,[100.00,36.47,33.36]	10:A100,60.10,[100.00,81.53,67.36]	15:A100,49.10,[100.00,17.13,25.00]	20:A100,49.90,[100.00,47.39,38.93]	25:A100,49.30,[100.00,26.31,70.96]	30:A100,50.00,[100.00,36.73,30.00]	35:A100,50.50,[100.00,23.48,25.19]	40:A100,51.60,[100.00,68.49,41.88]	45:A100,49.70,[100.00,16.20,19.24]	
0:A100,51.60,[100.00,18.61,27.42]	5:A100,55.60,[100.00,36.47,33.36]	10:C000,60.10,[100.00,81.53,33.68]	15:A100,49.60,[100.00,17.13,25.00]	20:A100,50.40,[100.00,47.39,38.93]	25:A100,49.80,[100.00,26.31,70.96]	30:A100,50.50,[100.00,36.73,30.00]	35:A100,51.00,[100.00,23.48,25.19]	40:A100,52.10,[100.00,68.49,41.88]	45:A100,50.20,[100.00,16.20,19.24]	
0:C180,52.50,[100.00,18.61,103.71]	5:A100,56.10,[100.00,36.47,33.36]	10:B220,61.20,[100.00,150.77,33.68]	15:B220,50.70,[100.00,118.56,25.00]	20:A100,50.90,[100.00,47.39,38.93]	25:A100,50.30,[100.00,26.31,70.96]	30:A100,51.00,[100.00,36.73,30.00]	35:A100,51.50,[100.00,23.48,25.19]	40:A100,52.60,[100.00,68.49,41.88]	45:A100,50.70,[100.00,16.20,19.24]	
0:A100,53.00,[100.00,18.61,103.71]	5:A100,56.60,[100.00,36.47,33.36]	10:B220,62.30,[100.00,185.38,33.68]	15:B000,50.70,[100.00,59.28,25.00]	20:A100,51.40,[100.00,47.39,38.93]	25:A100,50.80,[100.00,26.31,70.96]	30:A100,51.50,[100.00,36.73,30.00]	35:A100,52.00,[100.00,23.48,25.19]	40:A100,53.10,[100.00,68.49,41.88]	45:A100,51.20,[100.00,16.20,19.24]	
0:C180,53.90,[100.00,18.61,141.85]	5:A100,57.10,[100.00,36.47,33.36]	10:B000,62.30,[100.00,92.69,33.68]	15:A100,51.20,[100.00,59.28,25.00]	20:A100,51.90,[100.00,47.39,38.93]	25:C180,51.70,[100.00,26.31,125.48]	30:A100,52.00,[100.00,36.73,30.00]	35:A100,52.50,[100.00,23.48,25.19]	40:A100,53.60,[100.00,68.49,41.88]	45:A100,51.70,[100.00,16.20,19.24]	
0:C180,54.80,[100.00,18.61,160.93]	5:A100,57.60,[100.00,36.47,33.36]	10:A100,62.80,[100.00,92.69,33.68]	15:A100,51.70,[100.00,59.28,25.00]	20:A100,52.40,[100.00,47.39,38.93]	25:C180,52.60,[100.00,26.31,152.74]	30:A100,52.50,[100.00,36.73,30.00]	35:B220,53.60,[100.00,121.74,25.19]	40:B000,53.60,[100.00,34.24,41.88]	45:A100,52.20,[100.00,16.20,19.24]	
0:C180,55.70,[100.00,18.61,170.46]	5:A100,58.10,[100.00,36.47,33.36]	10:A100,63.30,[100.00,92.69,33.68]	15:A100,52.20,[100.00,59.28,25.00]	20:A100,52.90,[100.00,47.39,38.93]	25:C000,52.60,[100.00,26.31,76.37]	30:A100,53.00,[100.00,36.73,30.00]	35:B000,53.60,[100.00,60.87,25.19]	40:A100,54.10,[100.00,34.24,41.88]	45:A100,52.70,[100.00,16.20,19.24]	
0:C000,55.70,[100.00,18.61,85.23]	5:A100,58.60,[100.00,36.47,33.36]	10:A100,63.80,[100.00,92.69,33.68]	15:B220,53.30,[100.00,139.64,25.00]	20:A100,53.40,[100.00,47.39,38.93]	25:A100,53.10,[100.00,26.31,76.37]	30:B220,54.10,[100.00,128.37,30.00]	35:A100,54.10,[100.00,60.87,25.19]	40:A100,54.60,[100.00,34.24,41.88]	45:A100,53.20,[100.00,16.20,19.24]	
0:A100,56.20,[100.00,18.61,85.23]	5:A100,59.10,[100.00,36.47,33.36]	10:B000,63.80,[100.00,46.35,33.68]	15:A100,53.80,[100.00,139.64,25.00]	20:A100,53.90,[100.00,47.39,38.93]	25:A100,53.60,[100.00,26.31,76.37]	30:B220,55.20,[100.00,174.18,30.00]	35:A100,54.60,[100.00,60.87,25.19]	40:A100,55.10,[100.00,34.24,41.88]	45:A100,53.70,[100.00,16.20,19.24]	
0:A100,56.70,[100.00,18.61,85.23]	5:A100,59.60,[100.00,36.47,33.36]	10:A100,64.30,[100.00,46.35,33.68]	15:A100,54.30,[100.00,139.64,25.00]	20:A100,54.40,[100.00,47.39,38.93]	25:C000,53.60,[100.00,26.31,38.19]	30:B220,56.30,[100.00,197.09,30.00]	35:A100,55.10,[100.00,60.87,25.19]	40:A100,55.60,[100.00,34.24,41.88]	45:A100,54.20,[100.00,16.20,19.24]	
0:A100,57.20,[100.00,18.61,85.23]	5:A100,60.10,[100.00,36.47,33.36]	10:A100,64.80,[100.00,46.35,33.68]	15:B220,55.40,[100.00,179.82,25.00]	20:A100,54.90,[100.00,47.39,38.93]	25:A100,54.10,[100.00,26.31,38.19]	30:B000,56.30,[100.00,98.55,30.00]	35:A100,55.60,[100.00,60.87,25.19]	40:A100,56.10,[100.00,34.24,41.88]	45:A100,54.70,[100.00,16.20,19.24]	
0:C180,58.10,[100.00,18.61,132.62]	5:A100,60.60,[100.00,36.47,33.36]	10:A100,65.30,[100.00,46.35,33.68]	15:B000,55.40,[100.00,89.91,25.00]	20:A100,55.40,[100.00,47.39,38.93]	25:A100,54.60,[100.00,26.31,38.19]	30:A100,56.80,[100.00,98.55,30.00]	35:A100,56.10,[100.00,60.87,25.19]	40:A100,56.60,[100.00,34.24,41.88]	45:A100,55.20,[100.00,16.20,19.24]	
0:C180,59.00,[100.00,18.61,156.31]	5:A100,61.10,[100.00,36.47,33.36]	10:A100,65.80,[100.00,46.35,33.68]	15:B000,55.40,[100.00,44.96,25.00]	20:A100,55.90,[100.00,47.39,38.93]	25:A100,55.10,[100.00,26.31,38.19]	30:A100,57.30,[100.00,98.55,30.00]	35:A100,56.60,[100.00,60.87,25.19]	40:A100,57.10,[100.00,34.24,41.88]	45:A100,55.70,[100.00,16.20,19.24]	
0:C000,59.00,[100.00,18.61,78.15]	5:C180,62.00,[100.00,36.47,106.68]	10:A100,66.30,[100.00,46.35,33.68]	15:A100,55.90,[100.00,44.96,25.00]	20:A100,56.40,[100.00,47.39,38.93]	25:A100,55.60,[100.00,26.31,38.19]	30:A100,57.80,[100.00,98.55,30.00]	35:A100,57.10,[100.00,60.87,25.19]	40:A100,57.60,[100.00,34.24,41.88]	45:A100,56.20,[100.00,16.20,19.24]	
0:C000,59.00,[100.00,18.61,39.08]	5:A100,62.50,[100.00,36.47,106.68]	10:C180,67.20,[100.00,46.35,106.84]	15:A100,56.40,[100.00,44.96,25.00]	20:A100,56.90,[100.00,47.39,38.93]	25:A100,56.10,[100.00,26.31,38.19]	30:B000,57.80,[100.00,49.27,30.00]	35:A100,57.60,[100.00,60.87,25.19]	40:A100,58.10,[100.00,34.24,41.88]	45:A100,56.70,[100.00,16.20,19.24]	
0:A100,59.50,[100.00,18.61,39.08]	5:C180,63.40,[100.00,36.47,143.34]	10:A100,67.70,[100.00,46.35,106.84]	15:A100,56.90,[100.00,44.96,25.00]	20:A100,57.40,[100.00,47.39,38.93]	25:A100,56.60,[100.00,26.31,38.19]	30:A100,58.30,[100.00,49.27,30.00]	35:A100,58.10,[100.00,60.87,25.19]	40:A100,58.60,[100.00,34.24,41.88]	45:A100,57.20,[100.00,16.20,19.24]	
0:A100,60.00,[100.00,18.61,39.08]	5:C180,64.30,[100.00,36.47,161.67]	10:C000,67.70,[100.00,46.35,53.42]	15:A100,57.40,[100.00,44.96,25.00]	20:A100,57.90,[100.00,47.39,38.93]	25:C180,57.50,[100.00,26.31,109.09]	30:A100,58.80,[100.00,49.27,30.00]	35:A100,58.60,[100.00,60.87,25.19]	40:A100,59.10,[100.00,34.24,41.88]	45:A100,57.70,[100.00,16.20,19.24]	
0:C180,60.90,[100.00,18.61,109.54]	5:C180,65.20,[100.00,36.47,170.84]	10:C180,68.60,[100.00,46.35,116.71]	15:A100,57.90,[100.00,44.96,25.00]	20:A100,58.40,[100.00,47.39,38.93]	25:C180,58.40,[100.00,26.31,144.55]	30:A100,59.30,[100.00,49.27,30.00]	35:B220,59.70,[100.00,140.44,25.19]	40:A100,59.60,[100.00,34.24,41.88]	45:A100,58.20,[100.00,16.20,19.24]	
0:C180,61.80,[100.00,18.61,144.77]	5:C180,66.10,[100.00,36.47,175.42]	10:C000,68.60,[100.00,46.35,58.36]	15:A100,58.40,[100.00,44.96,25.00]	20:A100,58.90,[100.00,47.39,38.93]	25:C180,59.30,[100.00,26.31,162.27]	30:A100,59.80,[100.00,49.27,30.00]	35:B000,59.70,[100.00,70.22,25.19]	40:A100,60.10,[100.00,34.24,41.88]	45:A100,58.70,[100.00,16.20,19.24]	
0:C000,61.80,[100.00,18.61,72.38]	5:C000,66.10,[100.00,36.47,87.71]	10:A100,69.10,[100.00,46.35,58.36]	15:A100,58.90,[100.00,44.96,25.00]	20:A100,59.40,[100.00,47.39,38.93]	25:C180,60.20,[100.00,26.31,171.14]	30:A100,60.30,[100.00,49.27,30.00]	35:A100,60.20,[100.00,70.22,25.19]	40:A100,60.60,[100.00,34.24,41.88]	45:A100,59.20,[100.00,16.20,19.24]	
0:A100,62.30,[100.00,18.61,72.38]	5:A100,66.60,[100.00,36.47,87.71]	10:A100,69.60,[100.00,46.35,58.36]	15:A100,59.40,[100.00,44.96,25.00]	20:B220,60.50,[100.00,133.70,38.93]	25:C000,60.20,[100.00,26.31,85.57]	30:A100,60.80,[100.00,49.27,30.00]	35:A100,60.70,[100.00,70.22,25.19]	40:A100,61.10,[100.00,34.24,41.88]	45:A100,59.70,[100.00,16.20,19.24]	
0:A100,62.80,[100.00,18.61,72.38]	5:A100,67.10,[100.00,36.47,87.71]	10:B000,69.60,[100.00,23.17,58.36]	15:A100,59.90,[100.00,44.96,25.00]	20:B000,60.50,[100.00,66.85,38.93]	25:A100,60.70,[100.00,26.31,85.57]	30:A100,61.30,[100.00,49.27,30.00]	35:A100,61.20,[100.00,70.22,25.19]	40:A100,61.60,[100.00,34.24,41.88]	45:A100,60.20,[100.00,16.20,19.24]	
0:A100,63.30,[100.00,18.61,72.38]	5:C180,68.00,[100.00,36.47,133.85]	10:A100,70.10,[100.00,23.17,58.36]	15:C180,60.80,[100.00,44.96,102.50]	20:A100,61.00,[100.00,66.85,38.93]	25:A100,61.20,[100.00,26.31,85.57]	30:A100,61.80,[100.00,49.27,30.00]	35:A100,61.70,[100.00,70.22,25.19]	40:A100,62.10,[100.00,34.24,41.88]	45:A100,60.70,[100.00,16.20,19.24]	
0:A100,63.80,[100.00,18.61,72.38]	5:C180,68.90,[100.00,36.47,156.93]	10:A100,70.60,[100.00,23.17,58.36]	15:A100,61.30,[100.00,44.96,102.50]	20:A100,61.50,[100.00,66.85,38.93]	25:A100,61.70,[100.00,26.31,85.57]	30:A100,62.30,[100.00,49.27,30.00]	35:A100,62.20,[100.00,70.22,25.19]	40:A100,62.60,[100.00,34.24,41.88]	45:A100,61.20,[100.00,16.20,19.24]	
0:C000,63.80,[100.00,18.61,36.19]	5:C000,68.90,[100.00,36.47,78.46]	10:A100,71.10,[100.00,23.17,58.36]	15:C000,61.30,[100.00,44.96,51.25]	20:A100,62.00,[100.00,66.85,38.93]	25:A100,62.20,[100.00,26.31,85.57]	30:A100,62.80,[100.00,49.27,30.00]	35:A100,62.70,[100.00,70.22,25.19]	40:A100,63.10,[100.00,34.24,41.88]	45:A100,61.70,[100.00,16.20,19.24]	
0:A100,64.30,[100.00,18.61,36.19]	5:C180,69.80,[100.00,36.47,129.23]	10:A100,71.60,[100.00,23.17,58.36]	15:A100,61.80,[100.00,44.96,51.25]	20:A100,62.50,[100.00,66.85,38.93]	25:A100,62.70,[100.00,26.31,85.57]	30:A100,63.30,[100.00,49.27,30.00]	35:A100,63.20,[100.00,70.22,25.19]	40:A100,63.60,[100.00,34.24,41.88]	45:A100,62.20,[100.00,16.20,19.24]	
0:A100,64.80,[100.00,18.61,36.19]	5:A100,70.30,[100.00,36.47,129.23]	10:C000,71.60,[100.00,23.17,29.18]	15:A100,62.30,[100.00,44.96,51.25]	20:C000,62.50,[100.00,66.85,19.46]	25:C000,62.70,[100.00,26.31,42.78]	30:A100,63.80,[100.00,49.27,30.00]	35:A100,63.70,[100.00,70.22,25.19]	40:B220,64.70,[100.00,127.12,41.88]	45:A100,62.70,[100.00,16.20,19.24]	
0:A100,65.30,[100.00,18.61,36.19]	5:C180,71.20,[100.00,36.47,154.62]	10:A100,72.10,[100.00,23.17,29.18]	15:A100,62.80,[100.00,44.96,51.25]	20:A100,63.00,[100.00,66.85,19.46]	25:A100,63.20,[100.00,26.31,42.78]	30:A100,64.30,[100.00,49.27,30.00]	35:A100,64.20,[100.00,70.22,25.19]	40:A100,65.20,[100.00,127.12,41.88]	45:A100,63.20,[100.00,16.20,19.24]	
0:A100,65.80,[100.00,18.61,36.19]	5:C000,71.20,[100.00,36.47,77.31]	10:A100,72.60,[100.00,23.17,29.18]	15:A100,63.30,[100.00,44.96,51.25]	20:A100,63.50,[100.00,66.85,19.46]	25:A100,63.70,[100.00,26.31,42.78]	30:A100,64.80,[100.00,49.27,30.00]	35:A100,64.70,[100.00,70.22,25.19]	40:B220,66.30,[100.00,173.56,41.88]	45:A100,63.70,[100.00,16.20,19.24]	
0:A100,66.30,[100.00,18.61,36.19]	5:A100,71.70,[100.00,36.47,77.31]	10:A100,73.10,[100.00,23.17,29.18]	15:A100,63.80,[100.00,44.96,51.25]	20:A100,64.00,[100.00,66.85,19.46]	25:A100,64.20,[100.00,26.31,42.78]	30:A100,65.30,[100.00,49.27,30.00]	35:A100,65.20,[100.00,70.22,25.19]	40:B220,67.40,[100.00,196.78,41.88]	45:A100,64.20,[100.00,16.20,19.24]	
0:A100,66.80,[100.00,18.61,36.19]	5:A100,72.20,[100.00,36.47,77.31]	10:A100,73.60,[100.00,23.17,29.18]	15:A100,64.30,[100.00,44.96,51.25]	20:A100,64.50,[100.00,66.85,19.46]	25:A100,64.70,[100.00,26.31,42.78]	30:B000,65.30,[100.00,24.64,30.00]	35:A100,65.70,[100.00,70.22,25.19]	40:B220,68.50,[100.00,208.39,41.88]	45:A100,64.70,[100.00,16.20,19.24]	
0:A100,67.30,[100.00,18.61,36.19]	5:A100,72.70,[100.00,36.47,77.31]	10:A100,74.10,[100.00,23.17,29.18]	15:A100,64.80,[100.00,44.96,51.25]	20:A100,65.00,[100.00,66.85,19.46]	25:A100,65.20,[100.00,26.31,42.78]	30:A100,65.80,[100.00,24.64,30.00]	35:A100,66.20,[100.00,70.22,25.19]	40:B220,69.60,[100.00,214.20,41.88]	45:A100,65.20,[100.00,16.20,19.24]	
0:A100,67.80,[100.00,18.61,36.19]	5:A100,73.20,[100.00,36.47,77.31]	10:A100,74.60,[100.00,23.17,29.18]	15:A100,65.30,[100.00,44.96,51.25]	20:A100,65.50,[100.00,66.85,19.46]	25:A100,65.70,[100.00,26.31,42.78]	30:A100,66.30,[100.00,24.64,30.00]	35:A100,66.70,[100.00,70.22,25.19]	40:B220,70.70,[100.00,217.10,41.88]	45:A100,65.70,[100.00,16.20,19.24]	
0:A100,68.30,[100.00,18.61,36.19]	5:A100,73.70,[100.00,36.47,77.31]	10:A100,75.10,[100.00,23.17,29.18]	15:A100,65.80,[100.00,44.96,51.25]	20:B220,66.60,[100.00,143.42,19.46]	25:A100,66.20,[100.00,26.31,42.78]	30:A100,66.80,[100.00,24.64,30.00]	35:A100,67.20,[100.00,70.22,25.19]	40:B220,71.80,[100.00,218.55,41.88]	45:A100,66.20,[100.00,16.20,19.24]	
0:A100,68.80,[100.00,18.61,36.19]	5:A100,74.20,[100.00,36.47,77.31]	10:A100,75.60,[100.00,23.17,29.18]	15:A100,66.30,[100.00,44.96,51.25]	20:B220,67.70,[100.00,181.71,19.46]	25:A100,66.70,[100.00,26.31,42.78]	30:A100,67.30,[100.00,24.64,30.00]	35:A100,67.70,[100.00,70.22,25.19]	40:B220,72.90,[100.00,219.27,41.88]	45:A100,66.70,[100.00,16.20,19.24]	
0:A100,69.30,[100.00,18.61,36.19]	5:A100,74.70,[100.00,36.47,77.31]	10:A100,76.10,[100.00,23.17,29.18]	15:A100,66.80,[100.00,44.96,51.25]	20:B000,67.70,[100.00,90.86,19.46]	25:A100,67.20,[100.00,26.31,42.78]	30:A100,67.80,[100.00,24.64,30.00]	35:A100,68.20,[100.00,70.22,25.19]	40:B220,74.00,[100.00,219.64,41.88]	45:A100,67.20,[100.00,16.20,19.24]	
0:B220,70.40,[100.00,119.30,36.19]	5:C000,74.70,[100.00,36.47,38.65]	10:A100,76.60,[100.00,23.17,29.18]	15:A100,67.30,[100.00,44.96,51.25]	20:A100,68.20,[100.00,90.86,19.46]	25:A100,67.70,[100.00,26.31,42.78]	30:A100,68.30,[100.00,24.64,30.00]	35:A100,68.70,[100.00,70.22,25.19]	40:B000,74.00,[100.00,109.82,41.88]	45:A100,67.70,[100.00,16.20,19.24]	
0:A100,70.90,[100.00,119.30,36.19]	5:A100,75.20,[100.00,36.47,38.65]	10:A100,77.10,[100.00,23.17,29.18]	15:A100,67.80,[100.00,44.96,51.25]	20:A100,68.70,[100.00,90.86,19.46]	25:A100,68.20,[100.00,26.31,42.78]	30:B220,69.40,[100.00,122.32,30.00]	35:A100,69.20,[100.00,70.22,25.19]	40:B220,75.10,[100.00,164.91,41.88]	45:A100,68.20,[100.00,16.20,19.24]	
0:C000,70.90,[100.00,119.30,18.10]	5:A100,75.70,[100.00,36.47,38.65]	10:A100,77.60,[100.00,23.17,29.18]	15:A100,68.30,[100.00,44.96,51.25]	20:B000,68.70,[100.00,45.43,19.46]	25:A100,68.70,[100.00,26.31,42.78]	30:A100,69.90,[100.00,122.32,30.00]	35:A100,69.70,[100.00,70.22,25.19]	40:B000,75.10,[100.00,82.45,41.88]	45:A100,68.70,[100.00,16.20,19.24]	
0:B000,70.90,[100.00,59.65,18.10]	5:B000,75.70,[100.00,18.23,38.65]	10:A100,78.10,[100.00,23.17,29.18]	15:A100,68.80,[100.00,44.96,51.25]	20:A100,69.20,[100.00,45.43,19.46]	25:A100,69.20,[100.00,26.31,42.78]	30:B000,69.90,[100.00,61.16,30.00]	35:A100,70.20,[100.00,70.22,25.19]	40:A100,75.60,[100.00,82.45,41.88]	45:A100,69.20,[100.00,16.20,19.24]	
0:A100,71.40,[100.00,59.65,18.10]	5:A100,76.20,[100.00,18.23,38.65]	10:A100,78.60,[100.00,23.17,29.18]	15:A100,69.30,[100.00,44.96,51.25]	20:A100,69.70,[100.00,45.43,19.46]	25:A100,69.70,[100.00,26.31,42.78]	30:A100,70.40,[100.00,61.16,30.00]	35:A100,70.70,[100.00,70.22,25.19]	40:B220,76.70,[100.00,151.23,41.88]	45:A100,69.70,[100.00,16.20,19.24]	
0:C180,72.30,[100.00,59.65,99.05]	5:A100,76.70,[100.00,18.23,38.65]	10:A100,79.10,[100.00,23.17,29.18]	15:A100,69.80,[100.00,44.96,51.25]	20:A100,70.20,[100.00,45.43,19.46]	25:B000,69.70,[100.00,13.15,42.78]	30:A100,70.90,[100.00,61.16,30.00]	35:A100,71.20,[100.00,70.22,25.19]	40:B220,77.80,[100.00,185.61,41.88]	45:A100,70.20,[100.00,16.20,19.24]	
0:A100,72.80,[100.00,59.65,99.05]	5:A100,77.20,[100.00,18.23,38.65]	10:A100,79.60,[100.00,23.17,29.18]	15:A100,70.30,[100.00,44.96,51.25]	20:B220,71.30,[100.00,132.71,19.46]	25:A100,70.20,[100.00,13.15,42.78]	30:A100,71.40,[100.00,61.16,30.00]	35:A100,71.70,[100.00,70.22,25.19]	40:B220,78.90,[100.00,202.81,41.88]	45:A100,70.70,[100.00,16.20,19.24]	
0:A100,73.30,[100.00,59.65,99.05]	5:A100,77.70,[100.00,18.23,38.65]	10:A100,80.10,[100.00,23.17,29.18]	15:A100,70.80,[100.00,44.96,51.25]	20:B220,72.40,[100.00,176.36,19.46]	25:A100,70.70,[100.00,13.15,42.78]	30:A100,71.90,[100.00,61.16,30.00]	35:B220,72.80,[100.00,145.11,25.19]	40:B000,78.90,[100.00,101.40,41.88]	45:A100,71.20,[100.00,16.20,19.24]	
0:B220,74.40,[100.00,139.83,99.05]	5:A100,78.20,[100.00,18.23,38.65]	10:A100,80.60,[100.00,23.17,29.18]	15:A100,71.30,[100.00,44.96,51.25]	20:B000,72.40,[100.00,88.18,19.46]	25:A100,71.20,[100.00,13.15,42.78]	30:A100,72.40,[100.00,61.16,30.00]	35:B220,73.90,[100.00,182.55,25.19]	40:B000,78.90,[100.00,50.70,41.88]	45:A100,71.70,[100.00,16.20,19.24]	
0:C000,74.40,[100.00,139.83,49.52]	5:A100,78.70,[100.00,18.23,38.65]	10:A100,81.10,[100.00,23.17,29.18]	15:A100,71.80,[100.00,44.96,51.25]	20:B220,73.50,[100.00,154.09,19.46]	25:A100,71.70,[100.00,13.15,42.78]	30:A100,72.90,[100.00,61.16,30.00]	35:B000,73.90,[100.00,91.28,25.19]	40:A100,79.40,[100.00,50.70,41.88]	45:A100,72.20,[100.00,16.20,19.24]	
0:B220,75.50,[100.00,179.91,49.52]	5:A100,79.20,[100.00,18.23,38.65]	10:A100,81.60,[100.00,23.17,29.18]	15:A100,72.30,[100.00,44.96,51.25]	20:B000,73.50,[100.00,77.04,19.46]	25:A100,72.20,[100.00,13.15,42.78]	30:B220,74.00,[100.00,140.58,30.00]	35:C180,74.80,[100.00,91.28,102.59]	40:A100,79.90,[100.00,50.70,41.88]	45:A100,72.70,[100.00,16.20,19.24]	
0:B000,75.50,[100.00,89.96,49.52]	5:A100,79.70,[100.00,18.23,38.65]	10:A100,82.10,[100.00,23.17,29.18]	15:A100,72.80,[100.00,44.96,51.25]	20:A100,74.00,[100.00,77.04,19.46]	25:A100,72.70,[100.00,13.15,42.78]	30:A100,74.50,[100.00,140.58,30.00]	35:A100,75.30,[100.00,91.28,102.59]	40:A100,80.40,[100.00,50.70,41.88]	45:A100,73.20,[100.00,16.20,19.24]	
0:A100,76.00,[100.00,89.96,49.52]	5:A100,80.20,[100.00,18.23,38.65]	10:A100,82.60,[100.00,23.17,29.18]	15:B000,72.80,[100.00,22.48,51.25]	20:A100,74.50,[100.00,77.04,19.46]	25:A100,73.20,[100.00,13.15,42.78]	30:B220,75.60,[100.00,180.29,30.00]	35:C000,75.30,[100.00,91.28,51.30]	40:A100,80.90,[100.00,50.70,41.88]	45:A100,73.70,[100.00,16.20,19.24]	
0:A100,76.50,[100.00,89.96,49.52]	5:A100,80.70,[100.00,18.23,38.65]	10:A100,83.10,[100.00,23.17,29.18]	15:A100,73.30,[100.00,22.48,51.25]	20:A100,75.00,[100.00,77.04,19.46]	25:A100,73.70,[100.00,13.15,42.78]	30:B220,76.70,[100.00,200.14,30.00]	35:A100,75.80,[100.00,91.28,51.30]	40:B000,80.90,[100.00,25.35,41.88]	45:A100,74.20,[100.00,16.20,19.24]	
0:A100,77.00,[100.00,89.96,49.52]	5:A100,81.20,[100.00,18.23,38.65]	10:A100,83.60,[100.00,23.17,29.18]	15:A100,73.80,[100.00,22.48,51.25]	20:A100,75.50,[100.00,77.04,19.46]	25:A100,74.20,[100.00,13.15,42.78]	30:B220,77.80,[100.00,210.07,30.00]	35:A100,76.30,[100.00,91.28,51.30]	40:A100,81.40,[100.00,25.35,41.88]	45:C180,75.10,[100.00,16.20,99.62]	
0:A100,77.50,[100.00,89.96,49.52]	5:A100,81.70,[100.00,18.23,38.65]	10:A100,84.10,[100.00,23.17,29.18]	15:A100,74.30,[100.00,22.48,51.25]	20:B000,75.50,[100.00,38.52,19.46]	25:A100,74.70,[100.00,13.15,42.78]	30:B000,77.80,[100.00,105.04,30.00]	35:A100,76.80,[100.00,91.28,51.30]	40:A100,81.90,[100.00,25.35,41.88]	45:A100,75.60,[100.00,16.20,99.62]	
0:B220,78.60,[100.00,154.98,49.52]	5:A100,82.20,[100.00,18.23,38.65]	10:A100,84.60,[100.00,23.17,29.18]	15:A100,74.80,[100.00,22.48,51.25]	20:A100,76.00,[100.00,38.52,19.46]	25:A100,75.20,[100.00,13.15,42.78]	30:A100,78.30,[100.00,105.04,30.00]	35:B000,76.80,[100.00,45.64,51.30]	40:A100,82.40,[100.00,25.35,41.88]	45:C000,75.60,[100.00,16.20,49.81]	
0:B000,78.60,[100.00,77.49,49.52]	5:A100,82.70,[100.00,18.23,38.65]	10:A100,85.10,[100.00,23.17,29.18]	15:A100,75.30,[100.00,22.48,51.25]	20:A100,76.50,[100.00,38.52,19.46]	25:A100,75.70,[100.00,13.15,42.78]	30:B220,79.40,[100.00,162.52,30.00]	35:C000,76.80,[100.00,45.64,25.65]	40:A100,82.90,[100.00,25.35,41.88]	45:A100,76.10,[100.00,16.20,49.81]	
0:A100,79.10,[100.00,77.49,49.52]	5:A100,83.20,[100.00,18.23,38.65]	10:A100,85.60,[100.00,23.17,29.18]	15:A100,75.80,[100.00,22.48,51.25]	20:A100,77.00,[100.00,38.52,19.46]	25:A100,76.20,[100.00,13.15,42.78]	30:A100,79.90,[100.00,162.52,30.00]	35:A100,77.30,[100.00,45.64,25.65]	40:A100,83.40,[100.00,25.35,41.88]	45:A100,76.60,[100.00,16.20,49.81]	
0:A100,79.60,[100.00,77.49,49.52]	5:A100,83.70,[100.00,18.23,38.65]	10:A100,86.10,[100.00,23.17,29.18]	15:A100,76.30,[100.00,22.48,51.25]	20:A100,77.50,[100.00,38.52,19.46]	25:A100,76.70,[100.00,13.15,42.78]	30:B220,81.00,[100.00,191.26,30.00]	35:A100,77.80,[100.00,45.64,25.65]	40:A100,83.90,[100.00,25.35,41.88]	45:A100,77.10,[100.00,16.20,49.81]	
0:A100,80.10,[100.00,77.49,49.52]	5:A100,84.20,[100.00,18.23,38.65]	10:A100,86.60,[100.00,23.17,29.18]	15:A100,76.80,[100.00,22.48,51.25]	20:A100,78.00,[100.00,38.52,19.46]	25:C000,76.70,[100.00,13.15,21.39]	30:B220,82.10,[100.00,205.63,30.00]	35:A100,78.30,[100.00,45.64,25.65]	40:A100,84.40,[100.00,25.35,41.88]	45:A100,77.60,[100.00,16.20,49.81]	
0:A100,80.60,[100.00,77.49,49.52]	5:A100,84.70,[100.00,18.23,38.65]	10:A100,87.10,[100.00,23.17,29.18]	15:A100,77.30,[100.00,22.48,51.25]	20:A100,78.50,[100.00,38.52,19.46]	25:A100,77.20,[100.00,13.15,21.39]	30:B220,83.20,[100.00,212.81,30.00]	35:A100,78.80,[100.00,45.64,25.65]	40:A100,84.90,[100.00,25.35,41.88]	45:A100,78.10,[100.00,16.20,49.81]	
0:A100,81.10,[100.00,77.49,49.52]	5:A100,85.20,[100.00,18.23,38.65]	10:A100,87.60,[100.00,23.17,29.18]	15:A100,77.80,[100.00,22.48,51.25]	20:A100,79.00,[100.00,38.52,19.46]	25:A100,77.70,[100.00,13.15,21.39]	30:B000,83.20,[100.00,106.41,30.00]	35:A100,79.30,[100.00,45.64,25.65]	40:A100,85.40,[100.00,25.35,41.88]	45:A100,78.60,[100.00,16.20,49.81]	
0:B220,82.20,[100.00,148.74,49.52]	5:A100,85.70,[100.00,18.23,38.65]	10:C180,88.50,[100.00,23.17,104.59]	15:A100,78.30,[100.00,22.48,51.25]	20:A100,79.50,[100.00,38.52,19.46]	25:A100,78.20,[100.00,13.15,21.39]	30:A100,83.70,[100.00,106.41,30.00]	35:A100,79.80,[100.00,45.64,25.65]	40:A100,85.90,[100.00,25.35,41.88]	45:C000,78.60,[100.00,16.20,24.91]	
0:B220,83.30,[100.00,184.37,49.52]	5:A100,86.20,[100.00,18.23,38.65]	10:A100,89.00,[100.00,23.17,104.59]	15:A100,78.80,[100.00,22.48,51.25]	20:A100,80.00,[100.00,38.52,19.46]	25:A100,78.70,[100.00,13.15,21.39]	30:B220,84.80,[100.00,163.20,30.00]	35:A100,80.30,[100.00,45.64,25.65]	40:A100,86.40,[100.00,25.35,41.88]	45:A100,79.10,[100.00,16.20,24.91]	
0:B220,84.40,[100.00,202.19,49.52]	5:A100,86.70,[100.00,18.23,38.65]	10:A100,89.50,[100.00,23.17,104.59]	15:A100,79.30,[100.00,22.48,51.25]	20:A100,80.50,[100.00,38.52,19.46]	25:A100,79.20,[100.00,13.15,21.39]	30:B000,84.80,[100.00,81.60,30.00]	35:B220,81.40,[100.00,132.82,25.65]	40:A100,86.90,[100.00,25.35,41.88]	45:A100,79.60,[100.00,16.20,24.91]	
0:B220,85.50,[100.00,211.09,49.52]	5:A100,87.20,[100.00,18.23,38.65]	10:A100,90.00,[100.00,23.17,104.59]	15:A100,79.80,[100.00,22.48,51.25]	20:A100,81.00,[100.00,38.52,19.46]	25:A100,79.70,[100.00,13.15,21.39]	30:A100,85.30,[100.00,81.60,30.00]	35:B220,82.50,[100.00,176.41,25.65]	40:A100,87.40,[100.00,25.35,41.88]	45:A100,80.10,[100.00,16.20,24.91]	
0:B220,86.60,[100.00,215.55,49.52]	5:A100,87.70,[100.00,18.23,38.65]	10:A100,90.50,[100.00,23.17,104.59]	15:A100,80.30,[100.00,22.48,51.25]	20:A100,81.50,[100.00,38.52,19.46]	25:A100,80.20,[100.00,13.15,21.39]	30:A100,85.80,[100.00,81.60,30.00]	35:B220,83.60,[100.00,198.20,25.65]	40:A100,87.90,[100.00,25.35,41.88]	45:A100,80.60,[100.00,16.20,24.91]	
0:B000,86.60,[100.00,107.77,49.52]	5:A100,88.20,[100.00,18.23,38.65]	10:C180,91.40,[100.00,23.17,142.29]	15:A100,80.80,[100.00,22.48,51.25]	20:A100,82.00,[100.00,38.52,19.46]	25:A100,80.70,[100.00,13.15,21.39]	30:A100,86.30,[100.00,81.60,30.00]	35:B000,83.60,[100.00,99.10,25.65]	40:A100,88.40,[100.00,25.35,41.88]	45:A100,