each row consists of groups of data for each agent, in form:	agentNum:choice,fitness,[expA,expB,expC]where choice has letter of choice and number for reward received
each column consists of every trial for the same agent.
this entire file is from Generation 0

0:C000, 0.00,100.00,100.00,50.00	5:B220, 1.10,100.00,160.00,100.00	10:C180, 0.90,100.00,100.00,140.00	15:C180, 0.90,100.00,100.00,140.00	20:C180, 0.90,100.00,100.00,140.00	25:B000, 0.00,100.00,50.00,100.00	30:A100, 0.50,100.00,100.00,100.00	35:A100, 0.50,100.00,100.00,100.00	40:C180, 0.90,100.00,100.00,140.00	45:A100, 0.50,100.00,100.00,100.00	
0:B220, 1.10,100.00,160.00,50.00	5:B220, 2.20,100.00,190.00,100.00	10:C180, 1.80,100.00,100.00,160.00	15:C180, 1.80,100.00,100.00,160.00	20:C000, 0.90,100.00,100.00,70.00	25:C000, 0.00,100.00,50.00,50.00	30:C000, 0.50,100.00,100.00,50.00	35:B220, 1.60,100.00,160.00,100.00	40:C180, 1.80,100.00,100.00,160.00	45:C000, 0.50,100.00,100.00,50.00	
0:B220, 2.20,100.00,190.00,50.00	5:B000, 2.20,100.00,95.00,100.00	10:C000, 1.80,100.00,100.00,80.00	15:C180, 2.70,100.00,100.00,170.00	20:A100, 1.40,100.00,100.00,70.00	25:A100, 0.50,100.00,50.00,50.00	30:B220, 1.60,100.00,160.00,50.00	35:B000, 1.60,100.00,80.00,100.00	40:C180, 2.70,100.00,100.00,170.00	45:A100, 1.00,100.00,100.00,50.00	
0:B220, 3.30,100.00,205.00,50.00	5:C000, 2.20,100.00,95.00,50.00	10:B000, 1.80,100.00,50.00,80.00	15:C180, 3.60,100.00,100.00,175.00	20:B220, 2.50,100.00,160.00,70.00	25:A100, 1.00,100.00,50.00,50.00	30:B220, 2.70,100.00,190.00,50.00	35:A100, 2.10,100.00,80.00,100.00	40:A100, 3.20,100.00,100.00,170.00	45:A100, 1.50,100.00,100.00,50.00	
0:B220, 4.40,100.00,212.50,50.00	5:A100, 2.70,100.00,95.00,50.00	10:A100, 2.30,100.00,50.00,80.00	15:C180, 4.50,100.00,100.00,177.50	20:B000, 2.50,100.00,80.00,70.00	25:A100, 1.50,100.00,50.00,50.00	30:B220, 3.80,100.00,205.00,50.00	35:A100, 2.60,100.00,80.00,100.00	40:C000, 3.20,100.00,100.00,85.00	45:A100, 2.00,100.00,100.00,50.00	
0:B220, 5.50,100.00,216.25,50.00	5:B220, 3.80,100.00,157.50,50.00	10:A100, 2.80,100.00,50.00,80.00	15:C000, 4.50,100.00,100.00,88.75	20:A100, 3.00,100.00,80.00,70.00	25:A100, 2.00,100.00,50.00,50.00	30:B220, 4.90,100.00,212.50,50.00	35:C180, 3.50,100.00,80.00,140.00	40:A100, 3.70,100.00,100.00,85.00	45:A100, 2.50,100.00,100.00,50.00	
0:B000, 5.50,100.00,108.13,50.00	5:B220, 4.90,100.00,188.75,50.00	10:C000, 2.80,100.00,50.00,40.00	15:A100, 5.00,100.00,100.00,88.75	20:A100, 3.50,100.00,80.00,70.00	25:A100, 2.50,100.00,50.00,50.00	30:B220, 6.00,100.00,216.25,50.00	35:C000, 3.50,100.00,80.00,70.00	40:A100, 4.20,100.00,100.00,85.00	45:A100, 3.00,100.00,100.00,50.00	
0:B220, 6.60,100.00,164.06,50.00	5:B220, 6.00,100.00,204.38,50.00	10:A100, 3.30,100.00,50.00,40.00	15:C000, 5.00,100.00,100.00,44.38	20:A100, 4.00,100.00,80.00,70.00	25:B220, 3.60,100.00,135.00,50.00	30:B220, 7.10,100.00,218.13,50.00	35:A100, 4.00,100.00,80.00,70.00	40:A100, 4.70,100.00,100.00,85.00	45:B000, 3.00,100.00,50.00,50.00	
0:B000, 6.60,100.00,82.03,50.00	5:B000, 6.00,100.00,102.19,50.00	10:A100, 3.80,100.00,50.00,40.00	15:A100, 5.50,100.00,100.00,44.38	20:A100, 4.50,100.00,80.00,70.00	25:B220, 4.70,100.00,177.50,50.00	30:A100, 7.60,100.00,218.13,50.00	35:C180, 4.90,100.00,80.00,125.00	40:A100, 5.20,100.00,100.00,85.00	45:A100, 3.50,100.00,50.00,50.00	
0:A100, 7.10,100.00,82.03,50.00	5:B220, 7.10,100.00,161.09,50.00	10:A100, 4.30,100.00,50.00,40.00	15:B000, 5.50,100.00,50.00,44.38	20:C000, 4.50,100.00,80.00,35.00	25:B000, 4.70,100.00,88.75,50.00	30:B220, 8.70,100.00,219.06,50.00	35:C180, 5.80,100.00,80.00,152.50	40:B220, 6.30,100.00,160.00,85.00	45:B220, 4.60,100.00,135.00,50.00	
0:B220, 8.20,100.00,151.02,50.00	5:B220, 8.20,100.00,190.55,50.00	10:A100, 4.80,100.00,50.00,40.00	15:A100, 6.00,100.00,50.00,44.38	20:A100, 5.00,100.00,80.00,35.00	25:B000, 4.70,100.00,44.38,50.00	30:B000, 8.70,100.00,109.53,50.00	35:C000, 5.80,100.00,80.00,76.25	40:B220, 7.40,100.00,190.00,85.00	45:B000, 4.60,100.00,67.50,50.00	
0:B000, 8.20,100.00,75.51,50.00	5:B220, 9.30,100.00,205.27,50.00	10:A100, 5.30,100.00,50.00,40.00	15:A100, 6.50,100.00,50.00,44.38	20:A100, 5.50,100.00,80.00,35.00	25:A100, 5.20,100.00,44.38,50.00	30:B220, 9.80,100.00,164.77,50.00	35:A100, 6.30,100.00,80.00,76.25	40:B220, 8.50,100.00,205.00,85.00	45:A100, 5.10,100.00,67.50,50.00	
0:B000, 8.20,100.00,37.75,50.00	5:B000, 9.30,100.00,102.64,50.00	10:A100, 5.80,100.00,50.00,40.00	15:C180, 7.40,100.00,50.00,112.19	20:B000, 5.50,100.00,40.00,35.00	25:A100, 5.70,100.00,44.38,50.00	30:B000, 9.80,100.00,82.38,50.00	35:C000, 6.30,100.00,80.00,38.13	40:B220, 9.60,100.00,212.50,85.00	45:A100, 5.60,100.00,67.50,50.00	
0:A100, 8.70,100.00,37.75,50.00	5:A100, 9.80,100.00,102.64,50.00	10:B000, 5.80,100.00,25.00,40.00	15:A100, 7.90,100.00,50.00,112.19	20:A100, 6.00,100.00,40.00,35.00	25:A100, 6.20,100.00,44.38,50.00	30:C180,10.70,100.00,82.38,115.00	35:A100, 6.80,100.00,80.00,38.13	40:B220,10.70,100.00,216.25,85.00	45:B220, 6.70,100.00,143.75,50.00	
0:A100, 9.20,100.00,37.75,50.00	5:A100,10.30,100.00,102.64,50.00	10:A100, 6.30,100.00,25.00,40.00	15:C180, 8.80,100.00,50.00,146.09	20:A100, 6.50,100.00,40.00,35.00	25:C180, 7.10,100.00,44.38,115.00	30:C180,11.60,100.00,82.38,147.50	35:B000, 6.80,100.00,40.00,38.13	40:B000,10.70,100.00,108.13,85.00	45:B000, 6.70,100.00,71.88,50.00	
0:A100, 9.70,100.00,37.75,50.00	5:B000,10.30,100.00,51.32,50.00	10:A100, 6.80,100.00,25.00,40.00	15:C180, 9.70,100.00,50.00,163.05	20:A100, 7.00,100.00,40.00,35.00	25:C180, 8.00,100.00,44.38,147.50	30:A100,12.10,100.00,82.38,147.50	35:A100, 7.30,100.00,40.00,38.13	40:C180,11.60,100.00,108.13,132.50	45:A100, 7.20,100.00,71.88,50.00	
0:A100,10.20,100.00,37.75,50.00	5:A100,10.80,100.00,51.32,50.00	10:A100, 7.30,100.00,25.00,40.00	15:A100,10.20,100.00,50.00,163.05	20:A100, 7.50,100.00,40.00,35.00	25:C000, 8.00,100.00,44.38,73.75	30:C000,12.10,100.00,82.38,73.75	35:A100, 7.80,100.00,40.00,38.13	40:A100,12.10,100.00,108.13,132.50	45:A100, 7.70,100.00,71.88,50.00	
0:A100,10.70,100.00,37.75,50.00	5:C180,11.70,100.00,51.32,115.00	10:A100, 7.80,100.00,25.00,40.00	15:C180,11.10,100.00,50.00,171.52	20:A100, 8.00,100.00,40.00,35.00	25:A100, 8.50,100.00,44.38,73.75	30:B220,13.20,100.00,151.19,73.75	35:A100, 8.30,100.00,40.00,38.13	40:C000,12.10,100.00,108.13,66.25	45:A100, 8.20,100.00,71.88,50.00	
0:C000,10.70,100.00,37.75,25.00	5:C000,11.70,100.00,51.32,57.50	10:A100, 8.30,100.00,25.00,40.00	15:C180,12.00,100.00,50.00,175.76	20:A100, 8.50,100.00,40.00,35.00	25:A100, 9.00,100.00,44.38,73.75	30:B000,13.20,100.00,75.60,73.75	35:A100, 8.80,100.00,40.00,38.13	40:B220,13.20,100.00,164.06,66.25	45:A100, 8.70,100.00,71.88,50.00	
0:A100,11.20,100.00,37.75,25.00	5:C180,12.60,100.00,51.32,118.75	10:A100, 8.80,100.00,25.00,40.00	15:C000,12.00,100.00,50.00,87.88	20:A100, 9.00,100.00,40.00,35.00	25:C180, 9.90,100.00,44.38,126.88	30:A100,13.70,100.00,75.60,73.75	35:A100, 9.30,100.00,40.00,38.13	40:B000,13.20,100.00,82.03,66.25	45:B000, 8.70,100.00,35.94,50.00	
0:A100,11.70,100.00,37.75,25.00	5:A100,13.10,100.00,51.32,118.75	10:A100, 9.30,100.00,25.00,40.00	15:C000,12.00,100.00,50.00,43.94	20:A100, 9.50,100.00,40.00,35.00	25:C000, 9.90,100.00,44.38,63.44	30:A100,14.20,100.00,75.60,73.75	35:C000, 9.30,100.00,40.00,19.06	40:B000,13.20,100.00,41.02,66.25	45:A100, 9.20,100.00,35.94,50.00	
0:A100,12.20,100.00,37.75,25.00	5:A100,13.60,100.00,51.32,118.75	10:A100, 9.80,100.00,25.00,40.00	15:A100,12.50,100.00,50.00,43.94	20:A100,10.00,100.00,40.00,35.00	25:A100,10.40,100.00,44.38,63.44	30:B000,14.20,100.00,37.80,73.75	35:A100, 9.80,100.00,40.00,19.06	40:A100,13.70,100.00,41.02,66.25	45:A100, 9.70,100.00,35.94,50.00	
0:A100,12.70,100.00,37.75,25.00	5:C000,13.60,100.00,51.32,59.38	10:A100,10.30,100.00,25.00,40.00	15:A100,13.00,100.00,50.00,43.94	20:A100,10.50,100.00,40.00,35.00	25:A100,10.90,100.00,44.38,63.44	30:A100,14.70,100.00,37.80,73.75	35:A100,10.30,100.00,40.00,19.06	40:A100,14.20,100.00,41.02,66.25	45:A100,10.20,100.00,35.94,50.00	
0:A100,13.20,100.00,37.75,25.00	5:A100,14.10,100.00,51.32,59.38	10:A100,10.80,100.00,25.00,40.00	15:B220,14.10,100.00,135.00,43.94	20:A100,11.00,100.00,40.00,35.00	25:C000,10.90,100.00,44.38,31.72	30:A100,15.20,100.00,37.80,73.75	35:A100,10.80,100.00,40.00,19.06	40:A100,14.70,100.00,41.02,66.25	45:B000,10.20,100.00,17.97,50.00	
0:A100,13.70,100.00,37.75,25.00	5:A100,14.60,100.00,51.32,59.38	10:A100,11.30,100.00,25.00,40.00	15:B000,14.10,100.00,67.50,43.94	20:A100,11.50,100.00,40.00,35.00	25:A100,11.40,100.00,44.38,31.72	30:A100,15.70,100.00,37.80,73.75	35:A100,11.30,100.00,40.00,19.06	40:C180,15.60,100.00,41.02,123.13	45:A100,10.70,100.00,17.97,50.00	
0:A100,14.20,100.00,37.75,25.00	5:C180,15.50,100.00,51.32,119.69	10:A100,11.80,100.00,25.00,40.00	15:A100,14.60,100.00,67.50,43.94	20:A100,12.00,100.00,40.00,35.00	25:A100,11.90,100.00,44.38,31.72	30:A100,16.20,100.00,37.80,73.75	35:A100,11.80,100.00,40.00,19.06	40:C000,15.60,100.00,41.02,61.56	45:A100,11.20,100.00,17.97,50.00	
0:A100,14.70,100.00,37.75,25.00	5:C180,16.40,100.00,51.32,149.84	10:A100,12.30,100.00,25.00,40.00	15:A100,15.10,100.00,67.50,43.94	20:A100,12.50,100.00,40.00,35.00	25:B220,13.00,100.00,132.19,31.72	30:A100,16.70,100.00,37.80,73.75	35:A100,12.30,100.00,40.00,19.06	40:B220,16.70,100.00,130.51,61.56	45:A100,11.70,100.00,17.97,50.00	
0:A100,15.20,100.00,37.75,25.00	5:C000,16.40,100.00,51.32,74.92	10:A100,12.80,100.00,25.00,40.00	15:A100,15.60,100.00,67.50,43.94	20:A100,13.00,100.00,40.00,35.00	25:B000,13.00,100.00,66.09,31.72	30:A100,17.20,100.00,37.80,73.75	35:A100,12.80,100.00,40.00,19.06	40:B000,16.70,100.00,65.25,61.56	45:A100,12.20,100.00,17.97,50.00	
0:A100,15.70,100.00,37.75,25.00	5:A100,16.90,100.00,51.32,74.92	10:A100,13.30,100.00,25.00,40.00	15:A100,16.10,100.00,67.50,43.94	20:A100,13.50,100.00,40.00,35.00	25:A100,13.50,100.00,66.09,31.72	30:A100,17.70,100.00,37.80,73.75	35:A100,13.30,100.00,40.00,19.06	40:A100,17.20,100.00,65.25,61.56	45:A100,12.70,100.00,17.97,50.00	
0:A100,16.20,100.00,37.75,25.00	5:A100,17.40,100.00,51.32,74.92	10:A100,13.80,100.00,25.00,40.00	15:A100,16.60,100.00,67.50,43.94	20:A100,14.00,100.00,40.00,35.00	25:C180,14.40,100.00,66.09,105.86	30:A100,18.20,100.00,37.80,73.75	35:A100,13.80,100.00,40.00,19.06	40:A100,17.70,100.00,65.25,61.56	45:A100,13.20,100.00,17.97,50.00	
0:A100,16.70,100.00,37.75,25.00	5:A100,17.90,100.00,51.32,74.92	10:A100,14.30,100.00,25.00,40.00	15:C180,17.50,100.00,67.50,111.97	20:A100,14.50,100.00,40.00,35.00	25:B220,15.50,100.00,143.05,105.86	30:A100,18.70,100.00,37.80,73.75	35:A100,14.30,100.00,40.00,19.06	40:A100,18.20,100.00,65.25,61.56	45:A100,13.70,100.00,17.97,50.00	
0:A100,17.20,100.00,37.75,25.00	5:A100,18.40,100.00,51.32,74.92	10:A100,14.80,100.00,25.00,40.00	15:C000,17.50,100.00,67.50,55.99	20:A100,15.00,100.00,40.00,35.00	25:B000,15.50,100.00,71.52,105.86	30:A100,19.20,100.00,37.80,73.75	35:A100,14.80,100.00,40.00,19.06	40:B000,18.20,100.00,32.63,61.56	45:A100,14.20,100.00,17.97,50.00	
0:B220,18.30,100.00,128.88,25.00	5:A100,18.90,100.00,51.32,74.92	10:A100,15.30,100.00,25.00,40.00	15:A100,18.00,100.00,67.50,55.99	20:A100,15.50,100.00,40.00,35.00	25:C000,15.50,100.00,71.52,52.93	30:A100,19.70,100.00,37.80,73.75	35:A100,15.30,100.00,40.00,19.06	40:A100,18.70,100.00,32.63,61.56	45:A100,14.70,100.00,17.97,50.00	
0:A100,18.80,100.00,128.88,25.00	5:A100,19.40,100.00,51.32,74.92	10:A100,15.80,100.00,25.00,40.00	15:A100,18.50,100.00,67.50,55.99	20:A100,16.00,100.00,40.00,35.00	25:C180,16.40,100.00,71.52,116.46	30:A100,20.20,100.00,37.80,73.75	35:A100,15.80,100.00,40.00,19.06	40:A100,19.20,100.00,32.63,61.56	45:A100,15.20,100.00,17.97,50.00	
0:B220,19.90,100.00,174.44,25.00	5:A100,19.90,100.00,51.32,74.92	10:B220,16.90,100.00,122.50,40.00	15:B000,18.50,100.00,33.75,55.99	20:A100,16.50,100.00,40.00,35.00	25:C180,17.30,100.00,71.52,148.23	30:A100,20.70,100.00,37.80,73.75	35:A100,16.30,100.00,40.00,19.06	40:A100,19.70,100.00,32.63,61.56	45:A100,15.70,100.00,17.97,50.00	
0:B000,19.90,100.00,87.22,25.00	5:A100,20.40,100.00,51.32,74.92	10:A100,17.40,100.00,122.50,40.00	15:A100,19.00,100.00,33.75,55.99	20:A100,17.00,100.00,40.00,35.00	25:C000,17.30,100.00,71.52,74.12	30:A100,21.20,100.00,37.80,73.75	35:A100,16.80,100.00,40.00,19.06	40:A100,20.20,100.00,32.63,61.56	45:A100,16.20,100.00,17.97,50.00	
0:A100,20.40,100.00,87.22,25.00	5:B220,21.50,100.00,135.66,74.92	10:B220,18.50,100.00,171.25,40.00	15:A100,19.50,100.00,33.75,55.99	20:A100,17.50,100.00,40.00,35.00	25:C180,18.20,100.00,71.52,127.06	30:A100,21.70,100.00,37.80,73.75	35:B220,17.90,100.00,130.00,19.06	40:A100,20.70,100.00,32.63,61.56	45:C180,17.10,100.00,17.97,115.00	
0:A100,20.90,100.00,87.22,25.00	5:B220,22.60,100.00,177.83,74.92	10:B220,19.60,100.00,195.63,40.00	15:B220,20.60,100.00,126.88,55.99	20:A100,18.00,100.00,40.00,35.00	25:C000,18.20,100.00,71.52,63.53	30:C180,22.60,100.00,37.80,126.88	35:B000,17.90,100.00,65.00,19.06	40:A100,21.20,100.00,32.63,61.56	45:A100,17.60,100.00,17.97,115.00	
0:A100,21.40,100.00,87.22,25.00	5:B000,22.60,100.00,88.91,74.92	10:B220,20.70,100.00,207.81,40.00	15:B000,20.60,100.00,63.44,55.99	20:A100,18.50,100.00,40.00,35.00	25:A100,18.70,100.00,71.52,63.53	30:A100,23.10,100.00,37.80,126.88	35:A100,18.40,100.00,65.00,19.06	40:A100,21.70,100.00,32.63,61.56	45:C180,18.50,100.00,17.97,147.50	
0:A100,21.90,100.00,87.22,25.00	5:A100,23.10,100.00,88.91,74.92	10:B000,20.70,100.00,103.91,40.00	15:B220,21.70,100.00,141.72,55.99	20:A100,19.00,100.00,40.00,35.00	25:A100,19.20,100.00,71.52,63.53	30:C000,23.10,100.00,37.80,63.44	35:A100,18.90,100.00,65.00,19.06	40:A100,22.20,100.00,32.63,61.56	45:C000,18.50,100.00,17.97,73.75	
0:A100,22.40,100.00,87.22,25.00	5:C000,23.10,100.00,88.91,37.46	10:B000,20.70,100.00,51.95,40.00	15:B220,22.80,100.00,180.86,55.99	20:A100,19.50,100.00,40.00,35.00	25:A100,19.70,100.00,71.52,63.53	30:A100,23.60,100.00,37.80,63.44	35:A100,19.40,100.00,65.00,19.06	40:A100,22.70,100.00,32.63,61.56	45:C180,19.40,100.00,17.97,126.88	
0:A100,22.90,100.00,87.22,25.00	5:B220,24.20,100.00,154.46,37.46	10:A100,21.20,100.00,51.95,40.00	15:B000,22.80,100.00,90.43,55.99	20:A100,20.00,100.00,40.00,35.00	25:B220,20.80,100.00,145.76,63.53	30:A100,24.10,100.00,37.80,63.44	35:A100,19.90,100.00,65.00,19.06	40:A100,23.20,100.00,32.63,61.56	45:C000,19.40,100.00,17.97,63.44	
0:A100,23.40,100.00,87.22,25.00	5:B000,24.20,100.00,77.23,37.46	10:A100,21.70,100.00,51.95,40.00	15:B220,23.90,100.00,155.21,55.99	20:A100,20.50,100.00,40.00,35.00	25:B000,20.80,100.00,72.88,63.53	30:A100,24.60,100.00,37.80,63.44	35:A100,20.40,100.00,65.00,19.06	40:A100,23.70,100.00,32.63,61.56	45:A100,19.90,100.00,17.97,63.44	
0:A100,23.90,100.00,87.22,25.00	5:B000,24.20,100.00,38.61,37.46	10:A100,22.20,100.00,51.95,40.00	15:B000,23.90,100.00,77.61,55.99	20:C000,20.50,100.00,40.00,17.50	25:A100,21.30,100.00,72.88,63.53	30:A100,25.10,100.00,37.80,63.44	35:B000,20.40,100.00,32.50,19.06	40:A100,24.20,100.00,32.63,61.56	45:A100,20.40,100.00,17.97,63.44	
0:B220,25.00,100.00,153.61,25.00	5:A100,24.70,100.00,38.61,37.46	10:A100,22.70,100.00,51.95,40.00	15:C000,23.90,100.00,77.61,27.99	20:A100,21.00,100.00,40.00,17.50	25:A100,21.80,100.00,72.88,63.53	30:C180,26.00,100.00,37.80,121.72	35:A100,20.90,100.00,32.50,19.06	40:A100,24.70,100.00,32.63,61.56	45:A100,20.90,100.00,17.97,63.44	
0:B000,25.00,100.00,76.80,25.00	5:A100,25.20,100.00,38.61,37.46	10:A100,23.20,100.00,51.95,40.00	15:A100,24.40,100.00,77.61,27.99	20:A100,21.50,100.00,40.00,17.50	25:B000,21.80,100.00,36.44,63.53	30:C000,26.00,100.00,37.80,60.86	35:A100,21.40,100.00,32.50,19.06	40:A100,25.20,100.00,32.63,61.56	45:A100,21.40,100.00,17.97,63.44	
0:A100,25.50,100.00,76.80,25.00	5:A100,25.70,100.00,38.61,37.46	10:A100,23.70,100.00,51.95,40.00	15:A100,24.90,100.00,77.61,27.99	20:A100,22.00,100.00,40.00,17.50	25:A100,22.30,100.00,36.44,63.53	30:A100,26.50,100.00,37.80,60.86	35:A100,21.90,100.00,32.50,19.06	40:A100,25.70,100.00,32.63,61.56	45:C000,21.40,100.00,17.97,31.72	
0:A100,26.00,100.00,76.80,25.00	5:A100,26.20,100.00,38.61,37.46	10:A100,24.20,100.00,51.95,40.00	15:B220,26.00,100.00,148.80,27.99	20:A100,22.50,100.00,40.00,17.50	25:A100,22.80,100.00,36.44,63.53	30:C000,26.50,100.00,37.80,30.43	35:A100,22.40,100.00,32.50,19.06	40:A100,26.20,100.00,32.63,61.56	45:A100,21.90,100.00,17.97,31.72	
0:A100,26.50,100.00,76.80,25.00	5:B000,26.20,100.00,19.31,37.46	10:A100,24.70,100.00,51.95,40.00	15:B000,26.00,100.00,74.40,27.99	20:A100,23.00,100.00,40.00,17.50	25:C180,23.70,100.00,36.44,121.76	30:A100,27.00,100.00,37.80,30.43	35:A100,22.90,100.00,32.50,19.06	40:A100,26.70,100.00,32.63,61.56	45:A100,22.40,100.00,17.97,31.72	
0:A100,27.00,100.00,76.80,25.00	5:A100,26.70,100.00,19.31,37.46	10:A100,25.20,100.00,51.95,40.00	15:A100,26.50,100.00,74.40,27.99	20:A100,23.50,100.00,40.00,17.50	25:A100,24.20,100.00,36.44,121.76	30:A100,27.50,100.00,37.80,30.43	35:A100,23.40,100.00,32.50,19.06	40:C000,26.70,100.00,32.63,30.78	45:C000,22.40,100.00,17.97,15.86	
0:A100,27.50,100.00,76.80,25.00	5:A100,27.20,100.00,19.31,37.46	10:A100,25.70,100.00,51.95,40.00	15:A100,27.00,100.00,74.40,27.99	20:A100,24.00,100.00,40.00,17.50	25:A100,24.70,100.00,36.44,121.76	30:A100,28.00,100.00,37.80,30.43	35:A100,23.90,100.00,32.50,19.06	40:A100,27.20,100.00,32.63,30.78	45:A100,22.90,100.00,17.97,15.86	
0:B000,27.50,100.00,38.40,25.00	5:A100,27.70,100.00,19.31,37.46	10:B000,25.70,100.00,25.98,40.00	15:A100,27.50,100.00,74.40,27.99	20:A100,24.50,100.00,40.00,17.50	25:C180,25.60,100.00,36.44,150.88	30:A100,28.50,100.00,37.80,30.43	35:A100,24.40,100.00,32.50,19.06	40:A100,27.70,100.00,32.63,30.78	45:A100,23.40,100.00,17.97,15.86	
0:A100,28.00,100.00,38.40,25.00	5:A100,28.20,100.00,19.31,37.46	10:B000,25.70,100.00,12.99,40.00	15:A100,28.00,100.00,74.40,27.99	20:A100,25.00,100.00,40.00,17.50	25:C180,26.50,100.00,36.44,165.44	30:A100,29.00,100.00,37.80,30.43	35:A100,24.90,100.00,32.50,19.06	40:A100,28.20,100.00,32.63,30.78	45:A100,23.90,100.00,17.97,15.86	
0:A100,28.50,100.00,38.40,25.00	5:A100,28.70,100.00,19.31,37.46	10:A100,26.20,100.00,12.99,40.00	15:A100,28.50,100.00,74.40,27.99	20:A100,25.50,100.00,40.00,17.50	25:C000,26.50,100.00,36.44,82.72	30:A100,29.50,100.00,37.80,30.43	35:A100,25.40,100.00,32.50,19.06	40:A100,28.70,100.00,32.63,30.78	45:A100,24.40,100.00,17.97,15.86	
0:A100,29.00,100.00,38.40,25.00	5:A100,29.20,100.00,19.31,37.46	10:A100,26.70,100.00,12.99,40.00	15:A100,29.00,100.00,74.40,27.99	20:A100,26.00,100.00,40.00,17.50	25:A100,27.00,100.00,36.44,82.72	30:B000,29.50,100.00,18.90,30.43	35:A100,25.90,100.00,32.50,19.06	40:A100,29.20,100.00,32.63,30.78	45:A100,24.90,100.00,17.97,15.86	
0:B220,30.10,100.00,129.20,25.00	5:A100,29.70,100.00,19.31,37.46	10:A100,27.20,100.00,12.99,40.00	15:A100,29.50,100.00,74.40,27.99	20:A100,26.50,100.00,40.00,17.50	25:A100,27.50,100.00,36.44,82.72	30:A100,30.00,100.00,18.90,30.43	35:B220,27.00,100.00,126.25,19.06	40:A100,29.70,100.00,32.63,30.78	45:A100,25.40,100.00,17.97,15.86	
0:B000,30.10,100.00,64.60,25.00	5:A100,30.20,100.00,19.31,37.46	10:A100,27.70,100.00,12.99,40.00	15:A100,30.00,100.00,74.40,27.99	20:A100,27.00,100.00,40.00,17.50	25:A100,28.00,100.00,36.44,82.72	30:A100,30.50,100.00,18.90,30.43	35:A100,27.50,100.00,126.25,19.06	40:A100,30.20,100.00,32.63,30.78	45:A100,25.90,100.00,17.97,15.86	
0:A100,30.60,100.00,64.60,25.00	5:A100,30.70,100.00,19.31,37.46	10:A100,28.20,100.00,12.99,40.00	15:B220,31.10,100.00,147.20,27.99	20:A100,27.50,100.00,40.00,17.50	25:A100,28.50,100.00,36.44,82.72	30:A100,31.00,100.00,18.90,30.43	35:B220,28.60,100.00,173.13,19.06	40:A100,30.70,100.00,32.63,30.78	45:A100,26.40,100.00,17.97,15.86	
0:A100,31.10,100.00,64.60,25.00	5:A100,31.20,100.00,19.31,37.46	10:A100,28.70,100.00,12.99,40.00	15:B000,31.10,100.00,73.60,27.99	20:A100,28.00,100.00,40.00,17.50	25:A100,29.00,100.00,36.44,82.72	30:A100,31.50,100.00,18.90,30.43	35:B000,28.60,100.00,86.56,19.06	40:A100,31.20,100.00,32.63,30.78	45:A100,26.90,100.00,17.97,15.86	
0:B220,32.20,100.00,142.30,25.00	5:A100,31.70,100.00,19.31,37.46	10:A100,29.20,100.00,12.99,40.00	15:A100,31.60,100.00,73.60,27.99	20:A100,28.50,100.00,40.00,17.50	25:A100,29.50,100.00,36.44,82.72	30:A100,32.00,100.00,18.90,30.43	35:B000,28.60,100.00,43.28,19.06	40:A100,31.70,100.00,32.63,30.78	45:A100,27.40,100.00,17.97,15.86	
0:B220,33.30,100.00,181.15,25.00	5:A100,32.20,100.00,19.31,37.46	10:A100,29.70,100.00,12.99,40.00	15:B220,32.70,100.00,146.80,27.99	20:A100,29.00,100.00,40.00,17.50	25:A100,30.00,100.00,36.44,82.72	30:A100,32.50,100.00,18.90,30.43	35:A100,29.10,100.00,43.28,19.06	40:A100,32.20,100.00,32.63,30.78	45:A100,27.90,100.00,17.97,15.86	
0:B000,33.30,100.00,90.58,25.00	5:A100,32.70,100.00,19.31,37.46	10:A100,30.20,100.00,12.99,40.00	15:B220,33.80,100.00,183.40,27.99	20:A100,29.50,100.00,40.00,17.50	25:A100,30.50,100.00,36.44,82.72	30:A100,33.00,100.00,18.90,30.43	35:A100,29.60,100.00,43.28,19.06	40:A100,32.70,100.00,32.63,30.78	45:A100,28.40,100.00,17.97,15.86	
0:A100,33.80,100.00,90.58,25.00	5:B000,32.70,100.00, 9.65,37.46	10:A100,30.70,100.00,12.99,40.00	15:B000,33.80,100.00,91.70,27.99	20:A100,30.00,100.00,40.00,17.50	25:C180,31.40,100.00,36.44,131.36	30:A100,33.50,100.00,18.90,30.43	35:A100,30.10,100.00,43.28,19.06	40:A100,33.20,100.00,32.63,30.78	45:A100,28.90,100.00,17.97,15.86	
0:B220,34.90,100.00,155.29,25.00	5:A100,33.20,100.00, 9.65,37.46	10:A100,31.20,100.00,12.99,40.00	15:A100,34.30,100.00,91.70,27.99	20:A100,30.50,100.00,40.00,17.50	25:C180,32.30,100.00,36.44,155.68	30:A100,34.00,100.00,18.90,30.43	35:A100,30.60,100.00,43.28,19.06	40:A100,33.70,100.00,32.63,30.78	45:A100,29.40,100.00,17.97,15.86	
0:B000,34.90,100.00,77.64,25.00	5:A100,33.70,100.00, 9.65,37.46	10:C180,32.10,100.00,12.99,110.00	15:A100,34.80,100.00,91.70,27.99	20:B000,30.50,100.00,20.00,17.50	25:C000,32.30,100.00,36.44,77.84	30:A100,34.50,100.00,18.90,30.43	35:A100,31.10,100.00,43.28,19.06	40:A100,34.20,100.00,32.63,30.78	45:A100,29.90,100.00,17.97,15.86	
0:B220,36.00,100.00,148.82,25.00	5:A100,34.20,100.00, 9.65,37.46	10:C000,32.10,100.00,12.99,55.00	15:A100,35.30,100.00,91.70,27.99	20:A100,31.00,100.00,20.00,17.50	25:C000,32.30,100.00,36.44,38.92	30:A100,35.00,100.00,18.90,30.43	35:A100,31.60,100.00,43.28,19.06	40:A100,34.70,100.00,32.63,30.78	45:A100,30.40,100.00,17.97,15.86	
0:B220,37.10,100.00,184.41,25.00	5:A100,34.70,100.00, 9.65,37.46	10:A100,32.60,100.00,12.99,55.00	15:A100,35.80,100.00,91.70,27.99	20:A100,31.50,100.00,20.00,17.50	25:A100,32.80,100.00,36.44,38.92	30:A100,35.50,100.00,18.90,30.43	35:A100,32.10,100.00,43.28,19.06	40:A100,35.20,100.00,32.63,30.78	45:A100,30.90,100.00,17.97,15.86	
0:A100,37.60,100.00,184.41,25.00	5:A100,35.20,100.00, 9.65,37.46	10:A100,33.10,100.00,12.99,55.00	15:B000,35.80,100.00,45.85,27.99	20:A100,32.00,100.00,20.00,17.50	25:A100,33.30,100.00,36.44,38.92	30:A100,36.00,100.00,18.90,30.43	35:A100,32.60,100.00,43.28,19.06	40:A100,35.70,100.00,32.63,30.78	45:A100,31.40,100.00,17.97,15.86	
0:B000,37.60,100.00,92.21,25.00	5:A100,35.70,100.00, 9.65,37.46	10:A100,33.60,100.00,12.99,55.00	15:C000,35.80,100.00,45.85,14.00	20:A100,32.50,100.00,20.00,17.50	25:A100,33.80,100.00,36.44,38.92	30:A100,36.50,100.00,18.90,30.43	35:A100,33.10,100.00,43.28,19.06	40:B000,35.70,100.00,16.31,30.78	45:A100,31.90,100.00,17.97,15.86	
0:B000,37.60,100.00,46.10,25.00	5:A100,36.20,100.00, 9.65,37.46	10:A100,34.10,100.00,12.99,55.00	15:C000,35.80,100.00,45.85, 7.00	20:A100,33.00,100.00,20.00,17.50	25:A100,34.30,100.00,36.44,38.92	30:A100,37.00,100.00,18.90,30.43	35:A100,33.60,100.00,43.28,19.06	40:A100,36.20,100.00,16.31,30.78	45:A100,32.40,100.00,17.97,15.86	
0:A100,38.10,100.00,46.10,25.00	5:A100,36.70,100.00, 9.65,37.46	10:A100,34.60,100.00,12.99,55.00	15:A100,36.30,100.00,45.85, 7.00	20:A100,33.50,100.00,20.00,17.50	25:A100,34.80,100.00,36.44,38.92	30:A100,37.50,100.00,18.90,30.43	35:A100,34.10,100.00,43.28,19.06	40:A100,36.70,100.00,16.31,30.78	45:A100,32.90,100.00,17.97,15.86	
0:A100,38.60,100.00,46.10,25.00	5:A100,37.20,100.00, 9.65,37.46	10:A100,35.10,100.00,12.99,55.00	15:A100,36.80,100.00,45.85, 7.00	20:A100,34.00,100.00,20.00,17.50	25:A100,35.30,100.00,36.44,38.92	30:A100,38.00,100.00,18.90,30.43	35:A100,34.60,100.00,43.28,19.06	40:A100,37.20,100.00,16.31,30.78	45:A100,33.40,100.00,17.97,15.86	
0:A100,39.10,100.00,46.10,25.00	5:A100,37.70,100.00, 9.65,37.46	10:A100,35.60,100.00,12.99,55.00	15:A100,37.30,100.00,45.85, 7.00	20:A100,34.50,100.00,20.00,17.50	25:A100,35.80,100.00,36.44,38.92	30:A100,38.50,100.00,18.90,30.43	35:A100,35.10,100.00,43.28,19.06	40:A100,37.70,100.00,16.31,30.78	45:A100,33.90,100.00,17.97,15.86	
0:A100,39.60,100.00,46.10,25.00	5:A100,38.20,100.00, 9.65,37.46	10:A100,36.10,100.00,12.99,55.00	15:A100,37.80,100.00,45.85, 7.00	20:A100,35.00,100.00,20.00,17.50	25:C180,36.70,100.00,36.44,109.46	30:A100,39.00,100.00,18.90,30.43	35:A100,35.60,100.00,43.28,19.06	40:A100,38.20,100.00,16.31,30.78	45:A100,34.40,100.00,17.97,15.86	
0:A100,40.10,100.00,46.10,25.00	5:A100,38.70,100.00, 9.65,37.46	10:A100,36.60,100.00,12.99,55.00	15:A100,38.30,100.00,45.85, 7.00	20:A100,35.50,100.00,20.00,17.50	25:C180,37.60,100.00,36.44,144.73	30:B220,40.10,100.00,119.45,30.43	35:A100,36.10,100.00,43.28,19.06	40:A100,38.70,100.00,16.31,30.78	45:B220,35.50,100.00,118.98,15.86	
0:A100,40.60,100.00,46.10,25.00	5:A100,39.20,100.00, 9.65,37.46	10:A100,37.10,100.00,12.99,55.00	15:A100,38.80,100.00,45.85, 7.00	20:A100,36.00,100.00,20.00,17.50	25:C000,37.60,100.00,36.44,72.37	30:A100,40.60,100.00,119.45,30.43	35:A100,36.60,100.00,43.28,19.06	40:A100,39.20,100.00,16.31,30.78	45:B220,36.60,100.00,169.49,15.86	
0:A100,41.10,100.00,46.10,25.00	5:A100,39.70,100.00, 9.65,37.46	10:A100,37.60,100.00,12.99,55.00	15:A100,39.30,100.00,45.85, 7.00	20:A100,36.50,100.00,20.00,17.50	25:A100,38.10,100.00,36.44,72.37	30:B000,40.60,100.00,59.72,30.43	35:A100,37.10,100.00,43.28,19.06	40:A100,39.70,100.00,16.31,30.78	45:B220,37.70,100.00,194.75,15.86	
0:A100,41.60,100.00,46.10,25.00	5:A100,40.20,100.00, 9.65,37.46	10:A100,38.10,100.00,12.99,55.00	15:A100,39.80,100.00,45.85, 7.00	20:A100,37.00,100.00,20.00,17.50	25:A100,38.60,100.00,36.44,72.37	30:C180,41.50,100.00,59.72,105.21	35:A100,37.60,100.00,43.28,19.06	40:A100,40.20,100.00,16.31,30.78	45:B000,37.70,100.00,97.37,15.86	
0:A100,42.10,100.00,46.10,25.00	5:A100,40.70,100.00, 9.65,37.46	10:A100,38.60,100.00,12.99,55.00	15:A100,40.30,100.00,45.85, 7.00	20:A100,37.50,100.00,20.00,17.50	25:C180,39.50,100.00,36.44,126.18	30:C000,41.50,100.00,59.72,52.61	35:A100,38.10,100.00,43.28,19.06	40:A100,40.70,100.00,16.31,30.78	45:C180,38.60,100.00,97.37,97.93	
0:A100,42.60,100.00,46.10,25.00	5:A100,41.20,100.00, 9.65,37.46	10:A100,39.10,100.00,12.99,55.00	15:A100,40.80,100.00,45.85, 7.00	20:A100,38.00,100.00,20.00,17.50	25:C000,39.50,100.00,36.44,63.09	30:C180,42.40,100.00,59.72,116.30	35:A100,38.60,100.00,43.28,19.06	40:A100,41.20,100.00,16.31,30.78	45:A100,39.10,100.00,97.37,97.93	
0:A100,43.10,100.00,46.10,25.00	5:A100,41.70,100.00, 9.65,37.46	10:A100,39.60,100.00,12.99,55.00	15:A100,41.30,100.00,45.85, 7.00	20:A100,38.50,100.00,20.00,17.50	25:A100,40.00,100.00,36.44,63.09	30:C180,43.30,100.00,59.72,148.15	35:A100,39.10,100.00,43.28,19.06	40:A100,41.70,100.00,16.31,30.78	45:B000,39.10,100.00,48.69,97.93	
0:A100,43.60,100.00,46.10,25.00	5:A100,42.20,100.00, 9.65,37.46	10:A100,40.10,100.00,12.99,55.00	15:A100,41.80,100.00,45.85, 7.00	20:A100,39.00,100.00,20.00,17.50	25:A100,40.50,100.00,36.44,63.09	30:C180,44.20,100.00,59.72,164.08	35:A100,39.60,100.00,43.28,19.06	40:A100,42.20,100.00,16.31,30.78	45:A100,39.60,100.00,48.69,97.93	
0:A100,44.10,100.00,46.10,25.00	5:A100,42.70,100.00, 9.65,37.46	10:A100,40.60,100.00,12.99,55.00	15:A100,42.30,100.00,45.85, 7.00	20:A100,39.50,100.00,20.00,17.50	25:A100,41.00,100.00,36.44,63.09	30:C000,44.20,100.00,59.72,82.04	35:A100,40.10,100.00,43.28,19.06	40:A100,42.70,100.00,16.31,30.78	45:A100,40.10,100.00,48.69,97.93	
0:A100,44.60,100.00,46.10,25.00	5:A100,43.20,100.00, 9.65,37.46	10:A100,41.10,100.00,12.99,55.00	15:B000,42.30,100.00,22.93, 7.00	20:A100,40.00,100.00,20.00,17.50	25:C180,41.90,100.00,36.44,121.55	30:A100,44.70,100.00,59.72,82.04	35:A100,40.60,100.00,43.28,19.06	40:A100,43.20,100.00,16.31,30.78	45:A100,40.60,100.00,48.69,97.93	
0:A100,45.10,100.00,46.10,25.00	5:A100,43.70,100.00, 9.65,37.46	10:A100,41.60,100.00,12.99,55.00	15:A100,42.80,100.00,22.93, 7.00	20:A100,40.50,100.00,20.00,17.50	25:C000,41.90,100.00,36.44,60.77	30:A100,45.20,100.00,59.72,82.04	35:A100,41.10,100.00,43.28,19.06	40:A100,43.70,100.00,16.31,30.78	45:A100,41.10,100.00,48.69,97.93	
0:A100,45.60,100.00,46.10,25.00	5:A100,44.20,100.00, 9.65,37.46	10:A100,42.10,100.00,12.99,55.00	15:A100,43.30,100.00,22.93, 7.00	20:A100,41.00,100.00,20.00,17.50	25:A100,42.40,100.00,36.44,60.77	30:A100,45.70,100.00,59.72,82.04	35:A100,41.60,100.00,43.28,19.06	40:A100,44.20,100.00,16.31,30.78	45:A100,41.60,100.00,48.69,97.93	
0:A100,46.10,100.00,46.10,25.00	5:A100,44.70,100.00, 9.65,37.46	10:A100,42.60,100.00,12.99,55.00	15:A100,43.80,100.00,22.93, 7.00	20:A100,41.50,100.00,20.00,17.50	25:A100,42.90,100.00,36.44,60.77	30:A100,46.20,100.00,59.72,82.04	35:A100,42.10,100.00,43.28,19.06	40:A100,44.70,100.00,16.31,30.78	45:A100,42.10,100.00,48.69,97.93	
0:A100,46.60,100.00,46.10,25.00	5:A100,45.20,100.00, 9.65,37.46	10:A100,43.10,100.00,12.99,55.00	15:A100,44.30,100.00,22.93, 7.00	20:A100,42.00,100.00,20.00,17.50	25:A100,43.40,100.00,36.44,60.77	30:A100,46.70,100.00,59.72,82.04	35:A100,42.60,100.00,43.28,19.06	40:A100,45.20,100.00,16.31,30.78	45:C180,43.00,100.00,48.69,138.96	
0:B000,46.60,100.00,23.05,25.00	5:A100,45.70,100.00, 9.65,37.46	10:A100,43.60,100.00,12.99,55.00	15:A100,44.80,100.00,22.93, 7.00	20:B220,43.10,100.00,120.00,17.50	25:A100,43.90,100.00,36.44,60.77	30:C180,47.60,100.00,59.72,131.02	35:A100,43.10,100.00,43.28,19.06	40:A100,45.70,100.00,16.31,30.78	45:C000,43.00,100.00,48.69,69.48	
0:A100,47.10,100.00,23.05,25.00	5:C000,45.70,100.00, 9.65,18.73	10:A100,44.10,100.00,12.99,55.00	15:A100,45.30,100.00,22.93, 7.00	20:B000,43.10,100.00,60.00,17.50	25:A100,44.40,100.00,36.44,60.77	30:C000,47.60,100.00,59.72,65.51	35:B220,44.20,100.00,131.64,19.06	40:A100,46.20,100.00,16.31,30.78	45:A100,43.50,100.00,48.69,69.48	
0:A100,47.60,100.00,23.05,25.00	5:A100,46.20,100.00, 9.65,18.73	10:A100,44.60,100.00,12.99,55.00	15:A100,45.80,100.00,22.93, 7.00	20:A100,43.60,100.00,60.00,17.50	25:A100,44.90,100.00,36.44,60.77	30:A100,48.10,100.00,59.72,65.51	35:B220,45.30,100.00,175.82,19.06	40:A100,46.70,100.00,16.31,30.78	45:A100,44.00,100.00,48.69,69.48	
0:A100,48.10,100.00,23.05,25.00	5:A100,46.70,100.00, 9.65,18.73	10:A100,45.10,100.00,12.99,55.00	15:A100,46.30,100.00,22.93, 7.00	20:A100,44.10,100.00,60.00,17.50	25:A100,45.40,100.00,36.44,60.77	30:B220,49.20,100.00,139.86,65.51	35:B220,46.40,100.00,197.91,19.06	40:A100,47.20,100.00,16.31,30.78	45:C180,44.90,100.00,48.69,124.74	
0:A100,48.60,100.00,23.05,25.00	5:A100,47.20,100.00, 9.65,18.73	10:A100,45.60,100.00,12.99,55.00	15:A100,46.80,100.00,22.93, 7.00	20:A100,44.60,100.00,60.00,17.50	25:A100,45.90,100.00,36.44,60.77	30:A100,49.70,100.00,139.86,65.51	35:B000,46.40,100.00,98.96,19.06	40:A100,47.70,100.00,16.31,30.78	45:C180,45.80,100.00,48.69,152.37	
0:A100,49.10,100.00,23.05,25.00	5:A100,47.70,100.00, 9.65,18.73	10:A100,46.10,100.00,12.99,55.00	15:A100,47.30,100.00,22.93, 7.00	20:A100,45.10,100.00,60.00,17.50	25:C000,45.90,100.00,36.44,30.39	30:B000,49.70,100.00,69.93,65.51	35:A100,46.90,100.00,98.96,19.06	40:A100,48.20,100.00,16.31,30.78	45:C180,46.70,100.00,48.69,166.19	
0:A100,49.60,100.00,23.05,25.00	5:A100,48.20,100.00, 9.65,18.73	10:A100,46.60,100.00,12.99,55.00	15:A100,47.80,100.00,22.93, 7.00	20:A100,45.60,100.00,60.00,17.50	25:A100,46.40,100.00,36.44,30.39	30:A100,50.20,100.00,69.93,65.51	35:B220,48.00,100.00,159.48,19.06	40:A100,48.70,100.00,16.31,30.78	45:C000,46.70,100.00,48.69,83.09	
0:A100,50.10,100.00,23.05,25.00	5:A100,48.70,100.00, 9.65,18.73	10:A100,47.10,100.00,12.99,55.00	15:A100,48.30,100.00,22.93, 7.00	20:A100,46.10,100.00,60.00,17.50	25:A100,46.90,100.00,36.44,30.39	30:A100,50.70,100.00,69.93,65.51	35:B000,48.00,100.00,79.74,19.06	40:A100,49.20,100.00,16.31,30.78	45:C180,47.60,100.00,48.69,131.55	
0:A100,50.60,100.00,23.05,25.00	5:B000,48.70,100.00, 4.83,18.73	10:A100,47.60,100.00,12.99,55.00	15:A100,48.80,100.00,22.93, 7.00	20:A100,46.60,100.00,60.00,17.50	25:A100,47.40,100.00,36.44,30.39	30:A100,51.20,100.00,69.93,65.51	35:A100,48.50,100.00,79.74,19.06	40:A100,49.70,100.00,16.31,30.78	45:A100,48.10,100.00,48.69,131.55	
0:A100,51.10,100.00,23.05,25.00	5:A100,49.20,100.00, 4.83,18.73	10:A100,48.10,100.00,12.99,55.00	15:A100,49.30,100.00,22.93, 7.00	20:A100,47.10,100.00,60.00,17.50	25:A100,47.90,100.00,36.44,30.39	30:B000,51.20,100.00,34.97,65.51	35:A100,49.00,100.00,79.74,19.06	40:A100,50.20,100.00,16.31,30.78	45:A100,48.60,100.00,48.69,131.55	
0:A100,51.60,100.00,23.05,25.00	5:A100,49.70,100.00, 4.83,18.73	10:A100,48.60,100.00,12.99,55.00	15:A100,49.80,100.00,22.93, 7.00	20:A100,47.60,100.00,60.00,17.50	25:A100,48.40,100.00,36.44,30.39	30:A100,51.70,100.00,34.97,65.51	35:A100,49.50,100.00,79.74,19.06	40:A100,50.70,100.00,16.31,30.78	45:C180,49.50,100.00,48.69,155.77	
0:A100,52.10,100.00,23.05,25.00	5:A100,50.20,100.00, 4.83,18.73	10:A100,49.10,100.00,12.99,55.00	15:A100,50.30,100.00,22.93, 7.00	20:A100,48.10,100.00,60.00,17.50	25:A100,48.90,100.00,36.44,30.39	30:C000,51.70,100.00,34.97,32.75	35:A100,50.00,100.00,79.74,19.06	40:A100,51.20,100.00,16.31,30.78	45:C000,49.50,100.00,48.69,77.89	
0:A100,52.60,100.00,23.05,25.00	5:A100,50.70,100.00, 4.83,18.73	10:A100,49.60,100.00,12.99,55.00	15:A100,50.80,100.00,22.93, 7.00	20:A100,48.60,100.00,60.00,17.50	25:A100,49.40,100.00,36.44,30.39	30:A100,52.20,100.00,34.97,32.75	35:B000,50.00,100.00,39.87,19.06	40:A100,51.70,100.00,16.31,30.78	45:A100,50.00,100.00,48.69,77.89	
0:A100,53.10,100.00,23.05,25.00	5:A100,51.20,100.00, 4.83,18.73	10:A100,50.10,100.00,12.99,55.00	15:A100,51.30,100.00,22.93, 7.00	20:A100,49.10,100.00,60.00,17.50	25:A100,49.90,100.00,36.44,30.39	30:A100,52.70,100.00,34.97,32.75	35:A100,50.50,100.00,39.87,19.06	40:A100,52.20,100.00,16.31,30.78	45:A100,50.50,100.00,48.69,77.89	
0:A100,53.60,100.00,23.05,25.00	5:A100,51.70,100.00, 4.83,18.73	10:C180,51.00,100.00,12.99,117.50	15:A100,51.80,100.00,22.93, 7.00	20:A100,49.60,100.00,60.00,17.50	25:A100,50.40,100.00,36.44,30.39	30:A100,53.20,100.00,34.97,32.75	35:A100,51.00,100.00,39.87,19.06	40:A100,52.70,100.00,16.31,30.78	45:A100,51.00,100.00,48.69,77.89	
0:A100,54.10,100.00,23.05,25.00	5:A100,52.20,100.00, 4.83,18.73	10:C180,51.90,100.00,12.99,148.75	15:A100,52.30,100.00,22.93, 7.00	20:A100,50.10,100.00,60.00,17.50	25:A100,50.90,100.00,36.44,30.39	30:A100,53.70,100.00,34.97,32.75	35:A100,51.50,100.00,39.87,19.06	40:A100,53.20,100.00,16.31,30.78	45:C000,51.00,100.00,48.69,38.94	
0:A100,54.60,100.00,23.05,25.00	5:A100,52.70,100.00, 4.83,18.73	10:C180,52.80,100.00,12.99,164.38	15:A100,52.80,100.00,22.93, 7.00	20:A100,50.60,100.00,60.00,17.50	25:A100,51.40,100.00,36.44,30.39	30:A100,54.20,100.00,34.97,32.75	35:A100,52.00,100.00,39.87,19.06	40:A100,53.70,100.00,16.31,30.78	45:A100,51.50,100.00,48.69,38.94	
0:A100,55.10,100.00,23.05,25.00	5:A100,53.20,100.00, 4.83,18.73	10:C000,52.80,100.00,12.99,82.19	15:A100,53.30,100.00,22.93, 7.00	20:A100,51.10,100.00,60.00,17.50	25:A100,51.90,100.00,36.44,30.39	30:A100,54.70,100.00,34.97,32.75	35:A100,52.50,100.00,39.87,19.06	40:A100,54.20,100.00,16.31,30.78	45:A100,52.00,100.00,48.69,38.94	
0:A100,55.60,100.00,23.05,25.00	5:A100,53.70,100.00, 4.83,18.73	10:A100,53.30,100.00,12.99,82.19	15:A100,53.80,100.00,22.93, 7.00	20:A100,51.60,100.00,60.00,17.50	25:A100,52.40,100.00,36.44,30.39	30:A100,55.20,100.00,34.97,32.75	35:A100,53.00,100.00,39.87,19.06	40:A100,54.70,100.00,16.31,30.78	45:A100,52.50,100.00,48.69,38.94	
0:C180,56.50,100.00,23.05,102.50	5:A100,54.20,100.00, 4.83,18.73	10:A100,53.80,100.00,12.99,82.19	15:A100,54.30,100.00,22.93, 7.00	20:A100,52.10,100.00,60.00,17.50	25:A100,52.90,100.00,36.44,30.39	30:B000,55.20,100.00,17.48,32.75	35:A100,53.50,100.00,39.87,19.06	40:A100,55.20,100.00,16.31,30.78	45:A100,53.00,100.00,48.69,38.94	
0:A100,57.00,100.00,23.05,102.50	5:A100,54.70,100.00, 4.83,18.73	10:A100,54.30,100.00,12.99,82.19	15:A100,54.80,100.00,22.93, 7.00	20:A100,52.60,100.00,60.00,17.50	25:A100,53.40,100.00,36.44,30.39	30:C180,56.10,100.00,17.48,106.38	35:A100,54.00,100.00,39.87,19.06	40:A100,55.70,100.00,16.31,30.78	45:A100,53.50,100.00,48.69,38.94	
0:C180,57.90,100.00,23.05,141.25	5:A100,55.20,100.00, 4.83,18.73	10:A100,54.80,100.00,12.99,82.19	15:A100,55.30,100.00,22.93, 7.00	20:A100,53.10,100.00,60.00,17.50	25:A100,53.90,100.00,36.44,30.39	30:C180,57.00,100.00,17.48,143.19	35:A100,54.50,100.00,39.87,19.06	40:A100,56.20,100.00,16.31,30.78	45:A100,54.00,100.00,48.69,38.94	
0:C000,57.90,100.00,23.05,70.63	5:A100,55.70,100.00, 4.83,18.73	10:A100,55.30,100.00,12.99,82.19	15:A100,55.80,100.00,22.93, 7.00	20:A100,53.60,100.00,60.00,17.50	25:A100,54.40,100.00,36.44,30.39	30:C000,57.00,100.00,17.48,71.59	35:A100,55.00,100.00,39.87,19.06	40:A100,56.70,100.00,16.31,30.78	45:A100,54.50,100.00,48.69,38.94	
0:A100,58.40,100.00,23.05,70.63	5:A100,56.20,100.00, 4.83,18.73	10:C000,55.30,100.00,12.99,41.09	15:A100,56.30,100.00,22.93, 7.00	20:A100,54.10,100.00,60.00,17.50	25:A100,54.90,100.00,36.44,30.39	30:A100,57.50,100.00,17.48,71.59	35:A100,55.50,100.00,39.87,19.06	40:B220,57.80,100.00,118.16,30.78	45:A100,55.00,100.00,48.69,38.94	
0:A100,58.90,100.00,23.05,70.63	5:A100,56.70,100.00, 4.83,18.73	10:A100,55.80,100.00,12.99,41.09	15:B220,57.40,100.00,121.46, 7.00	20:A100,54.60,100.00,60.00,17.50	25:A100,55.40,100.00,36.44,30.39	30:A100,58.00,100.00,17.48,71.59	35:A100,56.00,100.00,39.87,19.06	40:B000,57.80,100.00,59.08,30.78	45:A100,55.50,100.00,48.69,38.94	
0:A100,59.40,100.00,23.05,70.63	5:A100,57.20,100.00, 4.83,18.73	10:A100,56.30,100.00,12.99,41.09	15:B220,58.50,100.00,170.73, 7.00	20:A100,55.10,100.00,60.00,17.50	25:A100,55.90,100.00,36.44,30.39	30:A100,58.50,100.00,17.48,71.59	35:A100,56.50,100.00,39.87,19.06	40:A100,58.30,100.00,59.08,30.78	45:A100,56.00,100.00,48.69,38.94	
0:A100,59.90,100.00,23.05,70.63	5:A100,57.70,100.00, 4.83,18.73	10:A100,56.80,100.00,12.99,41.09	15:B000,58.50,100.00,85.37, 7.00	20:A100,55.60,100.00,60.00,17.50	25:A100,56.40,100.00,36.44,30.39	30:A100,59.00,100.00,17.48,71.59	35:A100,57.00,100.00,39.87,19.06	40:A100,58.80,100.00,59.08,30.78	45:A100,56.50,100.00,48.69,38.94	
0:A100,60.40,100.00,23.05,70.63	5:A100,58.20,100.00, 4.83,18.73	10:B000,56.80,100.00, 6.49,41.09	15:B000,58.50,100.00,42.68, 7.00	20:A100,56.10,100.00,60.00,17.50	25:A100,56.90,100.00,36.44,30.39	30:A100,59.50,100.00,17.48,71.59	35:A100,57.50,100.00,39.87,19.06	40:A100,59.30,100.00,59.08,30.78	45:A100,57.00,100.00,48.69,38.94	
0:A100,60.90,100.00,23.05,70.63	5:A100,58.70,100.00, 4.83,18.73	10:A100,57.30,100.00, 6.49,41.09	15:A100,59.00,100.00,42.68, 7.00	20:A100,56.60,100.00,60.00,17.50	25:A100,57.40,100.00,36.44,30.39	30:A100,60.00,100.00,17.48,71.59	35:A100,58.00,100.00,39.87,19.06	40:A100,59.80,100.00,59.08,30.78	45:A100,57.50,100.00,48.69,38.94	
0:C180,61.80,100.00,23.05,125.31	5:A100,59.20,100.00, 4.83,18.73	10:A100,57.80,100.00, 6.49,41.09	15:A100,59.50,100.00,42.68, 7.00	20:A100,57.10,100.00,60.00,17.50	25:A100,57.90,100.00,36.44,30.39	30:A100,60.50,100.00,17.48,71.59	35:A100,58.50,100.00,39.87,19.06	40:A100,60.30,100.00,59.08,30.78	45:A100,58.00,100.00,48.69,38.94	
0:C000,61.80,100.00,23.05,62.66	5:A100,59.70,100.00, 4.83,18.73	10:A100,58.30,100.00, 6.49,41.09	15:A100,60.00,100.00,42.68, 7.00	20:A100,57.60,100.00,60.00,17.50	25:A100,58.40,100.00,36.44,30.39	30:A100,61.00,100.00,17.48,71.59	35:A100,59.00,100.00,39.87,19.06	40:A100,60.80,100.00,59.08,30.78	45:A100,58.50,100.00,48.69,38.94	
0:A100,62.30,100.00,23.05,62.66	5:A100,60.20,100.00, 4.83,18.73	10:A100,58.80,100.00, 6.49,41.09	15:A100,60.50,100.00,42.68, 7.00	20:A100,58.10,100.00,60.00,17.50	25:A100,58.90,100.00,36.44,30.39	30:A100,61.50,100.00,17.48,71.59	35:A100,59.50,100.00,39.87,19.06	40:A100,61.30,100.00,59.08,30.78	45:A100,59.00,100.00,48.69,38.94	
0:A100,62.80,100.00,23.05,62.66	5:A100,60.70,100.00, 4.83,18.73	10:C000,58.80,100.00, 6.49,20.55	15:A100,61.00,100.00,42.68, 7.00	20:A100,58.60,100.00,60.00,17.50	25:A100,59.40,100.00,36.44,30.39	30:A100,62.00,100.00,17.48,71.59	35:A100,60.00,100.00,39.87,19.06	40:B220,62.40,100.00,139.54,30.78	45:A100,59.50,100.00,48.69,38.94	
0:A100,63.30,100.00,23.05,62.66	5:A100,61.20,100.00, 4.83,18.73	10:A100,59.30,100.00, 6.49,20.55	15:A100,61.50,100.00,42.68, 7.00	20:A100,59.10,100.00,60.00,17.50	25:A100,59.90,100.00,36.44,30.39	30:A100,62.50,100.00,17.48,71.59	35:A100,60.50,100.00,39.87,19.06	40:A100,62.90,100.00,139.54,30.78	45:A100,60.00,100.00,48.69,38.94	
0:B220,64.40,100.00,121.53,62.66	5:A100,61.70,100.00, 4.83,18.73	10:A100,59.80,100.00, 6.49,20.55	15:A100,62.00,100.00,42.68, 7.00	20:A100,59.60,100.00,60.00,17.50	25:A100,60.40,100.00,36.44,30.39	30:A100,63.00,100.00,17.48,71.59	35:A100,61.00,100.00,39.87,19.06	40:B220,64.00,100.00,179.77,30.78	45:A100,60.50,100.00,48.69,38.94	
0:B220,65.50,100.00,170.76,62.66	5:A100,62.20,100.00, 4.83,18.73	10:A100,60.30,100.00, 6.49,20.55	15:A100,62.50,100.00,42.68, 7.00	20:A100,60.10,100.00,60.00,17.50	25:A100,60.90,100.00,36.44,30.39	30:C180,63.90,100.00,17.48,125.80	35:A100,61.50,100.00,39.87,19.06	40:B220,65.10,100.00,199.88,30.78	45:A100,61.00,100.00,48.69,38.94	
0:B220,66.60,100.00,195.38,62.66	5:A100,62.70,100.00, 4.83,18.73	10:A100,60.80,100.00, 6.49,20.55	15:A100,63.00,100.00,42.68, 7.00	20:A100,60.60,100.00,60.00,17.50	25:A100,61.40,100.00,36.44,30.39	30:C000,63.90,100.00,17.48,62.90	35:A100,62.00,100.00,39.87,19.06	40:B220,66.20,100.00,209.94,30.78	45:A100,61.50,100.00,48.69,38.94	
0:B220,67.70,100.00,207.69,62.66	5:A100,63.20,100.00, 4.83,18.73	10:A100,61.30,100.00, 6.49,20.55	15:B000,63.00,100.00,21.34, 7.00	20:A100,61.10,100.00,60.00,17.50	25:A100,61.90,100.00,36.44,30.39	30:A100,64.40,100.00,17.48,62.90	35:A100,62.50,100.00,39.87,19.06	40:B220,67.30,100.00,214.97,30.78	45:C000,61.50,100.00,48.69,19.47	
0:B220,68.80,100.00,213.85,62.66	5:A100,63.70,100.00, 4.83,18.73	10:A100,61.80,100.00, 6.49,20.55	15:A100,63.50,100.00,21.34, 7.00	20:A100,61.60,100.00,60.00,17.50	25:A100,62.40,100.00,36.44,30.39	30:A100,64.90,100.00,17.48,62.90	35:A100,63.00,100.00,39.87,19.06	40:B220,68.40,100.00,217.49,30.78	45:A100,62.00,100.00,48.69,19.47	
0:B000,68.80,100.00,106.92,62.66	5:A100,64.20,100.00, 4.83,18.73	10:A100,62.30,100.00, 6.49,20.55	15:A100,64.00,100.00,21.34, 7.00	20:A100,62.10,100.00,60.00,17.50	25:A100,62.90,100.00,36.44,30.39	30:A100,65.40,100.00,17.48,62.90	35:A100,63.50,100.00,39.87,19.06	40:B000,68.40,100.00,108.74,30.78	45:A100,62.50,100.00,48.69,19.47	
0:B000,68.80,100.00,53.46,62.66	5:A100,64.70,100.00, 4.83,18.73	10:A100,62.80,100.00, 6.49,20.55	15:A100,64.50,100.00,21.34, 7.00	20:A100,62.60,100.00,60.00,17.50	25:A100,63.40,100.00,36.44,30.39	30:A100,65.90,100.00,17.48,62.90	35:A100,64.00,100.00,39.87,19.06	40:B220,69.50,100.00,164.37,30.78	45:A100,63.00,100.00,48.69,19.47	
0:C180,69.70,100.00,53.46,121.33	5:A100,65.20,100.00, 4.83,18.73	10:A100,63.30,100.00, 6.49,20.55	15:A100,65.00,100.00,21.34, 7.00	20:A100,63.10,100.00,60.00,17.50	25:A100,63.90,100.00,36.44,30.39	30:A100,66.40,100.00,17.48,62.90	35:A100,64.50,100.00,39.87,19.06	40:A100,70.00,100.00,164.37,30.78	45:A100,63.50,100.00,48.69,19.47	
0:C180,70.60,100.00,53.46,150.66	5:A100,65.70,100.00, 4.83,18.73	10:A100,63.80,100.00, 6.49,20.55	15:A100,65.50,100.00,21.34, 7.00	20:A100,63.60,100.00,60.00,17.50	25:A100,64.40,100.00,36.44,30.39	30:A100,66.90,100.00,17.48,62.90	35:A100,65.00,100.00,39.87,19.06	40:B000,70.00,100.00,82.19,30.78	45:B000,63.50,100.00,24.34,19.47	
0:C000,70.60,100.00,53.46,75.33	5:A100,66.20,100.00, 4.83,18.73	10:A100,64.30,100.00, 6.49,20.55	15:A100,66.00,100.00,21.34, 7.00	20:A100,64.10,100.00,60.00,17.50	25:A100,64.90,100.00,36.44,30.39	30:A100,67.40,100.00,17.48,62.90	35:A100,65.50,100.00,39.87,19.06	40:A100,70.50,100.00,82.19,30.78	45:A100,64.00,100.00,24.34,19.47	
0:A100,71.10,100.00,53.46,75.33	5:A100,66.70,100.00, 4.83,18.73	10:A100,64.80,100.00, 6.49,20.55	15:A100,66.50,100.00,21.34, 7.00	20:B220,65.20,100.00,140.00,17.50	25:A100,65.40,100.00,36.44,30.39	30:A100,67.90,100.00,17.48,62.90	35:A100,66.00,100.00,39.87,19.06	40:A100,71.00,100.00,82.19,30.78	45:A100,64.50,100.00,24.34,19.47	
0:C180,72.00,100.00,53.46,127.67	5:A100,67.20,100.00, 4.83,18.73	10:A100,65.30,100.00, 6.49,20.55	15:B220,67.60,100.00,120.67, 7.00	20:B220,66.30,100.00,180.00,17.50	25:A100,65.90,100.00,36.44,30.39	30:A100,68.40,100.00,17.48,62.90	35:A100,66.50,100.00,39.87,19.06	40:B220,72.10,100.00,151.09,30.78	45:A100,65.00,100.00,24.34,19.47	
0:C180,72.90,100.00,53.46,153.83	5:A100,67.70,100.00, 4.83,18.73	10:A100,65.80,100.00, 6.49,20.55	15:A100,68.10,100.00,120.67, 7.00	20:B220,67.40,100.00,200.00,17.50	25:A100,66.40,100.00,36.44,30.39	30:C180,69.30,100.00,17.48,121.45	35:A100,67.00,100.00,39.87,19.06	40:B000,72.10,100.00,75.55,30.78	45:A100,65.50,100.00,24.34,19.47	
0:C000,72.90,100.00,53.46,76.92	5:A100,68.20,100.00, 4.83,18.73	10:A100,66.30,100.00, 6.49,20.55	15:B000,68.10,100.00,60.34, 7.00	20:B000,67.40,100.00,100.00,17.50	25:B220,67.50,100.00,128.22,30.39	30:A100,69.80,100.00,17.48,121.45	35:A100,67.50,100.00,39.87,19.06	40:A100,72.60,100.00,75.55,30.78	45:A100,66.00,100.00,24.34,19.47	
0:A100,73.40,100.00,53.46,76.92	5:A100,68.70,100.00, 4.83,18.73	10:A100,66.80,100.00, 6.49,20.55	15:A100,68.60,100.00,60.34, 7.00	20:A100,67.90,100.00,100.00,17.50	25:B220,68.60,100.00,174.11,30.39	30:C000,69.80,100.00,17.48,60.72	35:A100,68.00,100.00,39.87,19.06	40:A100,73.10,100.00,75.55,30.78	45:A100,66.50,100.00,24.34,19.47	
0:A100,73.90,100.00,53.46,76.92	5:A100,69.20,100.00, 4.83,18.73	10:A100,67.30,100.00, 6.49,20.55	15:A100,69.10,100.00,60.34, 7.00	20:B000,67.90,100.00,50.00,17.50	25:B220,69.70,100.00,197.06,30.39	30:A100,70.30,100.00,17.48,60.72	35:A100,68.50,100.00,39.87,19.06	40:A100,73.60,100.00,75.55,30.78	45:A100,67.00,100.00,24.34,19.47	
0:A100,74.40,100.00,53.46,76.92	5:A100,69.70,100.00, 4.83,18.73	10:A100,67.80,100.00, 6.49,20.55	15:B220,70.20,100.00,140.17, 7.00	20:A100,68.40,100.00,50.00,17.50	25:B220,70.80,100.00,208.53,30.39	30:A100,70.80,100.00,17.48,60.72	35:A100,69.00,100.00,39.87,19.06	40:A100,74.10,100.00,75.55,30.78	45:A100,67.50,100.00,24.34,19.47	
0:A100,74.90,100.00,53.46,76.92	5:A100,70.20,100.00, 4.83,18.73	10:A100,68.30,100.00, 6.49,20.55	15:B000,70.20,100.00,70.08, 7.00	20:A100,68.90,100.00,50.00,17.50	25:B220,71.90,100.00,214.26,30.39	30:A100,71.30,100.00,17.48,60.72	35:A100,69.50,100.00,39.87,19.06	40:A100,74.60,100.00,75.55,30.78	45:A100,68.00,100.00,24.34,19.47	
0:C180,75.80,100.00,53.46,128.46	5:A100,70.70,100.00, 4.83,18.73	10:A100,68.80,100.00, 6.49,20.55	15:A100,70.70,100.00,70.08, 7.00	20:A100,69.40,100.00,50.00,17.50	25:B220,73.00,100.00,217.13,30.39	30:A100,71.80,100.00,17.48,60.72	35:A100,70.00,100.00,39.87,19.06	40:A100,75.10,100.00,75.55,30.78	45:A100,68.50,100.00,24.34,19.47	
0:C000,75.80,100.00,53.46,64.23	5:A100,71.20,100.00, 4.83,18.73	10:A100,69.30,100.00, 6.49,20.55	15:A100,71.20,100.00,70.08, 7.00	20:B000,69.40,100.00,25.00,17.50	25:B000,73.00,100.00,108.57,30.39	30:A100,72.30,100.00,17.48,60.72	35:B000,70.00,100.00,19.93,19.06	40:A100,75.60,100.00,75.55,30.78	45:A100,69.00,100.00,24.34,19.47	
0:A100,76.30,100.00,53.46,64.23	5:A100,71.70,100.00, 4.83,18.73	10:A100,69.80,100.00, 6.49,20.55	15:A100,71.70,100.00,70.08, 7.00	20:A100,69.90,100.00,25.00,17.50	25:A100,73.50,100.00,108.57,30.39	30:A100,72.80,100.00,17.48,60.72	35:A100,70.50,100.00,19.93,19.06	40:B000,75.60,100.00,37.77,30.78	45:A100,69.50,100.00,24.34,19.47	
0:B220,77.40,100.00,136.73,64.23	5:A100,72.20,100.00, 4.83,18.73	10:A100,70.30,100.00, 6.49,20.55	15:A100,72.20,100.00,70.08, 7.00	20:A100,70.40,100.00,25.00,17.50	25:A100,74.00,100.00,108.57,30.39	30:A100,73.30,100.00,17.48,60.72	35:A100,71.00,100.00,19.93,19.06	40:A100,76.10,100.00,37.77,30.78	45:A100,70.00,100.00,24.34,19.47	
0:B220,78.50,100.00,178.37,64.23	5:A100,72.70,100.00, 4.83,18.73	10:A100,70.80,100.00, 6.49,20.55	15:A100,72.70,100.00,70.08, 7.00	20:A100,70.90,100.00,25.00,17.50	25:B000,74.00,100.00,54.28,30.39	30:A100,73.80,100.00,17.48,60.72	35:A100,71.50,100.00,19.93,19.06	40:A100,76.60,100.00,37.77,30.78	45:A100,70.50,100.00,24.34,19.47	
0:B000,78.50,100.00,89.18,64.23	5:A100,73.20,100.00, 4.83,18.73	10:A100,71.30,100.00, 6.49,20.55	15:A100,73.20,100.00,70.08, 7.00	20:C180,71.80,100.00,25.00,98.75	25:A100,74.50,100.00,54.28,30.39	30:A100,74.30,100.00,17.48,60.72	35:A100,72.00,100.00,19.93,19.06	40:A100,77.10,100.00,37.77,30.78	45:A100,71.00,100.00,24.34,19.47	
0:A100,79.00,100.00,89.18,64.23	5:A100,73.70,100.00, 4.83,18.73	10:C180,72.20,100.00, 6.49,100.27	15:A100,73.70,100.00,70.08, 7.00	20:C180,72.70,100.00,25.00,139.38	25:A100,75.00,100.00,54.28,30.39	30:A100,74.80,100.00,17.48,60.72	35:A100,72.50,100.00,19.93,19.06	40:A100,77.60,100.00,37.77,30.78	45:A100,71.50,100.00,24.34,19.47	
0:C000,79.00,100.00,89.18,32.11	5:A100,74.20,100.00, 4.83,18.73	10:A100,72.70,100.00, 6.49,100.27	15:B220,74.80,100.00,145.04, 7.00	20:C180,73.60,100.00,25.00,159.69	25:A100,75.50,100.00,54.28,30.39	30:A100,75.30,100.00,17.48,60.72	35:A100,73.00,100.00,19.93,19.06	40:A100,78.10,100.00,37.77,30.78	45:A100,72.00,100.00,24.34,19.47	
0:A100,79.50,100.00,89.18,32.11	5:A100,74.70,100.00, 4.83,18.73	10:A100,73.20,100.00, 6.49,100.27	15:B220,75.90,100.00,182.52, 7.00	20:C180,74.50,100.00,25.00,169.84	25:A100,76.00,100.00,54.28,30.39	30:C180,76.20,100.00,17.48,120.36	35:A100,73.50,100.00,19.93,19.06	40:A100,78.60,100.00,37.77,30.78	45:A100,72.50,100.00,24.34,19.47	
0:A100,80.00,100.00,89.18,32.11	5:A100,75.20,100.00, 4.83,18.73	10:C180,74.10,100.00, 6.49,140.14	15:B000,75.90,100.00,91.26, 7.00	20:C180,75.40,100.00,25.00,174.92	25:A100,76.50,100.00,54.28,30.39	30:A100,76.70,100.00,17.48,120.36	35:A100,74.00,100.00,19.93,19.06	40:A100,79.10,100.00,37.77,30.78	45:A100,73.00,100.00,24.34,19.47	
0:C180,80.90,100.00,89.18,106.06	5:A100,75.70,100.00, 4.83,18.73	10:C000,74.10,100.00, 6.49,70.07	15:B000,75.90,100.00,45.63, 7.00	20:C000,75.40,100.00,25.00,87.46	25:A100,77.00,100.00,54.28,30.39	30:C000,76.70,100.00,17.48,60.18	35:A100,74.50,100.00,19.93,19.06	40:A100,79.60,100.00,37.77,30.78	45:C000,73.00,100.00,24.34, 9.74	
0:C180,81.80,100.00,89.18,143.03	5:A100,76.20,100.00, 4.83,18.73	10:A100,74.60,100.00, 6.49,70.07	15:A100,76.40,100.00,45.63, 7.00	20:C180,76.30,100.00,25.00,133.73	25:A100,77.50,100.00,54.28,30.39	30:A100,77.20,100.00,17.48,60.18	35:A100,75.00,100.00,19.93,19.06	40:A100,80.10,100.00,37.77,30.78	45:A100,73.50,100.00,24.34, 9.74	
0:C180,82.70,100.00,89.18,161.51	5:A100,76.70,100.00, 4.83,18.73	10:A100,75.10,100.00, 6.49,70.07	15:A100,76.90,100.00,45.63, 7.00	20:A100,76.80,100.00,25.00,133.73	25:A100,78.00,100.00,54.28,30.39	30:C180,78.10,100.00,17.48,120.09	35:A100,75.50,100.00,19.93,19.06	40:A100,80.60,100.00,37.77,30.78	45:A100,74.00,100.00,24.34, 9.74	
0:C000,82.70,100.00,89.18,80.76	5:A100,77.20,100.00, 4.83,18.73	10:A100,75.60,100.00, 6.49,70.07	15:A100,77.40,100.00,45.63, 7.00	20:C180,77.70,100.00,25.00,156.87	25:A100,78.50,100.00,54.28,30.39	30:C000,78.10,100.00,17.48,60.05	35:A100,76.00,100.00,19.93,19.06	40:A100,81.10,100.00,37.77,30.78	45:A100,74.50,100.00,24.34, 9.74	
0:C180,83.60,100.00,89.18,130.38	5:A100,77.70,100.00, 4.83,18.73	10:A100,76.10,100.00, 6.49,70.07	15:B220,78.50,100.00,132.82, 7.00	20:C180,78.60,100.00,25.00,168.43	25:A100,79.00,100.00,54.28,30.39	30:A100,78.60,100.00,17.48,60.05	35:A100,76.50,100.00,19.93,19.06	40:A100,81.60,100.00,37.77,30.78	45:A100,75.00,100.00,24.34, 9.74	
0:C000,83.60,100.00,89.18,65.19	5:A100,78.20,100.00, 4.83,18.73	10:A100,76.60,100.00, 6.49,70.07	15:B000,78.50,100.00,66.41, 7.00	20:C180,79.50,100.00,25.00,174.22	25:A100,79.50,100.00,54.28,30.39	30:A100,79.10,100.00,17.48,60.05	35:C180,77.40,100.00,19.93,99.53	40:A100,82.10,100.00,37.77,30.78	45:A100,75.50,100.00,24.34, 9.74	
0:C000,83.60,100.00,89.18,32.59	5:A100,78.70,100.00, 4.83,18.73	10:C180,77.50,100.00, 6.49,125.03	15:A100,79.00,100.00,66.41, 7.00	20:C000,79.50,100.00,25.00,87.11	25:A100,80.00,100.00,54.28,30.39	30:A100,79.60,100.00,17.48,60.05	35:A100,77.90,100.00,19.93,99.53	40:A100,82.60,100.00,37.77,30.78	45:A100,76.00,100.00,24.34, 9.74	
0:A100,84.10,100.00,89.18,32.59	5:A100,79.20,100.00, 4.83,18.73	10:C180,78.40,100.00, 6.49,152.52	15:A100,79.50,100.00,66.41, 7.00	20:A100,80.00,100.00,25.00,87.11	25:A100,80.50,100.00,54.28,30.39	30:A100,80.10,100.00,17.48,60.05	35:C000,77.90,100.00,19.93,49.77	40:A100,83.10,100.00,37.77,30.78	45:A100,76.50,100.00,24.34, 9.74	
0:A100,84.60,100.00,89.18,32.59	5:A100,79.70,100.00, 4.83,18.73	10:C180,79.30,100.00, 6.49,166.26	15:A100,80.00,100.00,66.41, 7.00	20:A100,80.50,100.00,25.00,87.11	25:C000,80.50,100.00,54.28,15.19	30:C180,81.00,100.00,17.48,120.02	35:A100,78.40,100.00,19.93,49.77	40:A100,83.60,100.00,37.77,30.78	45:A100,77.00,100.00,24.34, 9.74	
0:B220,85.70,100.00,154.59,32.59	5:A100,80.20,100.00, 4.83,18.73	10:C180,80.20,100.00, 6.49,173.13	15:A100,80.50,100.00,66.41, 7.00	20:A100,81.00,100.00,25.00,87.11	25:A100,81.00,100.00,54.28,15.19	30:A100,81.50,100.00,17.48,120.02	35:A100,78.90,100.00,19.93,49.77	40:A100,84.10,100.00,37.77,30.78	45:A100,77.50,100.00,24.34, 9.74	
0:B000,85.70,100.00,77.30,32.59	5:A100,80.70,100.00, 4.83,18.73	10:C000,80.20,100.00, 6.49,86.56	15:A100,81.00,100.00,66.41, 7.00	20:B000,81.00,100.00,12.50,87.11	25:A100,81.50,100.00,54.28,15.19	30:A100,82.00,100.00,17.48,120.02	35:A100,79.40,100.00,19.93,49.77	40:A100,84.60,100.00,37.77,30.78	45:A100,78.00,100.00,24.34, 9.74	
0:A100,86.20,100.00,77.30,32.59	5:A100,81.20,100.00, 4.83,18.73	10:A100,80.70,100.00, 6.49,86.56	15:A100,81.50,100.00,66.41, 7.00	20:C000,81.00,100.00,12.50,43.55	25:A100,82.00,100.00,54.28,15.19	30:A100,82.50,100.00,17.48,120.02	35:A100,79.90,100.00,19.93,49.77	40:A100,85.10,100.00,37.77,30.78	45:A100,78.50,100.00,24.34, 9.74	
0:A100,86.70,100.00,77.30,32.59	5:A100,81.70,100.00, 4.83,18.73	10:A100,81.20,100.00, 6.49,86.56	15:A100,82.00,100.00,66.41, 7.00	20:A100,81.50,100.00,12.50,43.55	25:A100,82.50,100.00,54.28,15.19	30:C180,83.40,100.00,17.48,150.01	35:A100,80.40,100.00,19.93,49.77	40:A100,85.60,100.00,37.77,30.78	45:A100,79.00,100.00,24.34, 9.74	
0:A100,87.20,100.00,77.30,32.59	5:A100,82.20,100.00, 4.83,18.73	10:A100,81.70,100.00, 6.49,86.56	15:A100,82.50,100.00,66.41, 7.00	20:A100,82.00,100.00,12.50,43.55	25:A100,83.00,100.00,54.28,15.19	30:C180,84.30,100.00,17.48,165.01	35:A100,80.90,100.00,19.93,49.77	40:A100,86.10,100.00,37.77,30.78	45:A100,79.50,100.00,24.34, 9.74	
0:B000,87.20,100.00,38.65,32.59	5:A100,82.70,100.00, 4.83,18.73	10:A100,82.20,100.00, 6.49,86.56	15:A100,83.00,100.00,66.41, 7.00	20:A100,82.50,100.00,12.50,43.55	25:A100,83.50,100.00,54.28,15.19	30:C000,84.30,100.00,17.48,82.50	35:A100,81.40,100.00,19.93,49.77	40:A100,86.60,100.00,37.77,30.78	45:A100,80.00,100.00,24.34, 9.74	
0:A100,87.70,100.00,38.65,32.59	5:A100,83.20,100.00, 4.83,18.73	10:A100,82.70,100.00, 6.49,86.56	15:A100,83.50,100.00,66.41, 7.00	20:A100,83.00,100.00,12.50,43.55	25:A100,84.00,100.00,54.28,15.19	30:A100,84.80,100.00,17.48,82.50	35:A100,81.90,100.00,19.93,49.77	40:A100,87.10,100.00,37.77,30.78	45:A100,80.50,100.00,24.34, 9.74	
0:A100,88.20,100.00,38.65,32.59	5:A100,83.70,100.00, 4.83,18.73	10:A100,83.20,100.00, 6.49,86.56	15:A100,84.00,100.00,66.41, 7.00	20:A100,83.50,100.00,12.50,43.55	25:B000,84.00,100.00,27.14,15.19	30:A100,85.30,100.00,17.48,82.50	35:A100,82.40,100.00,19.93,49.77	40:A100,87.60,100.00,37.77,30.78	45:A100,81.00,100.00,24.34, 9.74	
0:A100,88.70,100.00,38.65,32.59	5:A100,84.20,100.00, 4.83,18.73	10:C180,84.10,100.00, 6.49,133.28	15:A100,84.50,100.00,66.41, 7.00	20:A100,84.00,100.00,12.50,43.55	25:A100,84.50,100.00,27.14,15.19	30:A100,85.80,100.00,17.48,82.50	35:A100,82.90,100.00,19.93,49.77	40:A100,88.10,100.00,37.77,30.78	45:A100,81.50,100.00,24.34, 9.74	
0:A100,89.20,100.00,38.65,32.59	5:A100,84.70,100.00, 4.83,18.73	10:C180,85.00,100.00, 6.49,156.64	15:A100,85.00,100.00,66.41, 7.00	20:A100,84.50,100.00,12.50,43.55	25:A100,85.00,100.00,27.14,15.19	30:C000,85.80,100.00,17.48,41.25	35:A100,83.40,100.00,19.93,49.77	40:A100,88.60,100.00,37.77,30.78	45:A100,82.00,100.00,24.34, 9.74	
0:B000,89.20,100.00,19.32,32.59	5:A100,85.20,100.00, 4.83,18.73	10:C000,85.00,100.00, 6.49,78.32	15:A100,85.50,100.00,66.41, 7.00	20:A100,85.00,100.00,12.50,43.55	25:A100,85.50,100.00,27.14,15.19	30:A100,86.30,100.00,17.48,41.25	35:A100,83.90,100.00,19.93,49.77	40:A100,89.10,100.00,37.77,30.78	45:A100,82.50,100.00,24.34, 9.74	
0:A100,89.70,100.00,19.32,32.59	5:A100,85.70,100.00, 4.83,18.73	10:A100,85.50,100.00, 6.49,78.32	15:A100,86.00,100.00,66.41, 7.00	20:A100,85.50,100.00,12.50,43.55	25:A100,86.00,100.00,27.14,15.19	30:A100,86.80,100.00,17.48,41.25	35:C000,83.90,100.00,19.93,24.88	40:A100,89.60,100.00,37.77,30.78	45:A100,83.00,100.00,24.34, 9.74	
0:A100,90.20,100.00,19.32,32.59	5:A100,86.20,100.00, 4.83,18.73	10:A100,86.00,100.00, 6.49,78.32	15:A100,86.50,100.00,66.41, 7.00	20:A100,86.00,100.00,12.50,43.55	25:A100,86.50,100.00,27.14,15.19	30:A100,87.30,100.00,17.48,41.25	35:A100,84.40,100.00,19.93,24.88	40:A100,90.10,100.00,37.77,30.78	45:A100,83.50,100.00,24.34, 9.74	
0:C000,90