each row consists of groups of data for each agent, in form:	agentNum:choice,fitness,[expA,expB,expC]where choice has letter of choice and number for reward received
each column consists of every trial for the same agent.
this entire file is from Generation 100

0:B000,00.00,[100.00,15.00,100.00]	5:C180,00.90,[100.00,100.00,169.37]	10:C180,00.90,[100.00,100.00,151.00]	15:A100,00.50,[100.00,100.00,100.00]	20:B000,00.00,[100.00,22.07,100.00]	25:A100,00.50,[100.00,100.00,100.00]	30:A100,00.50,[100.00,100.00,100.00]	35:A100,00.50,[100.00,100.00,100.00]	40:B000,00.00,[100.00,27.22,100.00]	45:C000,00.00,[100.00,100.00,20.90]	
0:A100,00.50,[100.00,15.00,100.00]	5:C180,01.80,[100.00,100.00,178.59]	10:C000,00.90,[100.00,100.00,54.74]	15:C000,00.50,[100.00,100.00,22.84]	20:A100,00.50,[100.00,22.07,100.00]	25:B000,00.50,[100.00,33.31,100.00]	30:B000,00.50,[100.00,14.05,100.00]	35:A100,01.00,[100.00,100.00,100.00]	40:A100,00.50,[100.00,27.22,100.00]	45:A100,00.50,[100.00,100.00,20.90]	
0:A100,01.00,[100.00,15.00,100.00]	5:C000,01.80,[100.00,100.00,23.74]	10:B000,00.90,[100.00,36.25,54.74]	15:A100,01.00,[100.00,100.00,22.84]	20:C000,00.50,[100.00,22.07,22.07]	25:A100,01.00,[100.00,33.31,100.00]	30:C180,01.40,[100.00,14.05,168.76]	35:A100,01.50,[100.00,100.00,100.00]	40:A100,01.00,[100.00,27.22,100.00]	45:A100,01.00,[100.00,100.00,20.90]	
0:A100,01.50,[100.00,15.00,100.00]	5:A100,02.30,[100.00,100.00,23.74]	10:A100,01.40,[100.00,36.25,54.74]	15:B000,01.00,[100.00,22.84,22.84]	20:A100,01.00,[100.00,22.07,22.07]	25:C180,01.90,[100.00,33.31,153.35]	30:C000,01.40,[100.00,14.05,23.71]	35:A100,02.00,[100.00,100.00,100.00]	40:C000,01.00,[100.00,27.22,27.22]	45:B220,02.10,[100.00,194.92,20.90]	
0:C180,02.40,[100.00,15.00,168.00]	5:B220,03.40,[100.00,204.05,23.74]	10:A100,01.90,[100.00,36.25,54.74]	15:A100,01.50,[100.00,22.84,22.84]	20:A100,01.50,[100.00,22.07,22.07]	25:C000,01.90,[100.00,33.31,51.08]	30:A100,01.90,[100.00,14.05,23.71]	35:A100,02.50,[100.00,100.00,100.00]	40:A100,01.50,[100.00,27.22,27.22]	45:B220,03.20,[100.00,214.76,20.90]	
0:C180,03.30,[100.00,15.00,178.20]	5:B000,03.40,[100.00,27.12,23.74]	10:A100,02.40,[100.00,36.25,54.74]	15:A100,02.00,[100.00,22.84,22.84]	20:A100,02.00,[100.00,22.07,22.07]	25:A100,02.40,[100.00,33.31,51.08]	30:A100,02.40,[100.00,14.05,23.71]	35:C180,03.40,[100.00,100.00,152.63]	40:A100,02.00,[100.00,27.22,27.22]	45:B220,04.30,[100.00,218.90,20.90]	
0:C180,04.20,[100.00,15.00,179.73]	5:A100,03.90,[100.00,27.12,23.74]	10:A100,02.90,[100.00,36.25,54.74]	15:A100,02.50,[100.00,22.84,22.84]	20:A100,02.50,[100.00,22.07,22.07]	25:A100,02.90,[100.00,33.31,51.08]	30:A100,02.90,[100.00,14.05,23.71]	35:A100,03.90,[100.00,100.00,152.63]	40:A100,02.50,[100.00,27.22,27.22]	45:B000,04.30,[100.00,45.76,20.90]	
0:C180,05.10,[100.00,15.00,179.96]	5:A100,04.40,[100.00,27.12,23.74]	10:A100,03.40,[100.00,36.25,54.74]	15:A100,03.00,[100.00,22.84,22.84]	20:A100,03.00,[100.00,22.07,22.07]	25:C000,02.90,[100.00,33.31,17.02]	30:A100,03.40,[100.00,14.05,23.71]	35:C180,04.80,[100.00,100.00,170.64]	40:B000,02.50,[100.00,07.41,27.22]	45:A100,04.80,[100.00,45.76,20.90]	
0:C000,05.10,[100.00,15.00,26.99]	5:A100,04.90,[100.00,27.12,23.74]	10:A100,03.90,[100.00,36.25,54.74]	15:A100,03.50,[100.00,22.84,22.84]	20:A100,03.50,[100.00,22.07,22.07]	25:A100,03.40,[100.00,33.31,17.02]	30:A100,03.90,[100.00,14.05,23.71]	35:C000,04.80,[100.00,100.00,58.37]	40:A100,03.00,[100.00,07.41,27.22]	45:A100,05.30,[100.00,45.76,20.90]	
0:A100,05.60,[100.00,15.00,26.99]	5:A100,05.40,[100.00,27.12,23.74]	10:A100,04.40,[100.00,36.25,54.74]	15:A100,04.00,[100.00,22.84,22.84]	20:A100,04.00,[100.00,22.07,22.07]	25:A100,03.90,[100.00,33.31,17.02]	30:A100,04.40,[100.00,14.05,23.71]	35:A100,05.30,[100.00,100.00,58.37]	40:A100,03.50,[100.00,07.41,27.22]	45:A100,05.80,[100.00,45.76,20.90]	
0:A100,06.10,[100.00,15.00,26.99]	5:A100,05.90,[100.00,27.12,23.74]	10:A100,04.90,[100.00,36.25,54.74]	15:A100,04.50,[100.00,22.84,22.84]	20:C000,04.00,[100.00,22.07,04.87]	25:A100,04.40,[100.00,33.31,17.02]	30:A100,04.90,[100.00,14.05,23.71]	35:B220,06.40,[100.00,178.95,58.37]	40:A100,04.00,[100.00,07.41,27.22]	45:A100,06.30,[100.00,45.76,20.90]	
0:A100,06.60,[100.00,15.00,26.99]	5:A100,06.40,[100.00,27.12,23.74]	10:A100,05.40,[100.00,36.25,54.74]	15:A100,05.00,[100.00,22.84,22.84]	20:B000,04.00,[100.00,04.87,04.87]	25:A100,04.90,[100.00,33.31,17.02]	30:C000,04.90,[100.00,14.05,03.33]	35:B000,06.40,[100.00,61.22,58.37]	40:A100,04.50,[100.00,07.41,27.22]	45:A100,06.80,[100.00,45.76,20.90]	
0:A100,07.10,[100.00,15.00,26.99]	5:A100,06.90,[100.00,27.12,23.74]	10:A100,05.90,[100.00,36.25,54.74]	15:A100,05.50,[100.00,22.84,22.84]	20:A100,04.50,[100.00,04.87,04.87]	25:A100,05.40,[100.00,33.31,17.02]	30:A100,05.40,[100.00,14.05,03.33]	35:A100,06.90,[100.00,61.22,58.37]	40:A100,05.00,[100.00,07.41,27.22]	45:A100,07.30,[100.00,45.76,20.90]	
0:A100,07.60,[100.00,15.00,26.99]	5:A100,07.40,[100.00,27.12,23.74]	10:A100,06.40,[100.00,36.25,54.74]	15:A100,06.00,[100.00,22.84,22.84]	20:A100,05.00,[100.00,04.87,04.87]	25:A100,05.90,[100.00,33.31,17.02]	30:A100,05.90,[100.00,14.05,03.33]	35:C000,06.90,[100.00,61.22,19.97]	40:A100,05.50,[100.00,07.41,27.22]	45:A100,07.80,[100.00,45.76,20.90]	
0:A100,08.10,[100.00,15.00,26.99]	5:A100,07.90,[100.00,27.12,23.74]	10:A100,06.90,[100.00,36.25,54.74]	15:A100,06.50,[100.00,22.84,22.84]	20:A100,05.50,[100.00,04.87,04.87]	25:A100,06.40,[100.00,33.31,17.02]	30:A100,06.40,[100.00,14.05,03.33]	35:A100,07.40,[100.00,61.22,19.97]	40:A100,06.00,[100.00,07.41,27.22]	45:A100,08.30,[100.00,45.76,20.90]	
0:A100,08.60,[100.00,15.00,26.99]	5:A100,08.40,[100.00,27.12,23.74]	10:A100,07.40,[100.00,36.25,54.74]	15:B000,06.50,[100.00,05.22,22.84]	20:A100,06.00,[100.00,04.87,04.87]	25:B000,06.40,[100.00,11.10,17.02]	30:A100,06.90,[100.00,14.05,03.33]	35:A100,07.90,[100.00,61.22,19.97]	40:A100,06.50,[100.00,07.41,27.22]	45:A100,08.80,[100.00,45.76,20.90]	
0:A100,09.10,[100.00,15.00,26.99]	5:A100,08.90,[100.00,27.12,23.74]	10:A100,07.90,[100.00,36.25,54.74]	15:B220,07.60,[100.00,170.94,22.84]	20:A100,06.50,[100.00,04.87,04.87]	25:A100,06.90,[100.00,11.10,17.02]	30:A100,07.40,[100.00,14.05,03.33]	35:B220,09.00,[100.00,165.68,19.97]	40:A100,07.00,[100.00,07.41,27.22]	45:A100,09.30,[100.00,45.76,20.90]	
0:A100,09.60,[100.00,15.00,26.99]	5:A100,09.40,[100.00,27.12,23.74]	10:A100,08.40,[100.00,36.25,54.74]	15:B220,08.70,[100.00,208.79,22.84]	20:A100,07.00,[100.00,04.87,04.87]	25:A100,07.40,[100.00,11.10,17.02]	30:A100,07.90,[100.00,14.05,03.33]	35:B000,09.00,[100.00,56.68,19.97]	40:A100,07.50,[100.00,07.41,27.22]	45:B000,09.30,[100.00,09.57,20.90]	
0:A100,10.10,[100.00,15.00,26.99]	5:A100,09.90,[100.00,27.12,23.74]	10:A100,08.90,[100.00,36.25,54.74]	15:B220,09.80,[100.00,217.44,22.84]	20:A100,07.50,[100.00,04.87,04.87]	25:A100,07.90,[100.00,11.10,17.02]	30:A100,08.40,[100.00,14.05,03.33]	35:A100,09.50,[100.00,56.68,19.97]	40:A100,08.00,[100.00,07.41,27.22]	45:A100,09.80,[100.00,09.57,20.90]	
0:A100,10.60,[100.00,15.00,26.99]	5:A100,10.40,[100.00,27.12,23.74]	10:C000,08.90,[100.00,36.25,19.84]	15:B000,09.80,[100.00,49.67,22.84]	20:A100,08.00,[100.00,04.87,04.87]	25:A100,08.40,[100.00,11.10,17.02]	30:A100,08.90,[100.00,14.05,03.33]	35:A100,10.00,[100.00,56.68,19.97]	40:A100,08.50,[100.00,07.41,27.22]	45:A100,10.30,[100.00,09.57,20.90]	
0:A100,11.10,[100.00,15.00,26.99]	5:A100,10.90,[100.00,27.12,23.74]	10:A100,09.40,[100.00,36.25,19.84]	15:A100,10.30,[100.00,49.67,22.84]	20:A100,08.50,[100.00,04.87,04.87]	25:A100,08.90,[100.00,11.10,17.02]	30:A100,09.40,[100.00,14.05,03.33]	35:A100,10.50,[100.00,56.68,19.97]	40:C180,09.40,[100.00,07.41,138.42]	45:A100,10.80,[100.00,09.57,20.90]	
0:A100,11.60,[100.00,15.00,26.99]	5:A100,11.40,[100.00,27.12,23.74]	10:A100,09.90,[100.00,36.25,19.84]	15:A100,10.80,[100.00,49.67,22.84]	20:A100,09.00,[100.00,04.87,04.87]	25:A100,09.40,[100.00,11.10,17.02]	30:A100,09.90,[100.00,14.05,03.33]	35:A100,11.00,[100.00,56.68,19.97]	40:C180,10.30,[100.00,07.41,168.68]	45:A100,11.30,[100.00,09.57,20.90]	
0:A100,12.10,[100.00,15.00,26.99]	5:A100,11.90,[100.00,27.12,23.74]	10:A100,10.40,[100.00,36.25,19.84]	15:A100,11.30,[100.00,49.67,22.84]	20:A100,09.50,[100.00,04.87,04.87]	25:A100,09.90,[100.00,11.10,17.02]	30:A100,10.40,[100.00,14.05,03.33]	35:A100,11.50,[100.00,56.68,19.97]	40:C180,11.20,[100.00,07.41,176.92]	45:A100,11.80,[100.00,09.57,20.90]	
0:A100,12.60,[100.00,15.00,26.99]	5:A100,12.40,[100.00,27.12,23.74]	10:A100,10.90,[100.00,36.25,19.84]	15:B220,12.40,[100.00,181.09,22.84]	20:A100,10.00,[100.00,04.87,04.87]	25:A100,10.40,[100.00,11.10,17.02]	30:A100,10.90,[100.00,14.05,03.33]	35:A100,12.00,[100.00,56.68,19.97]	40:C000,11.20,[100.00,07.41,48.15]	45:A100,12.30,[100.00,09.57,20.90]	
0:A100,13.10,[100.00,15.00,26.99]	5:A100,12.90,[100.00,27.12,23.74]	10:A100,11.40,[100.00,36.25,19.84]	15:B000,12.40,[100.00,41.37,22.84]	20:A100,10.50,[100.00,04.87,04.87]	25:A100,10.90,[100.00,11.10,17.02]	30:A100,11.40,[100.00,14.05,03.33]	35:A100,12.50,[100.00,56.68,19.97]	40:A100,11.70,[100.00,07.41,48.15]	45:A100,12.80,[100.00,09.57,20.90]	
0:A100,13.60,[100.00,15.00,26.99]	5:A100,13.40,[100.00,27.12,23.74]	10:A100,11.90,[100.00,36.25,19.84]	15:A100,12.90,[100.00,41.37,22.84]	20:A100,11.00,[100.00,04.87,04.87]	25:A100,11.40,[100.00,11.10,17.02]	30:A100,11.90,[100.00,14.05,03.33]	35:A100,13.00,[100.00,56.68,19.97]	40:C180,12.60,[100.00,07.41,144.12]	45:A100,13.30,[100.00,09.57,20.90]	
0:C000,13.60,[100.00,15.00,04.05]	5:A100,13.90,[100.00,27.12,23.74]	10:A100,12.40,[100.00,36.25,19.84]	15:A100,13.40,[100.00,41.37,22.84]	20:A100,11.50,[100.00,04.87,04.87]	25:A100,11.90,[100.00,11.10,17.02]	30:A100,12.40,[100.00,14.05,03.33]	35:A100,13.50,[100.00,56.68,19.97]	40:C180,13.50,[100.00,07.41,170.23]	45:A100,13.80,[100.00,09.57,20.90]	
0:A100,14.10,[100.00,15.00,04.05]	5:A100,14.40,[100.00,27.12,23.74]	10:A100,12.90,[100.00,36.25,19.84]	15:A100,13.90,[100.00,41.37,22.84]	20:A100,12.00,[100.00,04.87,04.87]	25:A100,12.40,[100.00,11.10,17.02]	30:A100,12.90,[100.00,14.05,03.33]	35:A100,14.00,[100.00,56.68,19.97]	40:C180,14.40,[100.00,07.41,177.34]	45:C000,13.80,[100.00,09.57,04.37]	
0:A100,14.60,[100.00,15.00,04.05]	5:A100,14.90,[100.00,27.12,23.74]	10:A100,13.40,[100.00,36.25,19.84]	15:A100,14.40,[100.00,41.37,22.84]	20:A100,12.50,[100.00,04.87,04.87]	25:A100,12.90,[100.00,11.10,17.02]	30:A100,13.40,[100.00,14.05,03.33]	35:A100,14.50,[100.00,56.68,19.97]	40:A100,14.90,[100.00,07.41,177.34]	45:A100,14.30,[100.00,09.57,04.37]	
0:B000,14.60,[100.00,02.25,04.05]	5:A100,15.40,[100.00,27.12,23.74]	10:A100,13.90,[100.00,36.25,19.84]	15:A100,14.90,[100.00,41.37,22.84]	20:A100,13.00,[100.00,04.87,04.87]	25:A100,13.40,[100.00,11.10,17.02]	30:A100,13.90,[100.00,14.05,03.33]	35:A100,15.00,[100.00,56.68,19.97]	40:C000,14.90,[100.00,07.41,48.26]	45:A100,14.80,[100.00,09.57,04.37]	
0:A100,15.10,[100.00,02.25,04.05]	5:A100,15.90,[100.00,27.12,23.74]	10:A100,14.40,[100.00,36.25,19.84]	15:A100,15.40,[100.00,41.37,22.84]	20:A100,13.50,[100.00,04.87,04.87]	25:A100,13.90,[100.00,11.10,17.02]	30:A100,14.40,[100.00,14.05,03.33]	35:A100,15.50,[100.00,56.68,19.97]	40:A100,15.40,[100.00,07.41,48.26]	45:A100,15.30,[100.00,09.57,04.37]	
0:A100,15.60,[100.00,02.25,04.05]	5:A100,16.40,[100.00,27.12,23.74]	10:A100,14.90,[100.00,36.25,19.84]	15:A100,15.90,[100.00,41.37,22.84]	20:A100,14.00,[100.00,04.87,04.87]	25:A100,14.40,[100.00,11.10,17.02]	30:A100,14.90,[100.00,14.05,03.33]	35:A100,16.00,[100.00,56.68,19.97]	40:A100,15.90,[100.00,07.41,48.26]	45:A100,15.80,[100.00,09.57,04.37]	
0:A100,16.10,[100.00,02.25,04.05]	5:A100,16.90,[100.00,27.12,23.74]	10:A100,15.40,[100.00,36.25,19.84]	15:A100,16.40,[100.00,41.37,22.84]	20:A100,14.50,[100.00,04.87,04.87]	25:A100,14.90,[100.00,11.10,17.02]	30:A100,15.40,[100.00,14.05,03.33]	35:A100,16.50,[100.00,56.68,19.97]	40:A100,16.40,[100.00,07.41,48.26]	45:A100,16.30,[100.00,09.57,04.37]	
0:A100,16.60,[100.00,02.25,04.05]	5:A100,17.40,[100.00,27.12,23.74]	10:A100,15.90,[100.00,36.25,19.84]	15:A100,16.90,[100.00,41.37,22.84]	20:A100,15.00,[100.00,04.87,04.87]	25:A100,15.40,[100.00,11.10,17.02]	30:A100,15.90,[100.00,14.05,03.33]	35:A100,17.00,[100.00,56.68,19.97]	40:A100,16.90,[100.00,07.41,48.26]	45:A100,16.80,[100.00,09.57,04.37]	
0:A100,17.10,[100.00,02.25,04.05]	5:A100,17.90,[100.00,27.12,23.74]	10:A100,16.40,[100.00,36.25,19.84]	15:A100,17.40,[100.00,41.37,22.84]	20:A100,15.50,[100.00,04.87,04.87]	25:A100,15.90,[100.00,11.10,17.02]	30:A100,16.40,[100.00,14.05,03.33]	35:A100,17.50,[100.00,56.68,19.97]	40:A100,17.40,[100.00,07.41,48.26]	45:A100,17.30,[100.00,09.57,04.37]	
0:A100,17.60,[100.00,02.25,04.05]	5:A100,18.40,[100.00,27.12,23.74]	10:A100,16.90,[100.00,36.25,19.84]	15:A100,17.90,[100.00,41.37,22.84]	20:A100,16.00,[100.00,04.87,04.87]	25:A100,16.40,[100.00,11.10,17.02]	30:A100,16.90,[100.00,14.05,03.33]	35:B000,17.50,[100.00,19.39,19.97]	40:A100,17.90,[100.00,07.41,48.26]	45:A100,17.80,[100.00,09.57,04.37]	
0:A100,18.10,[100.00,02.25,04.05]	5:A100,18.90,[100.00,27.12,23.74]	10:A100,17.40,[100.00,36.25,19.84]	15:A100,18.40,[100.00,41.37,22.84]	20:A100,16.50,[100.00,04.87,04.87]	25:A100,16.90,[100.00,11.10,17.02]	30:A100,17.40,[100.00,14.05,03.33]	35:A100,18.00,[100.00,19.39,19.97]	40:A100,18.40,[100.00,07.41,48.26]	45:A100,18.30,[100.00,09.57,04.37]	
0:A100,18.60,[100.00,02.25,04.05]	5:A100,19.40,[100.00,27.12,23.74]	10:A100,17.90,[100.00,36.25,19.84]	15:A100,18.90,[100.00,41.37,22.84]	20:A100,17.00,[100.00,04.87,04.87]	25:B220,18.00,[100.00,150.41,17.02]	30:A100,17.90,[100.00,14.05,03.33]	35:A100,18.50,[100.00,19.39,19.97]	40:A100,18.90,[100.00,07.41,48.26]	45:A100,18.80,[100.00,09.57,04.37]	
0:A100,19.10,[100.00,02.25,04.05]	5:A100,19.90,[100.00,27.12,23.74]	10:A100,18.40,[100.00,36.25,19.84]	15:A100,19.40,[100.00,41.37,22.84]	20:A100,17.50,[100.00,04.87,04.87]	25:B220,19.10,[100.00,196.82,17.02]	30:A100,18.40,[100.00,14.05,03.33]	35:A100,19.00,[100.00,19.39,19.97]	40:A100,19.40,[100.00,07.41,48.26]	45:A100,19.30,[100.00,09.57,04.37]	
0:A100,19.60,[100.00,02.25,04.05]	5:A100,20.40,[100.00,27.12,23.74]	10:A100,18.90,[100.00,36.25,19.84]	15:A100,19.90,[100.00,41.37,22.84]	20:A100,18.00,[100.00,04.87,04.87]	25:B000,19.10,[100.00,65.56,17.02]	30:A100,18.90,[100.00,14.05,03.33]	35:A100,19.50,[100.00,19.39,19.97]	40:A100,19.90,[100.00,07.41,48.26]	45:A100,19.80,[100.00,09.57,04.37]	
0:A100,20.10,[100.00,02.25,04.05]	5:A100,20.90,[100.00,27.12,23.74]	10:A100,19.40,[100.00,36.25,19.84]	15:A100,20.40,[100.00,41.37,22.84]	20:A100,18.50,[100.00,04.87,04.87]	25:A100,19.60,[100.00,65.56,17.02]	30:A100,19.40,[100.00,14.05,03.33]	35:A100,20.00,[100.00,19.39,19.97]	40:A100,20.40,[100.00,07.41,48.26]	45:A100,20.30,[100.00,09.57,04.37]	
0:A100,20.60,[100.00,02.25,04.05]	5:A100,21.40,[100.00,27.12,23.74]	10:A100,19.90,[100.00,36.25,19.84]	15:A100,20.90,[100.00,41.37,22.84]	20:A100,19.00,[100.00,04.87,04.87]	25:A100,20.10,[100.00,65.56,17.02]	30:A100,19.90,[100.00,14.05,03.33]	35:A100,20.50,[100.00,19.39,19.97]	40:A100,20.90,[100.00,07.41,48.26]	45:A100,20.80,[100.00,09.57,04.37]	
0:A100,21.10,[100.00,02.25,04.05]	5:A100,21.90,[100.00,27.12,23.74]	10:A100,20.40,[100.00,36.25,19.84]	15:A100,21.40,[100.00,41.37,22.84]	20:A100,19.50,[100.00,04.87,04.87]	25:A100,20.60,[100.00,65.56,17.02]	30:A100,20.40,[100.00,14.05,03.33]	35:A100,21.00,[100.00,19.39,19.97]	40:A100,21.40,[100.00,07.41,48.26]	45:A100,21.30,[100.00,09.57,04.37]	
0:A100,21.60,[100.00,02.25,04.05]	5:A100,22.40,[100.00,27.12,23.74]	10:A100,20.90,[100.00,36.25,19.84]	15:A100,21.90,[100.00,41.37,22.84]	20:A100,20.00,[100.00,04.87,04.87]	25:A100,21.10,[100.00,65.56,17.02]	30:A100,20.90,[100.00,14.05,03.33]	35:A100,21.50,[100.00,19.39,19.97]	40:A100,21.90,[100.00,07.41,48.26]	45:A100,21.80,[100.00,09.57,04.37]	
0:A100,22.10,[100.00,02.25,04.05]	5:A100,22.90,[100.00,27.12,23.74]	10:A100,21.40,[100.00,36.25,19.84]	15:A100,22.40,[100.00,41.37,22.84]	20:A100,20.50,[100.00,04.87,04.87]	25:B220,22.20,[100.00,168.56,17.02]	30:A100,21.40,[100.00,14.05,03.33]	35:A100,22.00,[100.00,19.39,19.97]	40:A100,22.40,[100.00,07.41,48.26]	45:A100,22.30,[100.00,09.57,04.37]	
0:A100,22.60,[100.00,02.25,04.05]	5:A100,23.40,[100.00,27.12,23.74]	10:A100,21.90,[100.00,36.25,19.84]	15:A100,22.90,[100.00,41.37,22.84]	20:A100,21.00,[100.00,04.87,04.87]	25:B220,23.30,[100.00,202.86,17.02]	30:A100,21.90,[100.00,14.05,03.33]	35:A100,22.50,[100.00,19.39,19.97]	40:A100,22.90,[100.00,07.41,48.26]	45:A100,22.80,[100.00,09.57,04.37]	
0:A100,23.10,[100.00,02.25,04.05]	5:A100,23.90,[100.00,27.12,23.74]	10:A100,22.40,[100.00,36.25,19.84]	15:B220,24.00,[100.00,179.19,22.84]	20:A100,21.50,[100.00,04.87,04.87]	25:B000,23.30,[100.00,67.57,17.02]	30:A100,22.40,[100.00,14.05,03.33]	35:A100,23.00,[100.00,19.39,19.97]	40:A100,23.40,[100.00,07.41,48.26]	45:A100,23.30,[100.00,09.57,04.37]	
0:A100,23.60,[100.00,02.25,04.05]	5:A100,24.40,[100.00,27.12,23.74]	10:A100,22.90,[100.00,36.25,19.84]	15:B220,25.10,[100.00,210.68,22.84]	20:A100,22.00,[100.00,04.87,04.87]	25:A100,23.80,[100.00,67.57,17.02]	30:A100,22.90,[100.00,14.05,03.33]	35:A100,23.50,[100.00,19.39,19.97]	40:A100,23.90,[100.00,07.41,48.26]	45:A100,23.80,[100.00,09.57,04.37]	
0:A100,24.10,[100.00,02.25,04.05]	5:A100,24.90,[100.00,27.12,23.74]	10:A100,23.40,[100.00,36.25,19.84]	15:B220,26.20,[100.00,217.87,22.84]	20:A100,22.50,[100.00,04.87,04.87]	25:A100,24.30,[100.00,67.57,17.02]	30:A100,23.40,[100.00,14.05,03.33]	35:A100,24.00,[100.00,19.39,19.97]	40:A100,24.40,[100.00,07.41,48.26]	45:A100,24.30,[100.00,09.57,04.37]	
0:A100,24.60,[100.00,02.25,04.05]	5:B000,24.90,[100.00,03.60,23.74]	10:A100,23.90,[100.00,36.25,19.84]	15:B220,27.30,[100.00,219.51,22.84]	20:A100,23.00,[100.00,04.87,04.87]	25:A100,24.80,[100.00,67.57,17.02]	30:A100,23.90,[100.00,14.05,03.33]	35:A100,24.50,[100.00,19.39,19.97]	40:A100,24.90,[100.00,07.41,48.26]	45:A100,24.80,[100.00,09.57,04.37]	
0:A100,25.10,[100.00,02.25,04.05]	5:A100,25.40,[100.00,03.60,23.74]	10:A100,24.40,[100.00,36.25,19.84]	15:B000,27.30,[100.00,50.15,22.84]	20:A100,23.50,[100.00,04.87,04.87]	25:B220,25.90,[100.00,169.23,17.02]	30:A100,24.40,[100.00,14.05,03.33]	35:A100,25.00,[100.00,19.39,19.97]	40:A100,25.40,[100.00,07.41,48.26]	45:A100,25.30,[100.00,09.57,04.37]	
0:A100,25.60,[100.00,02.25,04.05]	5:A100,25.90,[100.00,03.60,23.74]	10:A100,24.90,[100.00,36.25,19.84]	15:A100,27.80,[100.00,50.15,22.84]	20:A100,24.00,[100.00,04.87,04.87]	25:B220,27.00,[100.00,203.09,17.02]	30:A100,24.90,[100.00,14.05,03.33]	35:C000,25.00,[100.00,19.39,06.83]	40:A100,25.90,[100.00,07.41,48.26]	45:A100,25.80,[100.00,09.57,04.37]	
0:A100,26.10,[100.00,02.25,04.05]	5:A100,26.40,[100.00,03.60,23.74]	10:A100,25.40,[100.00,36.25,19.84]	15:C000,27.80,[100.00,50.15,05.22]	20:A100,24.50,[100.00,04.87,04.87]	25:B220,28.10,[100.00,214.37,17.02]	30:C180,25.80,[100.00,14.05,155.18]	35:A100,25.50,[100.00,19.39,06.83]	40:A100,26.40,[100.00,07.41,48.26]	45:B220,26.90,[100.00,176.01,04.37]	
0:A100,26.60,[100.00,02.25,04.05]	5:A100,26.90,[100.00,03.60,23.74]	10:A100,25.90,[100.00,36.25,19.84]	15:A100,28.30,[100.00,50.15,05.22]	20:A100,25.00,[100.00,04.87,04.87]	25:B220,29.20,[100.00,218.12,17.02]	30:C180,26.70,[100.00,14.05,176.51]	35:A100,26.00,[100.00,19.39,06.83]	40:A100,26.90,[100.00,07.41,48.26]	45:B220,28.00,[100.00,210.80,04.37]	
0:A100,27.10,[100.00,02.25,04.05]	5:A100,27.40,[100.00,03.60,23.74]	10:A100,26.40,[100.00,36.25,19.84]	15:A100,28.80,[100.00,50.15,05.22]	20:A100,25.50,[100.00,04.87,04.87]	25:B220,30.30,[100.00,219.37,17.02]	30:C180,27.60,[100.00,14.05,179.51]	35:A100,26.50,[100.00,19.39,06.83]	40:A100,27.40,[100.00,07.41,48.26]	45:B000,28.00,[100.00,44.07,04.37]	
0:A100,27.60,[100.00,02.25,04.05]	5:A100,27.90,[100.00,03.60,23.74]	10:A100,26.90,[100.00,36.25,19.84]	15:A100,29.30,[100.00,50.15,05.22]	20:A100,26.00,[100.00,04.87,04.87]	25:B000,30.30,[100.00,73.07,17.02]	30:C180,28.50,[100.00,14.05,179.93]	35:A100,27.00,[100.00,19.39,06.83]	40:A100,27.90,[100.00,07.41,48.26]	45:A100,28.50,[100.00,44.07,04.37]	
0:A100,28.10,[100.00,02.25,04.05]	5:A100,28.40,[100.00,03.60,23.74]	10:A100,27.40,[100.00,36.25,19.84]	15:A100,29.80,[100.00,50.15,05.22]	20:A100,26.50,[100.00,04.87,04.87]	25:B000,30.30,[100.00,24.34,17.02]	30:C180,29.40,[100.00,14.05,179.99]	35:A100,27.50,[100.00,19.39,06.83]	40:A100,28.40,[100.00,07.41,48.26]	45:A100,29.00,[100.00,44.07,04.37]	
0:A100,28.60,[100.00,02.25,04.05]	5:A100,28.90,[100.00,03.60,23.74]	10:A100,27.90,[100.00,36.25,19.84]	15:A100,30.30,[100.00,50.15,05.22]	20:A100,27.00,[100.00,04.87,04.87]	25:A100,30.80,[100.00,24.34,17.02]	30:C000,29.40,[100.00,14.05,25.29]	35:A100,28.00,[100.00,19.39,06.83]	40:A100,28.90,[100.00,07.41,48.26]	45:A100,29.50,[100.00,44.07,04.37]	
0:A100,29.10,[100.00,02.25,04.05]	5:A100,29.40,[100.00,03.60,23.74]	10:A100,28.40,[100.00,36.25,19.84]	15:A100,30.80,[100.00,50.15,05.22]	20:A100,27.50,[100.00,04.87,04.87]	25:A100,31.30,[100.00,24.34,17.02]	30:A100,29.90,[100.00,14.05,25.29]	35:A100,28.50,[100.00,19.39,06.83]	40:A100,29.40,[100.00,07.41,48.26]	45:B220,30.60,[100.00,183.22,04.37]	
0:A100,29.60,[100.00,02.25,04.05]	5:A100,29.90,[100.00,03.60,23.74]	10:A100,28.90,[100.00,36.25,19.84]	15:B000,30.80,[100.00,11.46,05.22]	20:A100,28.00,[100.00,04.87,04.87]	25:A100,31.80,[100.00,24.34,17.02]	30:A100,30.40,[100.00,14.05,25.29]	35:A100,29.00,[100.00,19.39,06.83]	40:A100,29.90,[100.00,07.41,48.26]	45:B000,30.60,[100.00,38.30,04.37]	
0:A100,30.10,[100.00,02.25,04.05]	5:A100,30.40,[100.00,03.60,23.74]	10:A100,29.40,[100.00,36.25,19.84]	15:A100,31.30,[100.00,11.46,05.22]	20:A100,28.50,[100.00,04.87,04.87]	25:A100,32.30,[100.00,24.34,17.02]	30:A100,30.90,[100.00,14.05,25.29]	35:A100,29.50,[100.00,19.39,06.83]	40:A100,30.40,[100.00,07.41,48.26]	45:A100,31.10,[100.00,38.30,04.37]	
0:A100,30.60,[100.00,02.25,04.05]	5:A100,30.90,[100.00,03.60,23.74]	10:A100,29.90,[100.00,36.25,19.84]	15:B220,32.40,[100.00,172.36,05.22]	20:A100,29.00,[100.00,04.87,04.87]	25:A100,32.80,[100.00,24.34,17.02]	30:A100,31.40,[100.00,14.05,25.29]	35:A100,30.00,[100.00,19.39,06.83]	40:A100,30.90,[100.00,07.41,48.26]	45:A100,31.60,[100.00,38.30,04.37]	
0:A100,31.10,[100.00,02.25,04.05]	5:A100,31.40,[100.00,03.60,23.74]	10:A100,30.40,[100.00,36.25,19.84]	15:B220,33.50,[100.00,209.12,05.22]	20:A100,29.50,[100.00,04.87,04.87]	25:A100,33.30,[100.00,24.34,17.02]	30:A100,31.90,[100.00,14.05,25.29]	35:A100,30.50,[100.00,19.39,06.83]	40:A100,31.40,[100.00,07.41,48.26]	45:A100,32.10,[100.00,38.30,04.37]	
0:A100,31.60,[100.00,02.25,04.05]	5:A100,31.90,[100.00,03.60,23.74]	10:A100,30.90,[100.00,36.25,19.84]	15:B000,33.50,[100.00,47.77,05.22]	20:A100,30.00,[100.00,04.87,04.87]	25:A100,33.80,[100.00,24.34,17.02]	30:A100,32.40,[100.00,14.05,25.29]	35:A100,31.00,[100.00,19.39,06.83]	40:A100,31.90,[100.00,07.41,48.26]	45:A100,32.60,[100.00,38.30,04.37]	
0:A100,32.10,[100.00,02.25,04.05]	5:A100,32.40,[100.00,03.60,23.74]	10:A100,31.40,[100.00,36.25,19.84]	15:A100,34.00,[100.00,47.77,05.22]	20:A100,30.50,[100.00,04.87,04.87]	25:A100,34.30,[100.00,24.34,17.02]	30:A100,32.90,[100.00,14.05,25.29]	35:A100,31.50,[100.00,19.39,06.83]	40:A100,32.40,[100.00,07.41,48.26]	45:A100,33.10,[100.00,38.30,04.37]	
0:A100,32.60,[100.00,02.25,04.05]	5:A100,32.90,[100.00,03.60,23.74]	10:C180,32.30,[100.00,36.25,121.94]	15:A100,34.50,[100.00,47.77,05.22]	20:A100,31.00,[100.00,04.87,04.87]	25:A100,34.80,[100.00,24.34,17.02]	30:A100,33.40,[100.00,14.05,25.29]	35:A100,32.00,[100.00,19.39,06.83]	40:A100,32.90,[100.00,07.41,48.26]	45:A100,33.60,[100.00,38.30,04.37]	
0:A100,33.10,[100.00,02.25,04.05]	5:A100,33.40,[100.00,03.60,23.74]	10:C000,32.30,[100.00,36.25,44.21]	15:A100,35.00,[100.00,47.77,05.22]	20:A100,31.50,[100.00,04.87,04.87]	25:A100,35.30,[100.00,24.34,17.02]	30:A100,33.90,[100.00,14.05,25.29]	35:A100,32.50,[100.00,19.39,06.83]	40:C000,32.90,[100.00,07.41,13.14]	45:A100,34.10,[100.00,38.30,04.37]	
0:A100,33.60,[100.00,02.25,04.05]	5:A100,33.90,[100.00,03.60,23.74]	10:A100,32.80,[100.00,36.25,44.21]	15:A100,35.50,[100.00,47.77,05.22]	20:A100,32.00,[100.00,04.87,04.87]	25:A100,35.80,[100.00,24.34,17.02]	30:A100,34.40,[100.00,14.05,25.29]	35:A100,33.00,[100.00,19.39,06.83]	40:A100,33.40,[100.00,07.41,13.14]	45:A100,34.60,[100.00,38.30,04.37]	
0:A100,34.10,[100.00,02.25,04.05]	5:A100,34.40,[100.00,03.60,23.74]	10:A100,33.30,[100.00,36.25,44.21]	15:A100,36.00,[100.00,47.77,05.22]	20:A100,32.50,[100.00,04.87,04.87]	25:A100,36.30,[100.00,24.34,17.02]	30:A100,34.90,[100.00,14.05,25.29]	35:A100,33.50,[100.00,19.39,06.83]	40:A100,33.90,[100.00,07.41,13.14]	45:A100,35.10,[100.00,38.30,04.37]	
0:A100,34.60,[100.00,02.25,04.05]	5:A100,34.90,[100.00,03.60,23.74]	10:A100,33.80,[100.00,36.25,44.21]	15:A100,36.50,[100.00,47.77,05.22]	20:A100,33.00,[100.00,04.87,04.87]	25:A100,36.80,[100.00,24.34,17.02]	30:A100,35.40,[100.00,14.05,25.29]	35:A100,34.00,[100.00,19.39,06.83]	40:A100,34.40,[100.00,07.41,13.14]	45:A100,35.60,[100.00,38.30,04.37]	
0:A100,35.10,[100.00,02.25,04.05]	5:A100,35.40,[100.00,03.60,23.74]	10:B000,33.80,[100.00,13.14,44.21]	15:B220,37.60,[100.00,180.66,05.22]	20:A100,33.50,[100.00,04.87,04.87]	25:A100,37.30,[100.00,24.34,17.02]	30:A100,35.90,[100.00,14.05,25.29]	35:A100,34.50,[100.00,19.39,06.83]	40:A100,34.90,[100.00,07.41,13.14]	45:A100,36.10,[100.00,38.30,04.37]	
0:A100,35.60,[100.00,02.25,04.05]	5:A100,35.90,[100.00,03.60,23.74]	10:A100,34.30,[100.00,13.14,44.21]	15:B000,37.60,[100.00,41.27,05.22]	20:A100,34.00,[100.00,04.87,04.87]	25:A100,37.80,[100.00,24.34,17.02]	30:A100,36.40,[100.00,14.05,25.29]	35:A100,35.00,[100.00,19.39,06.83]	40:A100,35.40,[100.00,07.41,13.14]	45:A100,36.60,[100.00,38.30,04.37]	
0:A100,36.10,[100.00,02.25,04.05]	5:A100,36.40,[100.00,03.60,23.74]	10:A100,34.80,[100.00,13.14,44.21]	15:A100,38.10,[100.00,41.27,05.22]	20:A100,34.50,[100.00,04.87,04.87]	25:A100,38.30,[100.00,24.34,17.02]	30:A100,36.90,[100.00,14.05,25.29]	35:A100,35.50,[100.00,19.39,06.83]	40:A100,35.90,[100.00,07.41,13.14]	45:B000,36.60,[100.00,08.01,04.37]	
0:A100,36.60,[100.00,02.25,04.05]	5:A100,36.90,[100.00,03.60,23.74]	10:A100,35.30,[100.00,13.14,44.21]	15:A100,38.60,[100.00,41.27,05.22]	20:A100,35.00,[100.00,04.87,04.87]	25:A100,38.80,[100.00,24.34,17.02]	30:A100,37.40,[100.00,14.05,25.29]	35:A100,36.00,[100.00,19.39,06.83]	40:A100,36.40,[100.00,07.41,13.14]	45:A100,37.10,[100.00,08.01,04.37]	
0:A100,37.10,[100.00,02.25,04.05]	5:A100,37.40,[100.00,03.60,23.74]	10:A100,35.80,[100.00,13.14,44.21]	15:A100,39.10,[100.00,41.27,05.22]	20:A100,35.50,[100.00,04.87,04.87]	25:A100,39.30,[100.00,24.34,17.02]	30:A100,37.90,[100.00,14.05,25.29]	35:A100,36.50,[100.00,19.39,06.83]	40:A100,36.90,[100.00,07.41,13.14]	45:A100,37.60,[100.00,08.01,04.37]	
0:A100,37.60,[100.00,02.25,04.05]	5:A100,37.90,[100.00,03.60,23.74]	10:A100,36.30,[100.00,13.14,44.21]	15:A100,39.60,[100.00,41.27,05.22]	20:A100,36.00,[100.00,04.87,04.87]	25:A100,39.80,[100.00,24.34,17.02]	30:A100,38.40,[100.00,14.05,25.29]	35:A100,37.00,[100.00,19.39,06.83]	40:A100,37.40,[100.00,07.41,13.14]	45:A100,38.10,[100.00,08.01,04.37]	
0:A100,38.10,[100.00,02.25,04.05]	5:A100,38.40,[100.00,03.60,23.74]	10:A100,36.80,[100.00,13.14,44.21]	15:A100,40.10,[100.00,41.27,05.22]	20:A100,36.50,[100.00,04.87,04.87]	25:A100,40.30,[100.00,24.34,17.02]	30:A100,38.90,[100.00,14.05,25.29]	35:A100,37.50,[100.00,19.39,06.83]	40:A100,37.90,[100.00,07.41,13.14]	45:A100,38.60,[100.00,08.01,04.37]	
0:A100,38.60,[100.00,02.25,04.05]	5:A100,38.90,[100.00,03.60,23.74]	10:A100,37.30,[100.00,13.14,44.21]	15:A100,40.60,[100.00,41.27,05.22]	20:A100,37.00,[100.00,04.87,04.87]	25:A100,40.80,[100.00,24.34,17.02]	30:A100,39.40,[100.00,14.05,25.29]	35:A100,38.00,[100.00,19.39,06.83]	40:A100,38.40,[100.00,07.41,13.14]	45:A100,39.10,[100.00,08.01,04.37]	
0:A100,39.10,[100.00,02.25,04.05]	5:A100,39.40,[100.00,03.60,23.74]	10:A100,37.80,[100.00,13.14,44.21]	15:A100,41.10,[100.00,41.27,05.22]	20:A100,37.50,[100.00,04.87,04.87]	25:A100,41.30,[100.00,24.34,17.02]	30:A100,39.90,[100.00,14.05,25.29]	35:A100,38.50,[100.00,19.39,06.83]	40:A100,38.90,[100.00,07.41,13.14]	45:B000,39.10,[100.00,01.67,04.37]	
0:A100,39.60,[100.00,02.25,04.05]	5:A100,39.90,[100.00,03.60,23.74]	10:A100,38.30,[100.00,13.14,44.21]	15:B220,42.20,[100.00,179.17,05.22]	20:A100,38.00,[100.00,04.87,04.87]	25:A100,41.80,[100.00,24.34,17.02]	30:A100,40.40,[100.00,14.05,25.29]	35:A100,39.00,[100.00,19.39,06.83]	40:A100,39.40,[100.00,07.41,13.14]	45:A100,39.60,[100.00,01.67,04.37]	
0:A100,40.10,[100.00,02.25,04.05]	5:A100,40.40,[100.00,03.60,23.74]	10:A100,38.80,[100.00,13.14,44.21]	15:B000,42.20,[100.00,40.93,05.22]	20:A100,38.50,[100.00,04.87,04.87]	25:A100,42.30,[100.00,24.34,17.02]	30:A100,40.90,[100.00,14.05,25.29]	35:A100,39.50,[100.00,19.39,06.83]	40:A100,39.90,[100.00,07.41,13.14]	45:A100,40.10,[100.00,01.67,04.37]	
0:A100,40.60,[100.00,02.25,04.05]	5:A100,40.90,[100.00,03.60,23.74]	10:A100,39.30,[100.00,13.14,44.21]	15:A100,42.70,[100.00,40.93,05.22]	20:A100,39.00,[100.00,04.87,04.87]	25:A100,42.80,[100.00,24.34,17.02]	30:A100,41.40,[100.00,14.05,25.29]	35:A100,40.00,[100.00,19.39,06.83]	40:A100,40.40,[100.00,07.41,13.14]	45:A100,40.60,[100.00,01.67,04.37]	
0:A100,41.10,[100.00,02.25,04.05]	5:A100,41.40,[100.00,03.60,23.74]	10:A100,39.80,[100.00,13.14,44.21]	15:A100,43.20,[100.00,40.93,05.22]	20:A100,39.50,[100.00,04.87,04.87]	25:A100,43.30,[100.00,24.34,17.02]	30:A100,41.90,[100.00,14.05,25.29]	35:A100,40.50,[100.00,19.39,06.83]	40:A100,40.90,[100.00,07.41,13.14]	45:A100,41.10,[100.00,01.67,04.37]	
0:A100,41.60,[100.00,02.25,04.05]	5:A100,41.90,[100.00,03.60,23.74]	10:A100,40.30,[100.00,13.14,44.21]	15:A100,43.70,[100.00,40.93,05.22]	20:A100,40.00,[100.00,04.87,04.87]	25:A100,43.80,[100.00,24.34,17.02]	30:A100,42.40,[100.00,14.05,25.29]	35:A100,41.00,[100.00,19.39,06.83]	40:A100,41.40,[100.00,07.41,13.14]	45:A100,41.60,[100.00,01.67,04.37]	
0:A100,42.10,[100.00,02.25,04.05]	5:A100,42.40,[100.00,03.60,23.74]	10:A100,40.80,[100.00,13.14,44.21]	15:A100,44.20,[100.00,40.93,05.22]	20:A100,40.50,[100.00,04.87,04.87]	25:A100,44.30,[100.00,24.34,17.02]	30:A100,42.90,[100.00,14.05,25.29]	35:A100,41.50,[100.00,19.39,06.83]	40:A100,41.90,[100.00,07.41,13.14]	45:A100,42.10,[100.00,01.67,04.37]	
0:A100,42.60,[100.00,02.25,04.05]	5:A100,42.90,[100.00,03.60,23.74]	10:A100,41.30,[100.00,13.14,44.21]	15:A100,44.70,[100.00,40.93,05.22]	20:A100,41.00,[100.00,04.87,04.87]	25:A100,44.80,[100.00,24.34,17.02]	30:A100,43.40,[100.00,14.05,25.29]	35:A100,42.00,[100.00,19.39,06.83]	40:A100,42.40,[100.00,07.41,13.14]	45:A100,42.60,[100.00,01.67,04.37]	
0:A100,43.10,[100.00,02.25,04.05]	5:A100,43.40,[100.00,03.60,23.74]	10:A100,41.80,[100.00,13.14,44.21]	15:C180,45.60,[100.00,40.93,140.07]	20:A100,41.50,[100.00,04.87,04.87]	25:A100,45.30,[100.00,24.34,17.02]	30:A100,43.90,[100.00,14.05,25.29]	35:A100,42.50,[100.00,19.39,06.83]	40:A100,42.90,[100.00,07.41,13.14]	45:A100,43.10,[100.00,01.67,04.37]	
0:A100,43.60,[100.00,02.25,04.05]	5:A100,43.90,[100.00,03.60,23.74]	10:C000,41.80,[100.00,13.14,16.02]	15:C000,45.60,[100.00,40.93,32.00]	20:A100,42.00,[100.00,04.87,04.87]	25:A100,45.80,[100.00,24.34,17.02]	30:A100,44.40,[100.00,14.05,25.29]	35:A100,43.00,[100.00,19.39,06.83]	40:A100,43.40,[100.00,07.41,13.14]	45:A100,43.60,[100.00,01.67,04.37]	
0:A100,44.10,[100.00,02.25,04.05]	5:A100,44.40,[100.00,03.60,23.74]	10:A100,42.30,[100.00,13.14,16.02]	15:A100,46.10,[100.00,40.93,32.00]	20:A100,42.50,[100.00,04.87,04.87]	25:A100,46.30,[100.00,24.34,17.02]	30:A100,44.90,[100.00,14.05,25.29]	35:A100,43.50,[100.00,19.39,06.83]	40:A100,43.90,[100.00,07.41,13.14]	45:A100,44.10,[100.00,01.67,04.37]	
0:A100,44.60,[100.00,02.25,04.05]	5:A100,44.90,[100.00,03.60,23.74]	10:A100,42.80,[100.00,13.14,16.02]	15:A100,46.60,[100.00,40.93,32.00]	20:A100,43.00,[100.00,04.87,04.87]	25:A100,46.80,[100.00,24.34,17.02]	30:A100,45.40,[100.00,14.05,25.29]	35:A100,44.00,[100.00,19.39,06.83]	40:A100,44.40,[100.00,07.41,13.14]	45:A100,44.60,[100.00,01.67,04.37]	
0:A100,45.10,[100.00,02.25,04.05]	5:A100,45.40,[100.00,03.60,23.74]	10:A100,43.30,[100.00,13.14,16.02]	15:A100,47.10,[100.00,40.93,32.00]	20:A100,43.50,[100.00,04.87,04.87]	25:A100,47.30,[100.00,24.34,17.02]	30:A100,45.90,[100.00,14.05,25.29]	35:A100,44.50,[100.00,19.39,06.83]	40:A100,44.90,[100.00,07.41,13.14]	45:A100,45.10,[100.00,01.67,04.37]	
0:A100,45.60,[100.00,02.25,04.05]	5:A100,45.90,[100.00,03.60,23.74]	10:A100,43.80,[100.00,13.14,16.02]	15:A100,47.60,[100.00,40.93,32.00]	20:A100,44.00,[100.00,04.87,04.87]	25:A100,47.80,[100.00,24.34,17.02]	30:A100,46.40,[100.00,14.05,25.29]	35:A100,45.00,[100.00,19.39,06.83]	40:A100,45.40,[100.00,07.41,13.14]	45:A100,45.60,[100.00,01.67,04.37]	
0:A100,46.10,[100.00,02.25,04.05]	5:A100,46.40,[100.00,03.60,23.74]	10:A100,44.30,[100.00,13.14,16.02]	15:A100,48.10,[100.00,40.93,32.00]	20:A100,44.50,[100.00,04.87,04.87]	25:A100,48.30,[100.00,24.34,17.02]	30:A100,46.90,[100.00,14.05,25.29]	35:A100,45.50,[100.00,19.39,06.83]	40:A100,45.90,[100.00,07.41,13.14]	45:A100,46.10,[100.00,01.67,04.37]	
0:A100,46.60,[100.00,02.25,04.05]	5:A100,46.90,[100.00,03.60,23.74]	10:A100,44.80,[100.00,13.14,16.02]	15:A100,48.60,[100.00,40.93,32.00]	20:A100,45.00,[100.00,04.87,04.87]	25:A100,48.80,[100.00,24.34,17.02]	30:A100,47.40,[100.00,14.05,25.29]	35:A100,46.00,[100.00,19.39,06.83]	40:A100,46.40,[100.00,07.41,13.14]	45:A100,46.60,[100.00,01.67,04.37]	
0:A100,47.10,[100.00,02.25,04.05]	5:A100,47.40,[100.00,03.60,23.74]	10:A100,45.30,[100.00,13.14,16.02]	15:A100,49.10,[100.00,40.93,32.00]	20:A100,45.50,[100.00,04.87,04.87]	25:A100,49.30,[100.00,24.34,17.02]	30:A100,47.90,[100.00,14.05,25.29]	35:A100,46.50,[100.00,19.39,06.83]	40:A100,46.90,[100.00,07.41,13.14]	45:A100,47.10,[100.00,01.67,04.37]	
0:A100,47.60,[100.00,02.25,04.05]	5:A100,47.90,[100.00,03.60,23.74]	10:A100,45.80,[100.00,13.14,16.02]	15:A100,49.60,[100.00,40.93,32.00]	20:A100,46.00,[100.00,04.87,04.87]	25:A100,49.80,[100.00,24.34,17.02]	30:A100,48.40,[100.00,14.05,25.29]	35:A100,47.00,[100.00,19.39,06.83]	40:A100,47.40,[100.00,07.41,13.14]	45:A100,47.60,[100.00,01.67,04.37]	
0:A100,48.10,[100.00,02.25,04.05]	5:A100,48.40,[100.00,03.60,23.74]	10:A100,46.30,[100.00,13.14,16.02]	15:B220,50.70,[100.00,179.09,32.00]	20:A100,46.50,[100.00,04.87,04.87]	25:A100,50.30,[100.00,24.34,17.02]	30:B220,49.50,[100.00,191.07,25.29]	35:A100,47.50,[100.00,19.39,06.83]	40:A100,47.90,[100.00,07.41,13.14]	45:A100,48.10,[100.00,01.67,04.37]	
0:A100,48.60,[100.00,02.25,04.05]	5:A100,48.90,[100.00,03.60,23.74]	10:A100,46.80,[100.00,13.14,16.02]	15:B220,51.80,[100.00,210.66,32.00]	20:A100,47.00,[100.00,04.87,04.87]	25:A100,50.80,[100.00,24.34,17.02]	30:B000,49.50,[100.00,26.84,25.29]	35:A100,48.00,[100.00,19.39,06.83]	40:A100,48.40,[100.00,07.41,13.14]	45:A100,48.60,[100.00,01.67,04.37]	
0:A100,49.10,[100.00,02.25,04.05]	5:A100,49.40,[100.00,03.60,23.74]	10:A100,47.30,[100.00,13.14,16.02]	15:B000,51.80,[100.00,48.12,32.00]	20:A100,47.50,[100.00,04.87,04.87]	25:A100,51.30,[100.00,24.34,17.02]	30:A100,50.00,[100.00,26.84,25.29]	35:A100,48.50,[100.00,19.39,06.83]	40:A100,48.90,[100.00,07.41,13.14]	45:A100,49.10,[100.00,01.67,04.37]	
0:A100,49.60,[100.00,02.25,04.05]	5:A100,49.90,[100.00,03.60,23.74]	10:A100,47.80,[100.00,13.14,16.02]	15:A100,52.30,[100.00,48.12,32.00]	20:A100,48.00,[100.00,04.87,04.87]	25:A100,51.80,[100.00,24.34,17.02]	30:A100,50.50,[100.00,26.84,25.29]	35:A100,49.00,[100.00,19.39,06.83]	40:A100,49.40,[100.00,07.41,13.14]	45:A100,49.60,[100.00,01.67,04.37]	
0:A100,50.10,[100.00,02.25,04.05]	5:A100,50.40,[100.00,03.60,23.74]	10:A100,48.30,[100.00,13.14,16.02]	15:A100,52.80,[100.00,48.12,32.00]	20:A100,48.50,[100.00,04.87,04.87]	25:A100,52.30,[100.00,24.34,17.02]	30:A100,51.00,[100.00,26.84,25.29]	35:A100,49.50,[100.00,19.39,06.83]	40:A100,49.90,[100.00,07.41,13.14]	45:A100,50.10,[100.00,01.67,04.37]	
0:A100,50.60,[100.00,02.25,04.05]	5:A100,50.90,[100.00,03.60,23.74]	10:A100,48.80,[100.00,13.14,16.02]	15:B220,53.90,[100.00,180.74,32.00]	20:A100,49.00,[100.00,04.87,04.87]	25:A100,52.80,[100.00,24.34,17.02]	30:A100,51.50,[100.00,26.84,25.29]	35:A100,50.00,[100.00,19.39,06.83]	40:A100,50.40,[100.00,07.41,13.14]	45:A100,50.60,[100.00,01.67,04.37]	
0:A100,51.10,[100.00,02.25,04.05]	5:A100,51.40,[100.00,03.60,23.74]	10:A100,49.30,[100.00,13.14,16.02]	15:B000,53.90,[100.00,41.29,32.00]	20:A100,49.50,[100.00,04.87,04.87]	25:A100,53.30,[100.00,24.34,17.02]	30:A100,52.00,[100.00,26.84,25.29]	35:A100,50.50,[100.00,19.39,06.83]	40:A100,50.90,[100.00,07.41,13.14]	45:A100,51.10,[100.00,01.67,04.37]	
0:A100,51.60,[100.00,02.25,04.05]	5:A100,51.90,[100.00,03.60,23.74]	10:A100,49.80,[100.00,13.14,16.02]	15:A100,54.40,[100.00,41.29,32.00]	20:A100,50.00,[100.00,04.87,04.87]	25:A100,53.80,[100.00,24.34,17.02]	30:A100,52.50,[100.00,26.84,25.29]	35:A100,51.00,[100.00,19.39,06.83]	40:A100,51.40,[100.00,07.41,13.14]	45:B000,51.10,[100.00,00.35,04.37]	
0:A100,52.10,[100.00,02.25,04.05]	5:A100,52.40,[100.00,03.60,23.74]	10:A100,50.30,[100.00,13.14,16.02]	15:A100,54.90,[100.00,41.29,32.00]	20:A100,50.50,[100.00,04.87,04.87]	25:A100,54.30,[100.00,24.34,17.02]	30:A100,53.00,[100.00,26.84,25.29]	35:A100,51.50,[100.00,19.39,06.83]	40:A100,51.90,[100.00,07.41,13.14]	45:A100,51.60,[100.00,00.35,04.37]	
0:A100,52.60,[100.00,02.25,04.05]	5:A100,52.90,[100.00,03.60,23.74]	10:A100,50.80,[100.00,13.14,16.02]	15:A100,55.40,[100.00,41.29,32.00]	20:A100,51.00,[100.00,04.87,04.87]	25:A100,54.80,[100.00,24.34,17.02]	30:A100,53.50,[100.00,26.84,25.29]	35:A100,52.00,[100.00,19.39,06.83]	40:A100,52.40,[100.00,07.41,13.14]	45:A100,52.10,[100.00,00.35,04.37]	
0:A100,53.10,[100.00,02.25,04.05]	5:A100,53.40,[100.00,03.60,23.74]	10:A100,51.30,[100.00,13.14,16.02]	15:A100,55.90,[100.00,41.29,32.00]	20:A100,51.50,[100.00,04.87,04.87]	25:A100,55.30,[100.00,24.34,17.02]	30:A100,54.00,[100.00,26.84,25.29]	35:A100,52.50,[100.00,19.39,06.83]	40:B000,52.40,[100.00,02.02,13.14]	45:A100,52.60,[100.00,00.35,04.37]	
0:A100,53.60,[100.00,02.25,04.05]	5:A100,53.90,[100.00,03.60,23.74]	10:A100,51.80,[100.00,13.14,16.02]	15:A100,56.40,[100.00,41.29,32.00]	20:A100,52.00,[100.00,04.87,04.87]	25:A100,55.80,[100.00,24.34,17.02]	30:A100,54.50,[100.00,26.84,25.29]	35:A100,53.00,[100.00,19.39,06.83]	40:A100,52.90,[100.00,02.02,13.14]	45:A100,53.10,[100.00,00.35,04.37]	
0:A100,54.10,[100.00,02.25,04.05]	5:A100,54.40,[100.00,03.60,23.74]	10:A100,52.30,[100.00,13.14,16.02]	15:A100,56.90,[100.00,41.29,32.00]	20:A100,52.50,[100.00,04.87,04.87]	25:B220,56.90,[100.00,154.83,17.02]	30:A100,55.00,[100.00,26.84,25.29]	35:A100,53.50,[100.00,19.39,06.83]	40:A100,53.40,[100.00,02.02,13.14]	45:A100,53.60,[100.00,00.35,04.37]	
0:A100,54.60,[100.00,02.25,04.05]	5:A100,54.90,[100.00,03.60,23.74]	10:A100,52.80,[100.00,13.14,16.02]	15:A100,57.40,[100.00,41.29,32.00]	20:A100,53.00,[100.00,04.87,04.87]	25:B000,56.90,[100.00,51.57,17.02]	30:A100,55.50,[100.00,26.84,25.29]	35:A100,54.00,[100.00,19.39,06.83]	40:A100,53.90,[100.00,02.02,13.14]	45:A100,54.10,[100.00,00.35,04.37]	
0:A100,55.10,[100.00,02.25,04.05]	5:A100,55.40,[100.00,03.60,23.74]	10:A100,53.30,[100.00,13.14,16.02]	15:C180,58.30,[100.00,41.29,146.19]	20:A100,53.50,[100.00,04.87,04.87]	25:A100,57.40,[100.00,51.57,17.02]	30:A100,56.00,[100.00,26.84,25.29]	35:A100,54.50,[100.00,19.39,06.83]	40:A100,54.40,[100.00,02.02,13.14]	45:A100,54.60,[100.00,00.35,04.37]	
0:A100,55.60,[100.00,02.25,04.05]	5:A100,55.90,[100.00,03.60,23.74]	10:A100,53.80,[100.00,13.14,16.02]	15:C000,58.30,[100.00,41.29,33.40]	20:A100,54.00,[100.00,04.87,04.87]	25:A100,57.90,[100.00,51.57,17.02]	30:A100,56.50,[100.00,26.84,25.29]	35:A100,55.00,[100.00,19.39,06.83]	40:A100,54.90,[100.00,02.02,13.14]	45:A100,55.10,[100.00,00.35,04.37]	
0:A100,56.10,[100.00,02.25,04.05]	5:A100,56.40,[100.00,03.60,23.74]	10:A100,54.30,[100.00,13.14,16.02]	15:A100,58.80,[100.00,41.29,33.40]	20:A100,54.50,[100.00,04.87,04.87]	25:A100,58.40,[100.00,51.57,17.02]	30:B000,56.50,[100.00,03.77,25.29]	35:A100,55.50,[100.00,19.39,06.83]	40:A100,55.40,[100.00,02.02,13.14]	45:A100,55.60,[100.00,00.35,04.37]	
0:A100,56.60,[100.00,02.25,04.05]	5:A100,56.90,[100.00,03.60,23.74]	10:A100,54.80,[100.00,13.14,16.02]	15:A100,59.30,[100.00,41.29,33.40]	20:A100,55.00,[100.00,04.87,04.87]	25:A100,58.90,[100.00,51.57,17.02]	30:A100,57.00,[100.00,03.77,25.29]	35:A100,56.00,[100.00,19.39,06.83]	40:A100,55.90,[100.00,02.02,13.14]	45:A100,56.10,[100.00,00.35,04.37]	
0:A100,57.10,[100.00,02.25,04.05]	5:A100,57.40,[100.00,03.60,23.74]	10:A100,55.30,[100.00,13.14,16.02]	15:A100,59.80,[100.00,41.29,33.40]	20:A100,55.50,[100.00,04.87,04.87]	25:A100,59.40,[100.00,51.57,17.02]	30:A100,57.50,[100.00,03.77,25.29]	35:A100,56.50,[100.00,19.39,06.83]	40:A100,56.40,[100.00,02.02,13.14]	45:A100,56.60,[100.00,00.35,04.37]	
0:A100,57.60,[100.00,02.25,04.05]	5:A100,57.90,[100.00,03.60,23.74]	10:A100,55.80,[100.00,13.14,16.02]	15:A100,60.30,[100.00,41.29,33.40]	20:A100,56.00,[100.00,04.87,04.87]	25:A100,59.90,[100.00,51.57,17.02]	30:A100,58.00,[100.00,03.77,25.29]	35:A100,57.00,[100.00,19.39,06.83]	40:A100,56.90,[100.00,02.02,13.14]	45:A100,57.10,[100.00,00.35,04.37]	
0:A100,58.10,[100.00,02.25,04.05]	5:A100,58.40,[100.00,03.60,23.74]	10:A100,56.30,[100.00,13.14,16.02]	15:A100,60.80,[100.00,41.29,33.40]	20:A100,56.50,[100.00,04.87,04.87]	25:A100,60.40,[100.00,51.57,17.02]	30:C000,58.00,[100.00,03.77,03.55]	35:A100,57.50,[100.00,19.39,06.83]	40:A100,57.40,[100.00,02.02,13.14]	45:A100,57.60,[100.00,00.35,04.37]	
0:A100,58.60,[100.00,02.25,04.05]	5:A100,58.90,[100.00,03.60,23.74]	10:A100,56.80,[100.00,13.14,16.02]	15:A100,61.30,[100.00,41.29,33.40]	20:A100,57.00,[100.00,04.87,04.87]	25:A100,60.90,[100.00,51.57,17.02]	30:A100,58.50,[100.00,03.77,03.55]	35:A100,58.00,[100.00,19.39,06.83]	40:A100,57.90,[100.00,02.02,13.14]	45:A100,58.10,[100.00,00.35,04.37]	
0:A100,59.10,[100.00,02.25,04.05]	5:A100,59.40,[100.00,03.60,23.74]	10:A100,57.30,[100.00,13.14,16.02]	15:A100,61.80,[100.00,41.29,33.40]	20:A100,57.50,[100.00,04.87,04.87]	25:A100,61.40,[100.00,51.57,17.02]	30:A100,59.00,[100.00,03.77,03.55]	35:A100,58.50,[100.00,19.39,06.83]	40:A100,58.40,[100.00,02.02,13.14]	45:A100,58.60,[100.00,00.35,04.37]	
0:A100,59.60,[100.00,02.25,04.05]	5:A100,59.90,[100.00,03.60,23.74]	10:A100,57.80,[100.00,13.14,16.02]	15:A100,62.30,[100.00,41.29,33.40]	20:A100,58.00,[100.00,04.87,04.87]	25:A100,61.90,[100.00,51.57,17.02]	30:A100,59.50,[100.00,03.77,03.55]	35:A100,59.00,[100.00,19.39,06.83]	40:A100,58.90,[100.00,02.02,13.14]	45:A100,59.10,[100.00,00.35,04.37]	
0:A100,60.10,[100.00,02.25,04.05]	5:A100,60.40,[100.00,03.60,23.74]	10:A100,58.30,[100.00,13.14,16.02]	15:A100,62.80,[100.00,41.29,33.40]	20:A100,58.50,[100.00,04.87,04.87]	25:A100,62.40,[100.00,51.57,17.02]	30:A100,60.00,[100.00,03.77,03.55]	35:A100,59.50,[100.00,19.39,06.83]	40:A100,59.40,[100.00,02.02,13.14]	45:A100,59.60,[100.00,00.35,04.37]	
0:A100,60.60,[100.00,02.25,04.05]	5:A100,60.90,[100.00,03.60,23.74]	10:A100,58.80,[100.00,13.14,16.02]	15:A100,63.30,[100.00,41.29,33.40]	20:A100,59.00,[100.00,04.87,04.87]	25:A100,62.90,[100.00,51.57,17.02]	30:A100,60.50,[100.00,03.77,03.55]	35:A100,60.00,[100.00,19.39,06.83]	40:A100,59.90,[100.00,02.02,13.14]	45:A100,60.10,[100.00,00.35,04.37]	
0:A100,61.10,[100.00,02.25,04.05]	5:A100,61.40,[100.00,03.60,23.74]	10:A100,59.30,[100.00,13.14,16.02]	15:A100,63.80,[100.00,41.29,33.40]	20:A100,59.50,[100.00,04.87,04.87]	25:A100,63.40,[100.00,51.57,17.02]	30:A100,61.00,[100.00,03.77,03.55]	35:A100,60.50,[100.00,19.39,06.83]	40:A100,60.40,[100.00,02.02,13.14]	45:A100,60.60,[100.00,00.35,04.37]	
0:A100,61.60,[100.00,02.25,04.05]	5:A100,61.90,[100.00,03.60,23.74]	10:A100,59.80,[100.00,13.14,16.02]	15:A100,64.30,[100.00,41.29,33.40]	20:A100,60.00,[100.00,04.87,04.87]	25:A100,63.90,[100.00,51.57,17.02]	30:A100,61.50,[100.00,03.77,03.55]	35:A100,61.00,[100.00,19.39,06.83]	40:A100,60.90,[100.00,02.02,13.14]	45:A100,61.10,[100.00,00.35,04.37]	
0:A100,62.10,[100.00,02.25,04.05]	5:A100,62.40,[100.00,03.60,23.74]	10:A100,60.30,[100.00,13.14,16.02]	15:A100,64.80,[100.00,41.29,33.40]	20:A100,60.50,[100.00,04.87,04.87]	25:A100,64.40,[100.00,51.57,17.02]	30:A100,62.00,[100.00,03.77,03.55]	35:A100,61.50,[100.00,19.39,06.83]	40:A100,61.40,[100.00,02.02,13.14]	45:A100,61.60,[100.00,00.35,04.37]	
0:A100,62.60,[100.00,02.25,04.05]	5:A100,62.90,[100.00,03.60,23.74]	10:A100,60.80,[100.00,13.14,16.02]	15:A100,65.30,[100.00,41.29,33.40]	20:A100,61.00,[100.00,04.87,04.87]	25:A100,64.90,[100.00,51.57,17.02]	30:A100,62.50,[100.00,03.77,03.55]	35:A100,62.00,[100.00,19.39,06.83]	40:A100,61.90,[100.00,02.02,13.14]	45:A100,62.10,[100.00,00.35,04.37]	
0:A100,63.10,[100.00,02.25,04.05]	5:A100,63.40,[100.00,03.60,23.74]	10:A100,61.30,[100.00,13.14,16.02]	15:A100,65.80,[100.00,41.29,33.40]	20:A100,61.50,[100.00,04.87,04.87]	25:A100,65.40,[100.00,51.57,17.02]	30:A100,63.00,[100.00,03.77,03.55]	35:A100,62.50,[100.00,19.39,06.83]	40:A100,62.40,[100.00,02.02,13.14]	45:A100,62.60,[100.00,00.35,04.37]	
0:A100,63.60,[100.00,02.25,04.05]	5:A100,63.90,[100.00,03.60,23.74]	10:A100,61.80,[100.00,13.14,16.02]	15:A100,66.30,[100.00,41.29,33.40]	20:B220,62.60,[100.00,172.53,04.87]	25:A100,65.90,[100.00,51.57,17.02]	30:A100,63.50,[100.00,03.77,03.55]	35:A100,63.00,[100.00,19.39,06.83]	40:A100,62.90,[100.00,02.02,13.14]	45:A100,63.10,[100.00,00.35,04.37]	
0:A100,64.10,[100.00,02.25,04.05]	5:A100,64.40,[100.00,03.60,23.74]	10:A100,62.30,[100.00,13.14,16.02]	15:A100,66.80,[100.00,41.29,33.40]	20:B000,62.60,[100.00,38.07,04.87]	25:A100,66.40,[100.00,51.57,17.02]	30:A100,64.00,[100.00,03.77,03.55]	35:A100,63.50,[100.00,19.39,06.83]	40:B220,64.00,[100.00,160.67,13.14]	45:A100,63.60,[100.00,00.35,04.37]	
0:A100,64.60,[100.00,02.25,04.05]	5:A100,64.90,[100.00,03.60,23.74]	10:A100,62.80,[100.00,13.14,16.02]	15:A100,67.30,[100.00,41.29,33.40]	20:A100,63.10,[100.00,38.07,04.87]	25:A100,66.90,[100.00,51.57,17.02]	30:A100,64.50,[100.00,03.77,03.55]	35:A100,64.00,[100.00,19.39,06.83]	40:B000,64.00,[100.00,43.73,13.14]	45:A100,64.10,[100.00,00.35,04.37]	
0:A100,65.10,[100.00,02.25,04.05]	5:A100,65.40,[100.00,03.60,23.74]	10:A100,63.30,[100.00,13.14,16.02]	15:A100,67.80,[100.00,41.29,33.40]	20:A100,63.60,[100.00,38.07,04.87]	25:A100,67.40,[100.00,51.57,17.02]	30:A100,65.00,[100.00,03.77,03.55]	35:A100,64.50,[100.00,19.39,06.83]	40:A100,64.50,[100.00,43.73,13.14]	45:A100,64.60,[100.00,00.35,04.37]	
0:A100,65.60,[100.00,02.25,04.05]	5:A100,65.90,[100.00,03.60,23.74]	10:A100,63.80,[100.00,13.14,16.02]	15:A100,68.30,[100.00,41.29,33.40]	20:A100,64.10,[100.00,38.07,04.87]	25:A100,67.90,[100.00,51.57,17.02]	30:A100,65.50,[100.00,03.77,03.55]	35:A100,65.00,[100.00,19.39,06.83]	40:A100,65.00,[100.00,43.73,13.14]	45:A100,65.10,[100.00,00.35,04.37]	
0:A100,66.10,[100.00,02.25,04.05]	5:A100,66.40,[100.00,03.60,23.74]	10:A100,64.30,[100.00,13.14,16.02]	15:B000,68.30,[100.00,09.43,33.40]	20:A100,64.60,[100.00,38.07,04.87]	25:A100,68.40,[100.00,51.57,17.02]	30:A100,66.00,[100.00,03.77,03.55]	35:A100,65.50,[100.00,19.39,06.83]	40:A100,65.50,[100.00,43.73,13.14]	45:A100,65.60,[100.00,00.35,04.37]	
0:A100,66.60,[100.00,02.25,04.05]	5:A100,66.90,[100.00,03.60,23.74]	10:A100,64.80,[100.00,13.14,16.02]	15:A100,68.80,[100.00,09.43,33.40]	20:A100,65.10,[100.00,38.07,04.87]	25:A100,68.90,[100.00,51.57,17.02]	30:C000,66.00,[100.00,03.77,00.50]	35:A100,66.00,[100.00,19.39,06.83]	40:A100,66.00,[100.00,43.73,13.14]	45:A100,66.10,[100.00,00.35,04.37]	
0:A100,67.10,[100.00,02.25,04.05]	5:A100,67.40,[100.00,03.60,23.74]	10:A100,65.30,[100.00,13.14,16.02]	15:A100,69.30,[100.00,09.43,33.40]	20:A100,65.60,[100.00,38.07,04.87]	25:A100,69.40,[100.00,51.57,17.02]	30:A100,66.50,[100.00,03.77,00.50]	35:A100,66.50,[100.00,19.39,06.83]	40:A100,66.50,[100.00,43.73,13.14]	45:A100,66.60,[100.00,00.35,04.37]	
0:A100,67.60,[100.00,02.25,04.05]	5:A100,67.90,[100.00,03.60,23.74]	10:A100,65.80,[100.00,13.14,16.02]	15:A100,69.80,[100.00,09.43,33.40]	20:A100,66.10,[100.00,38.07,04.87]	25:A100,69.90,[100.00,51.57,17.02]	30:A100,67.00,[100.00,03.77,00.50]	35:A100,67.00,[100.00,19.39,06.83]	40:B220,67.60,[100.00,172.03,13.14]	45:A100,67.10,[100.00,00.35,04.37]	
0:A100,68.10,[100.00,02.25,04.05]	5:A100,68.40,[100.00,03.60,23.74]	10:A100,66.30,[100.00,13.14,16.02]	15:A100,70.30,[100.00,09.43,33.40]	20:A100,66.60,[100.00,38.07,04.87]	25:A100,70.40,[100.00,51.57,17.02]	30:A100,67.50,[100.00,03.77,00.50]	35:A100,67.50,[100.00,19.39,06.83]	40:B220,68.70,[100.00,206.94,13.14]	45:A100,67.60,[100.00,00.35,04.37]	
0:A100,68.60,[100.00,02.25,04.05]	5:A100,68.90,[100.00,03.60,23.74]	10:A100,66.80,[100.00,13.14,16.02]	15:A100,70.80,[100.00,09.43,33.40]	20:A100,67.10,[100.00,38.07,04.87]	25:A100,70.90,[100.00,51.57,17.02]	30:A100,68.00,[100.00,03.77,00.50]	35:A100,68.00,[100.00,19.39,06.83]	40:B220,69.80,[100.00,216.45,13.14]	45:A100,68.10,[100.00,00.35,04.37]	
0:A100,69.10,[100.00,02.25,04.05]	5:A100,69.40,[100.00,03.60,23.74]	10:A100,67.30,[100.00,13.14,16.02]	15:A100,71.30,[100.00,09.43,33.40]	20:A100,67.60,[100.00,38.07,04.87]	25:A100,71.40,[100.00,51.57,17.02]	30:A100,68.50,[100.00,03.77,00.50]	35:A100,68.50,[100.00,19.39,06.83]	40:B220,70.90,[100.00,219.03,13.14]	45:A100,68.60,[100.00,00.35,04.37]	
0:A100,69.60,[100.00,02.25,04.05]	5:A100,69.90,[100.00,03.60,23.74]	10:A100,67.80,[100.00,13.14,16.02]	15:A100,71.80,[100.00,09.43,33.40]	20:A100,68.10,[100.00,38.07,04.87]	25:A100,71.90,[100.00,51.57,17.02]	30:A100,69.00,[100.00,03.77,00.50]	35:A100,69.00,[100.00,19.39,06.83]	40:B220,72.00,[100.00,219.74,13.14]	45:A100,69.10,[100.00,00.35,04.37]	
0:A100,70.10,[100.00,02.25,04.05]	5:A100,70.40,[100.00,03.60,23.74]	10:A100,68.30,[100.00,13.14,16.02]	15:A100,72.30,[100.00,09.43,33.40]	20:A100,68.60,[100.00,38.07,04.87]	25:A100,72.40,[100.00,51.57,17.02]	30:A100,69.50,[100.00,03.77,00.50]	35:A100,69.50,[100.00,19.39,06.83]	40:B220,73.10,[100.00,219.93,13.14]	45:A100,69.60,[100.00,00.35,04.37]	
0:A100,70.60,[100.00,02.25,04.05]	5:A100,70.90,[100.00,03.60,23.74]	10:A100,68.80,[100.00,13.14,16.02]	15:A100,72.80,[100.00,09.43,33.40]	20:A100,69.10,[100.00,38.07,04.87]	25:A100,72.90,[100.00,51.57,17.02]	30:A100,70.00,[100.00,03.77,00.50]	35:A100,70.00,[100.00,19.39,06.83]	40:B000,73.10,[100.00,59.85,13.14]	45:A100,70.10,[100.00,00.35,04.37]	
0:A100,71.10,[100.00,02.25,04.05]	5:A100,71.40,[100.00,03.60,23.74]	10:A100,69.30,[100.00,13.14,16.02]	15:C000,72.80,[100.00,09.43,07.63]	20:A100,69.60,[100.00,38.07,04.87]	25:A100,73.40,[100.00,51.57,17.02]	30:A100,70.50,[100.00,03.77,00.50]	35:A100,70.50,[100.00,19.39,06.83]	40:A100,73.60,[100.00,59.85,13.14]	45:A100,70.60,[100.00,00.35,04.37]	
0:A100,71.60,[100.00,02.25,04.05]	5:A100,71.90,[100.00,03.60,23.74]	10:A100,69.80,[100.00,13.14,16.02]	15:A100,73.30,[100.00,09.43,07.63]	20:A100,70.10,[100.00,38.07,04.87]	25:A100,73.90,[100.00,51.57,17.02]	30:A100,71.00,[100.00,03.77,00.50]	35:A100,71.00,[100.00,19.39,06.83]	40:B220,74.70,[100.00,176.42,13.14]	45:A100,71.10,[100.00,00.35,04.37]	
0:A100,72.10,[100.00,02.25,04.05]	5:A100,72.40,[100.00,03.60,23.74]	10:A100,70.30,[100.00,13.14,16.02]	15:A100,73.80,[100.00,09.43,07.63]	20:A100,70.60,[100.00,38.07,04.87]	25:A100,74.40,[100.00,51.57,17.02]	30:A100,71.50,[100.00,03.77,00.50]	35:A100,71.50,[100.00,19.39,06.83]	40:B220,75.80,[100.00,208.14,13.14]	45:A100,71.60,[100.00,00.35,04.37]	
0:A100,72.60,[100.00,02.25,04.05]	5:A100,72.90,[100.00,03.60,23.74]	10:A100,70.80,[100.00,13.14,16.02]	15:A100,74.30,[100.00,09.43,07.63]	20:A100,71.10,[100.00,38.07,04.87]	25:A100,74.90,[100.00,51.57,17.02]	30:A100,72.00,[100.00,03.77,00.50]	35:A100,72.00,[100.00,19.39,06.83]	40:B220,76.90,[100.00,216.77,13.14]	45:A100,72.10,[100.00,00.35,04.37]	
0:A100,73.10,[100.00,02.25,04.05]	5:A100,73.40,[100.00,03.60,23.74]	10:A100,71.30,[100.00,13.14,16.02]	15:A100,74.80,[100.00,09.43,07.63]	20:A100,71.60,[100.00,38.07,04.87]	25:A100,75.40,[100.00,51.57,17.02]	30:A100,72.50,[100.00,03.77,00.50]	35:A100,72.50,[100.00,19.39,06.83]	40:B220,78.00,[100.00,219.12,13.14]	45:A100,72.60,[100.00,00.35,04.37]	
0:A100,73.60,[100.00,02.25,04.05]	5:A100,73.90,[100.00,03.60,23.74]	10:A100,71.80,[100.00,13.14,16.02]	15:A100,75.30,[100.00,09.43,07.63]	20:A100,72.10,[100.00,38.07,04.87]	25:A100,75.90,[100.00,51.57,17.02]	30:A100,73.00,[100.00,03.77,00.50]	35:A100,73.00,[100.00,19.39,06.83]	40:B220,79.10,[100.00,219.76,13.14]	45:A100,73.10,[100.00,00.35,04.37]	
0:A100,74.10,[100.00,02.25,04.05]	5:A100,74.40,[100.00,03.60,23.74]	10:A100,72.30,[100.00,13.14,16.02]	15:A100,75.80,[100.00,09.43,07.63]	20:A100,72.60,[100.00,38.07,04.87]	25:A100,76.40,[100.00,51.57,17.02]	30:A100,73.50,[100.00,03.77,00.50]	35:A100,73.50,[100.00,19.39,06.83]	40:B000,79.10,[100.00,59.81,13.14]	45:A100,73.60,[100.00,00.35,04.37]	
0:A100,74.60,[100.00,02.25,04.05]	5:A100,74.90,[100.00,03.60,23.74]	10:A100,72.80,[100.00,13.14,16.02]	15:A100,76.30,[100.00,09.43,07.63]	20:A100,73.10,[100.00,38.07,04.87]	25:A100,76.90,[100.00,51.57,17.02]	30:A100,74.00,[100.00,03.77,00.50]	35:A100,74.00,[100.00,19.39,06.83]	40:A100,79.60,[100.00,59.81,13.14]	45:A100,74.10,[100.00,00.35,04.37]	
0:A100,75.10,[100.00,02.25,04.05]	5:A100,75.40,[100.00,03.60,23.74]	10:A100,73.30,[100.00,13.14,16.02]	15:A100,76.80,[100.00,09.43,07.63]	20:A100,73.60,[100.00,38.07,04.87]	25:A100,77.40,[100.00,51.57,17.02]	30:A100,74.50,[100.00,03.77,00.50]	35:A100,74.50,[100.00,19.39,06.83]	40:A100,80.10,[100.00,59.81,13.14]	45:A100,74.60,[100.00,00.35,04.37]	
0:A100,75.60,[100.00,02.25,04.05]	5:A100,75.90,[100.00,03.60,23.74]	10:A100,73.80,[100.00,13.14,16.02]	15:A100,77.30,[100.00,09.43,07.63]	20:A100,74.10,[100.00,38.07,04.87]	25:A100,77.90,[100.00,51.57,17.02]	30:A100,75.00,[100.00,03.77,00.50]	35:A100,75.00,[100.00,19.39,06.83]	40:B220,81.20,[100.00,176.40,13.14]	45:A100,75.10,[100.00,00.35,04.37]	
0:A100,76.10,[100.00,02.25,04.05]	5:A100,76.40,[100.00,03.60,23.74]	10:A100,74.30,[100.00,13.14,16.02]	15:A100,77.80,[100.00,09.43,07.63]	20:A100,74.60,[100.00,38.07,04.87]	25:A100,78.40,[100.00,51.57,17.02]	30:A100,75.50,[100.00,03.77,00.50]	35:A100,75.50,[100.00,19.39,06.83]	40:B000,81.20,[100.00,48.01,13.14]	45:A100,75.60,[100.00,00.35,04.37]	
0:A100,76.60,[100.00,02.25,04.05]	5:A100,76.90,[100.00,03.60,23.74]	10:A100,74.80,[100.00,13.14,16.02]	15:A100,78.30,[100.00,09.43,07.63]	20:B220,75.70,[100.00,179.85,04.87]	25:A100,78.90,[100.00,51.57,17.02]	30:A100,76.00,[100.00,03.77,00.50]	35:A100,76.00,[100.00,19.39,06.83]	40:A100,81.70,[100.00,48.01,13.14]	45:A100,76.10,[100.00,00.35,04.37]	
0:A100,77.10,[100.00,02.25,04.05]	5:A100,77.40,[100.00,03.60,23.74]	10:A100,75.30,[100.00,13.14,16.02]	15:A100,78.80,[100.00,09.43,07.63]	20:B000,75.70,[100.00,39.69,04.87]	25:A100,79.40,[100.00,51.57,17.02]	30:A100,76.50,[100.00,03.77,00.50]	35:A100,76.50,[100.00,19.39,06.83]	40:A100,82.20,[100.00,48.01,13.14]	45:A100,76.60,[100.00,00.35,04.37]	
0:A100,77.60,[100.00,02.25,04.05]	5:A100,77.90,[100.00,03.60,23.74]	10:A100,75.80,[100.00,13.14,16.02]	15:A100,79.30,[100.00,09.43,07.63]	20:C000,75.70,[100.00,39.69,01.07]	25:A100,79.90,[100.00,51.57,17.02]	30:A100,77.00,[100.00,03.77,00.50]	35:A100,77.00,[100.00,19.39,06.83]	40:A100,82.70,[100.00,48.01,13.14]	45:A100,77.10,[100.00,00.35,04.37]	
0:A100,78.10,[100.00,02.25,04.05]	5:A100,78.40,[100.00,03.60,23.74]	10:A100,76.30,[100.00,13.14,16.02]	15:A100,79.80,[100.00,09.43,07.63]	20:A100,76.20,[100.00,39.69,01.07]	25:A100,80.40,[100.00,51.57,17.02]	30:A100,77.50,[100.00,03.77,00.50]	35:A100,77.50,[100.00,19.39,06.83]	40:A100,83.20,[100.00,48.01,13.14]	45:A100,77.60,[100.00,00.35,04.37]	
0:A100,78.60,[100.00,02.25,04.05]	5:A100,78.90,[100.00,03.60,23.74]	10:A100,76.80,[100.00,13.14,16.02]	15:A100,80.30,[100.00,09.43,07.63]	20:A100,76.70,[100.00,39.69,01.07]	25:A100,80.90,[100.00,51.57,17.02]	30:A100,78.00,[100.00,03.77,00.50]	35:A100,78.00,[100.00,19.39,06.83]	40:B000,83.20,[100.00,13.07,13.14]	45:A100,78.10,[100.00,00.35,04.37]	
0:A100,79.10,[100.00,02.25,04.05]	5:A100,79.40,[100.00,03.60,23.74]	10:A100,77.30,[100.00,13.14,16.02]	15:A100,80.80,[100.00,09.43,07.63]	20:A100,77.20,[100.00,39.69,01.07]	25:A100,81.40,[100.00,51.57,17.02]	30:A100,78.50,[100.00,03.77,00.50]	35:A100,78.50,[100.00,19.39,06.83]	40:A100,83.70,[100.00,13.07,13.14]	45:A100,78.60,[100.00,00.35,04.37]	
0:A100,79.60,[100.00,02.25,04.05]	5:A100,79.90,[100.00,03.60,23.74]	10:A100,77.80,[100.00,13.14,16.02]	15:A100,81.30,[100.00,09.43,07.63]	20:A100,77.70,[100.00,39.69,01.07]	25:A100,81.90,[100.00,51.57,17.02]	30:A100,79.00,[100.00,03.77,00.50]	35:A100,79.00,[100.00,19.39,06.83]	40:A100,84.20,[100.00,13.07,13.14]	45:A100,79.10,[100.00,00.35,04.37]	
0:A100,80.10,[100.00,02.25,04.05]	5:B220,81.00,[100.00,191.24,23.74]	10:A100,78.30,[100.00,13.14,16.02]	15:A100,81.80,[100.00,09.43,07.63]	20:A100,78.20,[100.00,39.69,01.07]	25:B000,81.90,[100.00,17.18,17.02]	30:A100,79.50,[100.00,03.77,00.50]	35:A100,79.50,[100.00,19.39,06.83]	40:A100,84.70,[100.00,13.07,13.14]	45:A100,79.60,[100.00,00.35,04.37]	
0:A100,80.60,[100.00,02.25,04.05]	5:B220,82.10,[100.00,216.18,23.74]	10:A100,78.80,[100.00,13.14,16.02]	15:A100,82.30,[100.00,09.43,07.63]	20:A100,78.70,[100.00,39.69,01.07]	25:A100,82.40,[100.00,17.18,17.02]	30:A100,80.00,[100.00,03.77,00.50]	35:A100,80.00,[100.00,19.39,06.83]	40:A100,85.20,[100.00,13.07,13.14]	45:A100,80.10,[100.00,00.35,04.37]	
0:A100,81.10,[100.00,02.25,04.05]	5:B000,82.10,[100.00,28.73,23.74]	10:A100,79.30,[100.00,13.14,16.02]	15:A100,82.80,[100.00,09.43,07.63]	20:A100,79.20,[100.00,39.69,01.07]	25:A100,82.90,[100.00,17.18,17.02]	30:A100,80.50,[100.00,03.77,00.50]	35:A100,80.