each row consists of groups of data for each agent, in form:	agentNum:choice,fitness,[expA,expB,expC]where choice has letter of choice and number for reward received
each column consists of every trial for the same agent.
this entire file is from Generation 100

0:A100, 0.50,100.00,100.00,100.00	5:A100, 0.50,100.00,100.00,100.00	10:A100, 0.50,100.00,100.00,100.00	15:A100, 0.50,100.00,100.00,100.00	20:B220, 1.10,100.00,200.13,100.00	25:C000, 0.00,100.00,100.00,10.39	30:A100, 0.50,100.00,100.00,100.00	35:A100, 0.50,100.00,100.00,100.00	40:A100, 0.50,100.00,100.00,100.00	45:A100, 0.50,100.00,100.00,100.00	
0:B220, 1.60,100.00,193.19,100.00	5:A100, 1.00,100.00,100.00,100.00	10:C180, 1.40,100.00,100.00,165.92	15:B220, 1.60,100.00,199.51,100.00	20:B000, 1.10,100.00,33.14,100.00	25:A100, 0.50,100.00,100.00,10.39	30:C180, 1.40,100.00,100.00,170.12	35:B000, 0.50,100.00,13.52,100.00	40:C000, 0.50,100.00,100.00,32.07	45:C000, 0.50,100.00,100.00,28.22	
0:B220, 2.70,100.00,214.01,100.00	5:B000, 1.00,100.00,16.60,100.00	10:C000, 1.40,100.00,100.00,29.20	15:B220, 2.70,100.00,216.50,100.00	20:A100, 1.60,100.00,33.14,100.00	25:A100, 1.00,100.00,100.00,10.39	30:B000, 1.40,100.00,12.35,170.12	35:A100, 1.00,100.00,13.52,100.00	40:A100, 1.00,100.00,100.00,32.07	45:A100, 1.00,100.00,100.00,28.22	
0:B220, 3.80,100.00,218.66,100.00	5:C180, 1.90,100.00,16.60,166.72	10:B000, 1.40,100.00,17.60,29.20	15:B000, 2.70,100.00,36.96,100.00	20:C180, 2.50,100.00,33.14,166.75	25:B220, 2.10,100.00,207.53,10.39	30:C180, 2.30,100.00,12.35,178.78	35:C000, 1.00,100.00,13.52,13.52	40:A100, 1.50,100.00,100.00,32.07	45:A100, 1.50,100.00,100.00,28.22	
0:B220, 4.90,100.00,219.70,100.00	5:C000, 1.90,100.00,16.60,27.67	10:A100, 1.90,100.00,17.60,29.20	15:C180, 3.60,100.00,36.96,166.34	20:C000, 2.50,100.00,33.14,27.62	25:B220, 3.20,100.00,218.70,10.39	30:C180, 3.20,100.00,12.35,179.85	35:A100, 1.50,100.00,13.52,13.52	40:B220, 2.60,100.00,181.51,32.07	45:A100, 2.00,100.00,100.00,28.22	
0:B220, 6.00,100.00,219.93,100.00	5:A100, 2.40,100.00,16.60,27.67	10:A100, 2.40,100.00,17.60,29.20	15:C180, 4.50,100.00,36.96,177.67	20:A100, 3.00,100.00,33.14,27.62	25:B220, 4.30,100.00,219.87,10.39	30:C000, 3.20,100.00,12.35,22.21	35:C000, 1.50,100.00,13.52, 1.83	40:B220, 3.70,100.00,207.66,32.07	45:B000, 2.00,100.00,28.22,28.22	
0:B220, 7.10,100.00,219.99,100.00	5:A100, 2.90,100.00,16.60,27.67	10:A100, 2.90,100.00,17.60,29.20	15:C000, 4.50,100.00,36.96,30.33	20:B220, 4.10,100.00,189.05,27.62	25:B220, 5.40,100.00,219.99,10.39	30:A100, 3.70,100.00,12.35,22.21	35:A100, 2.00,100.00,13.52, 1.83	40:B220, 4.80,100.00,216.04,32.07	45:A100, 2.50,100.00,28.22,28.22	
0:B220, 8.20,100.00,220.00,100.00	5:A100, 3.40,100.00,16.60,27.67	10:A100, 3.40,100.00,17.60,29.20	15:A100, 5.00,100.00,36.96,30.33	20:A100, 4.60,100.00,189.05,27.62	25:B220, 6.50,100.00,220.00,10.39	30:A100, 4.20,100.00,12.35,22.21	35:A100, 2.50,100.00,13.52, 1.83	40:B220, 5.90,100.00,218.73,32.07	45:A100, 3.00,100.00,28.22,28.22	
0:B220, 9.30,100.00,220.00,100.00	5:A100, 3.90,100.00,16.60,27.67	10:A100, 3.90,100.00,17.60,29.20	15:A100, 5.50,100.00,36.96,30.33	20:B220, 5.70,100.00,214.87,27.62	25:B000, 6.50,100.00,22.86,10.39	30:A100, 4.70,100.00,12.35,22.21	35:A100, 3.00,100.00,13.52, 1.83	40:B220, 7.00,100.00,219.59,32.07	45:A100, 3.50,100.00,28.22,28.22	
0:B220,10.40,100.00,220.00,100.00	5:A100, 4.40,100.00,16.60,27.67	10:A100, 4.40,100.00,17.60,29.20	15:A100, 6.00,100.00,36.96,30.33	20:B000, 5.70,100.00,35.59,27.62	25:A100, 7.00,100.00,22.86,10.39	30:A100, 5.20,100.00,12.35,22.21	35:A100, 3.50,100.00,13.52, 1.83	40:B000, 7.00,100.00,70.43,32.07	45:A100, 4.00,100.00,28.22,28.22	
0:B220,11.50,100.00,220.00,100.00	5:A100, 4.90,100.00,16.60,27.67	10:A100, 4.90,100.00,17.60,29.20	15:A100, 6.50,100.00,36.96,30.33	20:A100, 6.20,100.00,35.59,27.62	25:A100, 7.50,100.00,22.86,10.39	30:A100, 5.70,100.00,12.35,22.21	35:A100, 4.00,100.00,13.52, 1.83	40:B220, 8.10,100.00,172.03,32.07	45:A100, 4.50,100.00,28.22,28.22	
0:B000,11.50,100.00,49.16,100.00	5:A100, 5.40,100.00,16.60,27.67	10:B000, 4.90,100.00, 3.10,29.20	15:A100, 7.00,100.00,36.96,30.33	20:A100, 6.70,100.00,35.59,27.62	25:B000, 7.50,100.00, 2.38,10.39	30:A100, 6.20,100.00,12.35,22.21	35:A100, 4.50,100.00,13.52, 1.83	40:B000, 8.10,100.00,55.17,32.07	45:A100, 5.00,100.00,28.22,28.22	
0:A100,12.00,100.00,49.16,100.00	5:A100, 5.90,100.00,16.60,27.67	10:A100, 5.40,100.00, 3.10,29.20	15:A100, 7.50,100.00,36.96,30.33	20:A100, 7.20,100.00,35.59,27.62	25:A100, 8.00,100.00, 2.38,10.39	30:A100, 6.70,100.00,12.35,22.21	35:A100, 5.00,100.00,13.52, 1.83	40:A100, 8.60,100.00,55.17,32.07	45:A100, 5.50,100.00,28.22,28.22	
0:A100,12.50,100.00,49.16,100.00	5:A100, 6.40,100.00,16.60,27.67	10:A100, 5.90,100.00, 3.10,29.20	15:A100, 8.00,100.00,36.96,30.33	20:C180, 8.10,100.00,35.59,154.76	25:A100, 8.50,100.00, 2.38,10.39	30:A100, 7.20,100.00,12.35,22.21	35:A100, 5.50,100.00,13.52, 1.83	40:A100, 9.10,100.00,55.17,32.07	45:C000, 5.50,100.00,28.22, 7.96	
0:A100,13.00,100.00,49.16,100.00	5:A100, 6.90,100.00,16.60,27.67	10:A100, 6.40,100.00, 3.10,29.20	15:A100, 8.50,100.00,36.96,30.33	20:C000, 8.10,100.00,35.59,25.63	25:A100, 9.00,100.00, 2.38,10.39	30:A100, 7.70,100.00,12.35,22.21	35:A100, 6.00,100.00,13.52, 1.83	40:A100, 9.60,100.00,55.17,32.07	45:A100, 6.00,100.00,28.22, 7.96	
0:C000,13.00,100.00,49.16,22.35	5:A100, 7.40,100.00,16.60,27.67	10:A100, 6.90,100.00, 3.10,29.20	15:A100, 9.00,100.00,36.96,30.33	20:A100, 8.60,100.00,35.59,25.63	25:A100, 9.50,100.00, 2.38,10.39	30:A100, 8.20,100.00,12.35,22.21	35:A100, 6.50,100.00,13.52, 1.83	40:A100,10.10,100.00,55.17,32.07	45:A100, 6.50,100.00,28.22, 7.96	
0:B220,14.10,100.00,181.83,22.35	5:A100, 7.90,100.00,16.60,27.67	10:A100, 7.40,100.00, 3.10,29.20	15:A100, 9.50,100.00,36.96,30.33	20:A100, 9.10,100.00,35.59,25.63	25:A100,10.00,100.00, 2.38,10.39	30:A100, 8.70,100.00,12.35,22.21	35:A100, 7.00,100.00,13.52, 1.83	40:A100,10.60,100.00,55.17,32.07	45:A100, 7.00,100.00,28.22, 7.96	
0:B000,14.10,100.00,40.63,22.35	5:A100, 8.40,100.00,16.60,27.67	10:A100, 7.90,100.00, 3.10,29.20	15:A100,10.00,100.00,36.96,30.33	20:C000, 9.10,100.00,35.59, 4.24	25:A100,10.50,100.00, 2.38,10.39	30:A100, 9.20,100.00,12.35,22.21	35:A100, 7.50,100.00,13.52, 1.83	40:A100,11.10,100.00,55.17,32.07	45:A100, 7.50,100.00,28.22, 7.96	
0:B220,15.20,100.00,179.92,22.35	5:A100, 8.90,100.00,16.60,27.67	10:A100, 8.40,100.00, 3.10,29.20	15:A100,10.50,100.00,36.96,30.33	20:A100, 9.60,100.00,35.59, 4.24	25:A100,11.00,100.00, 2.38,10.39	30:A100, 9.70,100.00,12.35,22.21	35:B000, 7.50,100.00, 1.83, 1.83	40:A100,11.60,100.00,55.17,32.07	45:A100, 8.00,100.00,28.22, 7.96	
0:B220,16.30,100.00,211.04,22.35	5:A100, 9.40,100.00,16.60,27.67	10:A100, 8.90,100.00, 3.10,29.20	15:A100,11.00,100.00,36.96,30.33	20:A100,10.10,100.00,35.59, 4.24	25:A100,11.50,100.00, 2.38,10.39	30:A100,10.20,100.00,12.35,22.21	35:A100, 8.00,100.00, 1.83, 1.83	40:A100,12.10,100.00,55.17,32.07	45:A100, 8.50,100.00,28.22, 7.96	
0:B000,16.30,100.00,47.16,22.35	5:A100, 9.90,100.00,16.60,27.67	10:A100, 9.40,100.00, 3.10,29.20	15:A100,11.50,100.00,36.96,30.33	20:A100,10.60,100.00,35.59, 4.24	25:A100,12.00,100.00, 2.38,10.39	30:A100,10.70,100.00,12.35,22.21	35:A100, 8.50,100.00, 1.83, 1.83	40:A100,12.60,100.00,55.17,32.07	45:A100, 9.00,100.00,28.22, 7.96	
0:A100,16.80,100.00,47.16,22.35	5:A100,10.40,100.00,16.60,27.67	10:A100, 9.90,100.00, 3.10,29.20	15:A100,12.00,100.00,36.96,30.33	20:A100,11.10,100.00,35.59, 4.24	25:A100,12.50,100.00, 2.38,10.39	30:A100,11.20,100.00,12.35,22.21	35:A100, 9.00,100.00, 1.83, 1.83	40:A100,13.10,100.00,55.17,32.07	45:A100, 9.50,100.00,28.22, 7.96	
0:A100,17.30,100.00,47.16,22.35	5:A100,10.90,100.00,16.60,27.67	10:A100,10.40,100.00, 3.10,29.20	15:A100,12.50,100.00,36.96,30.33	20:A100,11.60,100.00,35.59, 4.24	25:A100,13.00,100.00, 2.38,10.39	30:A100,11.70,100.00,12.35,22.21	35:A100, 9.50,100.00, 1.83, 1.83	40:A100,13.60,100.00,55.17,32.07	45:A100,10.00,100.00,28.22, 7.96	
0:A100,17.80,100.00,47.16,22.35	5:A100,11.40,100.00,16.60,27.67	10:A100,10.90,100.00, 3.10,29.20	15:A100,13.00,100.00,36.96,30.33	20:A100,12.10,100.00,35.59, 4.24	25:A100,13.50,100.00, 2.38,10.39	30:A100,12.20,100.00,12.35,22.21	35:A100,10.00,100.00, 1.83, 1.83	40:A100,14.10,100.00,55.17,32.07	45:A100,10.50,100.00,28.22, 7.96	
0:A100,18.30,100.00,47.16,22.35	5:A100,11.90,100.00,16.60,27.67	10:B220,12.00,100.00,181.83,29.20	15:A100,13.50,100.00,36.96,30.33	20:A100,12.60,100.00,35.59, 4.24	25:A100,14.00,100.00, 2.38,10.39	30:A100,12.70,100.00,12.35,22.21	35:A100,10.50,100.00, 1.83, 1.83	40:B000,14.10,100.00,17.70,32.07	45:A100,11.00,100.00,28.22, 7.96	
0:A100,18.80,100.00,47.16,22.35	5:A100,12.40,100.00,16.60,27.67	10:B000,12.00,100.00,32.00,29.20	15:A100,14.00,100.00,36.96,30.33	20:A100,13.10,100.00,35.59, 4.24	25:A100,14.50,100.00, 2.38,10.39	30:A100,13.20,100.00,12.35,22.21	35:A100,11.00,100.00, 1.83, 1.83	40:A100,14.60,100.00,17.70,32.07	45:A100,11.50,100.00,28.22, 7.96	
0:A100,19.30,100.00,47.16,22.35	5:A100,12.90,100.00,16.60,27.67	10:A100,12.50,100.00,32.00,29.20	15:A100,14.50,100.00,36.96,30.33	20:A100,13.60,100.00,35.59, 4.24	25:A100,15.00,100.00, 2.38,10.39	30:A100,13.70,100.00,12.35,22.21	35:A100,11.50,100.00, 1.83, 1.83	40:A100,15.10,100.00,17.70,32.07	45:A100,12.00,100.00,28.22, 7.96	
0:A100,19.80,100.00,47.16,22.35	5:A100,13.40,100.00,16.60,27.67	10:A100,13.00,100.00,32.00,29.20	15:A100,15.00,100.00,36.96,30.33	20:A100,14.10,100.00,35.59, 4.24	25:A100,15.50,100.00, 2.38,10.39	30:A100,14.20,100.00,12.35,22.21	35:A100,12.00,100.00, 1.83, 1.83	40:A100,15.60,100.00,17.70,32.07	45:A100,12.50,100.00,28.22, 7.96	
0:A100,20.30,100.00,47.16,22.35	5:A100,13.90,100.00,16.60,27.67	10:A100,13.50,100.00,32.00,29.20	15:A100,15.50,100.00,36.96,30.33	20:A100,14.60,100.00,35.59, 4.24	25:A100,16.00,100.00, 2.38,10.39	30:A100,14.70,100.00,12.35,22.21	35:A100,12.50,100.00, 1.83, 1.83	40:A100,16.10,100.00,17.70,32.07	45:A100,13.00,100.00,28.22, 7.96	
0:A100,20.80,100.00,47.16,22.35	5:A100,14.40,100.00,16.60,27.67	10:A100,14.00,100.00,32.00,29.20	15:A100,16.00,100.00,36.96,30.33	20:A100,15.10,100.00,35.59, 4.24	25:A100,16.50,100.00, 2.38,10.39	30:A100,15.20,100.00,12.35,22.21	35:A100,13.00,100.00, 1.83, 1.83	40:A100,16.60,100.00,17.70,32.07	45:C000,13.00,100.00,28.22, 2.25	
0:B220,21.90,100.00,181.38,22.35	5:A100,14.90,100.00,16.60,27.67	10:B220,15.10,100.00,186.92,29.20	15:A100,16.50,100.00,36.96,30.33	20:A100,15.60,100.00,35.59, 4.24	25:A100,17.00,100.00, 2.38,10.39	30:A100,15.70,100.00,12.35,22.21	35:A100,13.50,100.00, 1.83, 1.83	40:A100,17.10,100.00,17.70,32.07	45:A100,13.50,100.00,28.22, 2.25	
0:B220,23.00,100.00,211.37,22.35	5:A100,15.40,100.00,16.60,27.67	10:B000,15.10,100.00,32.89,29.20	15:A100,17.00,100.00,36.96,30.33	20:A100,16.10,100.00,35.59, 4.24	25:A100,17.50,100.00, 2.38,10.39	30:A100,16.20,100.00,12.35,22.21	35:A100,14.00,100.00, 1.83, 1.83	40:A100,17.60,100.00,17.70,32.07	45:A100,14.00,100.00,28.22, 2.25	
0:B220,24.10,100.00,218.07,22.35	5:A100,15.90,100.00,16.60,27.67	10:A100,15.60,100.00,32.89,29.20	15:A100,17.50,100.00,36.96,30.33	20:A100,16.60,100.00,35.59, 4.24	25:A100,18.00,100.00, 2.38,10.39	30:A100,16.70,100.00,12.35,22.21	35:A100,14.50,100.00, 1.83, 1.83	40:A100,18.10,100.00,17.70,32.07	45:A100,14.50,100.00,28.22, 2.25	
0:B000,24.10,100.00,48.73,22.35	5:A100,16.40,100.00,16.60,27.67	10:B000,15.60,100.00, 5.79,29.20	15:A100,18.00,100.00,36.96,30.33	20:A100,17.10,100.00,35.59, 4.24	25:A100,18.50,100.00, 2.38,10.39	30:A100,17.20,100.00,12.35,22.21	35:A100,15.00,100.00, 1.83, 1.83	40:A100,18.60,100.00,17.70,32.07	45:A100,15.00,100.00,28.22, 2.25	
0:A100,24.60,100.00,48.73,22.35	5:A100,16.90,100.00,16.60,27.67	10:A100,16.10,100.00, 5.79,29.20	15:A100,18.50,100.00,36.96,30.33	20:A100,17.60,100.00,35.59, 4.24	25:A100,19.00,100.00, 2.38,10.39	30:A100,17.70,100.00,12.35,22.21	35:A100,15.50,100.00, 1.83, 1.83	40:A100,19.10,100.00,17.70,32.07	45:A100,15.50,100.00,28.22, 2.25	
0:A100,25.10,100.00,48.73,22.35	5:A100,17.40,100.00,16.60,27.67	10:A100,16.60,100.00, 5.79,29.20	15:A100,19.00,100.00,36.96,30.33	20:A100,18.10,100.00,35.59, 4.24	25:A100,19.50,100.00, 2.38,10.39	30:A100,18.20,100.00,12.35,22.21	35:A100,16.00,100.00, 1.83, 1.83	40:A100,19.60,100.00,17.70,32.07	45:A100,16.00,100.00,28.22, 2.25	
0:A100,25.60,100.00,48.73,22.35	5:A100,17.90,100.00,16.60,27.67	10:A100,17.10,100.00, 5.79,29.20	15:A100,19.50,100.00,36.96,30.33	20:A100,18.60,100.00,35.59, 4.24	25:A100,20.00,100.00, 2.38,10.39	30:A100,18.70,100.00,12.35,22.21	35:A100,16.50,100.00, 1.83, 1.83	40:A100,20.10,100.00,17.70,32.07	45:A100,16.50,100.00,28.22, 2.25	
0:A100,26.10,100.00,48.73,22.35	5:A100,18.40,100.00,16.60,27.67	10:A100,17.60,100.00, 5.79,29.20	15:A100,20.00,100.00,36.96,30.33	20:A100,19.10,100.00,35.59, 4.24	25:A100,20.50,100.00, 2.38,10.39	30:A100,19.20,100.00,12.35,22.21	35:A100,17.00,100.00, 1.83, 1.83	40:A100,20.60,100.00,17.70,32.07	45:A100,17.00,100.00,28.22, 2.25	
0:B000,26.10,100.00,10.89,22.35	5:A100,18.90,100.00,16.60,27.67	10:A100,18.10,100.00, 5.79,29.20	15:A100,20.50,100.00,36.96,30.33	20:A100,19.60,100.00,35.59, 4.24	25:A100,21.00,100.00, 2.38,10.39	30:A100,19.70,100.00,12.35,22.21	35:A100,17.50,100.00, 1.83, 1.83	40:A100,21.10,100.00,17.70,32.07	45:A100,17.50,100.00,28.22, 2.25	
0:A100,26.60,100.00,10.89,22.35	5:A100,19.40,100.00,16.60,27.67	10:A100,18.60,100.00, 5.79,29.20	15:A100,21.00,100.00,36.96,30.33	20:A100,20.10,100.00,35.59, 4.24	25:A100,21.50,100.00, 2.38,10.39	30:A100,20.20,100.00,12.35,22.21	35:A100,18.00,100.00, 1.83, 1.83	40:A100,21.60,100.00,17.70,32.07	45:A100,18.00,100.00,28.22, 2.25	
0:A100,27.10,100.00,10.89,22.35	5:A100,19.90,100.00,16.60,27.67	10:A100,19.10,100.00, 5.79,29.20	15:A100,21.50,100.00,36.96,30.33	20:A100,20.60,100.00,35.59, 4.24	25:A100,22.00,100.00, 2.38,10.39	30:A100,20.70,100.00,12.35,22.21	35:A100,18.50,100.00, 1.83, 1.83	40:A100,22.10,100.00,17.70,32.07	45:B000,18.00,100.00, 7.96, 2.25	
0:A100,27.60,100.00,10.89,22.35	5:A100,20.40,100.00,16.60,27.67	10:A100,19.60,100.00, 5.79,29.20	15:A100,22.00,100.00,36.96,30.33	20:B000,20.60,100.00, 5.89, 4.24	25:A100,22.50,100.00, 2.38,10.39	30:A100,21.20,100.00,12.35,22.21	35:A100,19.00,100.00, 1.83, 1.83	40:A100,22.60,100.00,17.70,32.07	45:A100,18.50,100.00, 7.96, 2.25	
0:A100,28.10,100.00,10.89,22.35	5:A100,20.90,100.00,16.60,27.67	10:A100,20.10,100.00, 5.79,29.20	15:A100,22.50,100.00,36.96,30.33	20:A100,21.10,100.00, 5.89, 4.24	25:A100,23.00,100.00, 2.38,10.39	30:A100,21.70,100.00,12.35,22.21	35:A100,19.50,100.00, 1.83, 1.83	40:A100,23.10,100.00,17.70,32.07	45:A100,19.00,100.00, 7.96, 2.25	
0:A100,28.60,100.00,10.89,22.35	5:A100,21.40,100.00,16.60,27.67	10:A100,20.60,100.00, 5.79,29.20	15:A100,23.00,100.00,36.96,30.33	20:A100,21.60,100.00, 5.89, 4.24	25:A100,23.50,100.00, 2.38,10.39	30:A100,22.20,100.00,12.35,22.21	35:B000,19.50,100.00, 0.25, 1.83	40:A100,23.60,100.00,17.70,32.07	45:A100,19.50,100.00, 7.96, 2.25	
0:A100,29.10,100.00,10.89,22.35	5:A100,21.90,100.00,16.60,27.67	10:A100,21.10,100.00, 5.79,29.20	15:B220,24.10,100.00,188.75,30.33	20:A100,22.10,100.00, 5.89, 4.24	25:A100,24.00,100.00, 2.38,10.39	30:A100,22.70,100.00,12.35,22.21	35:A100,20.00,100.00, 0.25, 1.83	40:A100,24.10,100.00,17.70,32.07	45:A100,20.00,100.00, 7.96, 2.25	
0:A100,29.60,100.00,10.89,22.35	5:A100,22.40,100.00,16.60,27.67	10:A100,21.60,100.00, 5.79,29.20	15:B000,24.10,100.00,32.23,30.33	20:A100,22.60,100.00, 5.89, 4.24	25:A100,24.50,100.00, 2.38,10.39	30:A100,23.20,100.00,12.35,22.21	35:A100,20.50,100.00, 0.25, 1.83	40:A100,24.60,100.00,17.70,32.07	45:A100,20.50,100.00, 7.96, 2.25	
0:A100,30.10,100.00,10.89,22.35	5:A100,22.90,100.00,16.60,27.67	10:A100,22.10,100.00, 5.79,29.20	15:A100,24.60,100.00,32.23,30.33	20:A100,23.10,100.00, 5.89, 4.24	25:A100,25.00,100.00, 2.38,10.39	30:A100,23.70,100.00,12.35,22.21	35:A100,21.00,100.00, 0.25, 1.83	40:A100,25.10,100.00,17.70,32.07	45:A100,21.00,100.00, 7.96, 2.25	
0:A100,30.60,100.00,10.89,22.35	5:A100,23.40,100.00,16.60,27.67	10:A100,22.60,100.00, 5.79,29.20	15:C000,24.60,100.00,32.23, 5.18	20:A100,23.60,100.00, 5.89, 4.24	25:A100,25.50,100.00, 2.38,10.39	30:A100,24.20,100.00,12.35,22.21	35:A100,21.50,100.00, 0.25, 1.83	40:A100,25.60,100.00,17.70,32.07	45:A100,21.50,100.00, 7.96, 2.25	
0:A100,31.10,100.00,10.89,22.35	5:A100,23.90,100.00,16.60,27.67	10:A100,23.10,100.00, 5.79,29.20	15:A100,25.10,100.00,32.23, 5.18	20:A100,24.10,100.00, 5.89, 4.24	25:A100,26.00,100.00, 2.38,10.39	30:A100,24.70,100.00,12.35,22.21	35:A100,22.00,100.00, 0.25, 1.83	40:A100,26.10,100.00,17.70,32.07	45:A100,22.00,100.00, 7.96, 2.25	
0:A100,31.60,100.00,10.89,22.35	5:A100,24.40,100.00,16.60,27.67	10:A100,23.60,100.00, 5.79,29.20	15:A100,25.60,100.00,32.23, 5.18	20:A100,24.60,100.00, 5.89, 4.24	25:A100,26.50,100.00, 2.38,10.39	30:A100,25.20,100.00,12.35,22.21	35:A100,22.50,100.00, 0.25, 1.83	40:A100,26.60,100.00,17.70,32.07	45:A100,22.50,100.00, 7.96, 2.25	
0:A100,32.10,100.00,10.89,22.35	5:A100,24.90,100.00,16.60,27.67	10:A100,24.10,100.00, 5.79,29.20	15:A100,26.10,100.00,32.23, 5.18	20:A100,25.10,100.00, 5.89, 4.24	25:A100,27.00,100.00, 2.38,10.39	30:A100,25.70,100.00,12.35,22.21	35:A100,23.00,100.00, 0.25, 1.83	40:A100,27.10,100.00,17.70,32.07	45:A100,23.00,100.00, 7.96, 2.25	
0:A100,32.60,100.00,10.89,22.35	5:A100,25.40,100.00,16.60,27.67	10:A100,24.60,100.00, 5.79,29.20	15:A100,26.60,100.00,32.23, 5.18	20:A100,25.60,100.00, 5.89, 4.24	25:A100,27.50,100.00, 2.38,10.39	30:A100,26.20,100.00,12.35,22.21	35:A100,23.50,100.00, 0.25, 1.83	40:A100,27.60,100.00,17.70,32.07	45:A100,23.50,100.00, 7.96, 2.25	
0:A100,33.10,100.00,10.89,22.35	5:A100,25.90,100.00,16.60,27.67	10:C180,25.50,100.00, 5.79,153.46	15:A100,27.10,100.00,32.23, 5.18	20:A100,26.10,100.00, 5.89, 4.24	25:A100,28.00,100.00, 2.38,10.39	30:A100,26.70,100.00,12.35,22.21	35:A100,24.00,100.00, 0.25, 1.83	40:A100,28.10,100.00,17.70,32.07	45:A100,24.00,100.00, 7.96, 2.25	
0:A100,33.60,100.00,10.89,22.35	5:A100,26.40,100.00,16.60,27.67	10:C180,26.40,100.00, 5.79,175.33	15:A100,27.60,100.00,32.23, 5.18	20:A100,26.60,100.00, 5.89, 4.24	25:A100,28.50,100.00, 2.38,10.39	30:A100,27.20,100.00,12.35,22.21	35:A100,24.50,100.00, 0.25, 1.83	40:A100,28.60,100.00,17.70,32.07	45:A100,24.50,100.00, 7.96, 2.25	
0:A100,34.10,100.00,10.89,22.35	5:A100,26.90,100.00,16.60,27.67	10:C000,26.40,100.00, 5.79,30.85	15:A100,28.10,100.00,32.23, 5.18	20:A100,27.10,100.00, 5.89, 4.24	25:A100,29.00,100.00, 2.38,10.39	30:B000,27.20,100.00, 1.53,22.21	35:A100,25.00,100.00, 0.25, 1.83	40:A100,29.10,100.00,17.70,32.07	45:A100,25.00,100.00, 7.96, 2.25	
0:A100,34.60,100.00,10.89,22.35	5:A100,27.40,100.00,16.60,27.67	10:A100,26.90,100.00, 5.79,30.85	15:A100,28.60,100.00,32.23, 5.18	20:A100,27.60,100.00, 5.89, 4.24	25:A100,29.50,100.00, 2.38,10.39	30:A100,27.70,100.00, 1.53,22.21	35:A100,25.50,100.00, 0.25, 1.83	40:A100,29.60,100.00,17.70,32.07	45:A100,25.50,100.00, 7.96, 2.25	
0:A100,35.10,100.00,10.89,22.35	5:A100,27.90,100.00,16.60,27.67	10:A100,27.40,100.00, 5.79,30.85	15:A100,29.10,100.00,32.23, 5.18	20:A100,28.10,100.00, 5.89, 4.24	25:A100,30.00,100.00, 2.38,10.39	30:A100,28.20,100.00, 1.53,22.21	35:A100,26.00,100.00, 0.25, 1.83	40:A100,30.10,100.00,17.70,32.07	45:A100,26.00,100.00, 7.96, 2.25	
0:A100,35.60,100.00,10.89,22.35	5:A100,28.40,100.00,16.60,27.67	10:A100,27.90,100.00, 5.79,30.85	15:A100,29.60,100.00,32.23, 5.18	20:A100,28.60,100.00, 5.89, 4.24	25:A100,30.50,100.00, 2.38,10.39	30:A100,28.70,100.00, 1.53,22.21	35:A100,26.50,100.00, 0.25, 1.83	40:A100,30.60,100.00,17.70,32.07	45:A100,26.50,100.00, 7.96, 2.25	
0:A100,36.10,100.00,10.89,22.35	5:A100,28.90,100.00,16.60,27.67	10:A100,28.40,100.00, 5.79,30.85	15:A100,30.10,100.00,32.23, 5.18	20:A100,29.10,100.00, 5.89, 4.24	25:A100,31.00,100.00, 2.38,10.39	30:A100,29.20,100.00, 1.53,22.21	35:A100,27.00,100.00, 0.25, 1.83	40:A100,31.10,100.00,17.70,32.07	45:A100,27.00,100.00, 7.96, 2.25	
0:A100,36.60,100.00,10.89,22.35	5:A100,29.40,100.00,16.60,27.67	10:A100,28.90,100.00, 5.79,30.85	15:A100,30.60,100.00,32.23, 5.18	20:A100,29.60,100.00, 5.89, 4.24	25:A100,31.50,100.00, 2.38,10.39	30:A100,29.70,100.00, 1.53,22.21	35:A100,27.50,100.00, 0.25, 1.83	40:A100,31.60,100.00,17.70,32.07	45:A100,27.50,100.00, 7.96, 2.25	
0:A100,37.10,100.00,10.89,22.35	5:A100,29.90,100.00,16.60,27.67	10:A100,29.40,100.00, 5.79,30.85	15:A100,31.10,100.00,32.23, 5.18	20:A100,30.10,100.00, 5.89, 4.24	25:A100,32.00,100.00, 2.38,10.39	30:A100,30.20,100.00, 1.53,22.21	35:A100,28.00,100.00, 0.25, 1.83	40:A100,32.10,100.00,17.70,32.07	45:A100,28.00,100.00, 7.96, 2.25	
0:A100,37.60,100.00,10.89,22.35	5:A100,30.40,100.00,16.60,27.67	10:A100,29.90,100.00, 5.79,30.85	15:A100,31.60,100.00,32.23, 5.18	20:A100,30.60,100.00, 5.89, 4.24	25:A100,32.50,100.00, 2.38,10.39	30:A100,30.70,100.00, 1.53,22.21	35:A100,28.50,100.00, 0.25, 1.83	40:A100,32.60,100.00,17.70,32.07	45:A100,28.50,100.00, 7.96, 2.25	
0:A100,38.10,100.00,10.89,22.35	5:A100,30.90,100.00,16.60,27.67	10:A100,30.40,100.00, 5.79,30.85	15:B220,32.70,100.00,187.94, 5.18	20:A100,31.10,100.00, 5.89, 4.24	25:A100,33.00,100.00, 2.38,10.39	30:A100,31.20,100.00, 1.53,22.21	35:A100,29.00,100.00, 0.25, 1.83	40:A100,33.10,100.00,17.70,32.07	45:A100,29.00,100.00, 7.96, 2.25	
0:A100,38.60,100.00,10.89,22.35	5:A100,31.40,100.00,16.60,27.67	10:A100,30.90,100.00, 5.79,30.85	15:B000,32.70,100.00,32.09, 5.18	20:A100,31.60,100.00, 5.89, 4.24	25:A100,33.50,100.00, 2.38,10.39	30:A100,31.70,100.00, 1.53,22.21	35:A100,29.50,100.00, 0.25, 1.83	40:A100,33.60,100.00,17.70,32.07	45:A100,29.50,100.00, 7.96, 2.25	
0:A100,39.10,100.00,10.89,22.35	5:A100,31.90,100.00,16.60,27.67	10:A100,31.40,100.00, 5.79,30.85	15:A100,33.20,100.00,32.09, 5.18	20:A100,32.10,100.00, 5.89, 4.24	25:A100,34.00,100.00, 2.38,10.39	30:A100,32.20,100.00, 1.53,22.21	35:A100,30.00,100.00, 0.25, 1.83	40:A100,34.10,100.00,17.70,32.07	45:C000,29.50,100.00, 7.96, 0.63	
0:A100,39.60,100.00,10.89,22.35	5:A100,32.40,100.00,16.60,27.67	10:A100,31.90,100.00, 5.79,30.85	15:A100,33.70,100.00,32.09, 5.18	20:A100,32.60,100.00, 5.89, 4.24	25:A100,34.50,100.00, 2.38,10.39	30:A100,32.70,100.00, 1.53,22.21	35:A100,30.50,100.00, 0.25, 1.83	40:A100,34.60,100.00,17.70,32.07	45:A100,30.00,100.00, 7.96, 0.63	
0:A100,40.10,100.00,10.89,22.35	5:A100,32.90,100.00,16.60,27.67	10:A100,32.40,100.00, 5.79,30.85	15:A100,34.20,100.00,32.09, 5.18	20:A100,33.10,100.00, 5.89, 4.24	25:A100,35.00,100.00, 2.38,10.39	30:A100,33.20,100.00, 1.53,22.21	35:A100,31.00,100.00, 0.25, 1.83	40:A100,35.10,100.00,17.70,32.07	45:A100,30.50,100.00, 7.96, 0.63	
0:A100,40.60,100.00,10.89,22.35	5:A100,33.40,100.00,16.60,27.67	10:A100,32.90,100.00, 5.79,30.85	15:A100,34.70,100.00,32.09, 5.18	20:A100,33.60,100.00, 5.89, 4.24	25:A100,35.50,100.00, 2.38,10.39	30:A100,33.70,100.00, 1.53,22.21	35:A100,31.50,100.00, 0.25, 1.83	40:A100,35.60,100.00,17.70,32.07	45:A100,31.00,100.00, 7.96, 0.63	
0:A100,41.10,100.00,10.89,22.35	5:C000,33.40,100.00,16.60, 4.59	10:A100,33.40,100.00, 5.79,30.85	15:A100,35.20,100.00,32.09, 5.18	20:A100,34.10,100.00, 5.89, 4.24	25:A100,36.00,100.00, 2.38,10.39	30:A100,34.20,100.00, 1.53,22.21	35:A100,32.00,100.00, 0.25, 1.83	40:A100,36.10,100.00,17.70,32.07	45:A100,31.50,100.00, 7.96, 0.63	
0:A100,41.60,100.00,10.89,22.35	5:A100,33.90,100.00,16.60, 4.59	10:A100,33.90,100.00, 5.79,30.85	15:A100,35.70,100.00,32.09, 5.18	20:A100,34.60,100.00, 5.89, 4.24	25:A100,36.50,100.00, 2.38,10.39	30:A100,34.70,100.00, 1.53,22.21	35:A100,32.50,100.00, 0.25, 1.83	40:A100,36.60,100.00,17.70,32.07	45:A100,32.00,100.00, 7.96, 0.63	
0:A100,42.10,100.00,10.89,22.35	5:A100,34.40,100.00,16.60, 4.59	10:A100,34.40,100.00, 5.79,30.85	15:A100,36.20,100.00,32.09, 5.18	20:A100,35.10,100.00, 5.89, 4.24	25:A100,37.00,100.00, 2.38,10.39	30:A100,35.20,100.00, 1.53,22.21	35:A100,33.00,100.00, 0.25, 1.83	40:A100,37.10,100.00,17.70,32.07	45:A100,32.50,100.00, 7.96, 0.63	
0:A100,42.60,100.00,10.89,22.35	5:A100,34.90,100.00,16.60, 4.59	10:A100,34.90,100.00, 5.79,30.85	15:A100,36.70,100.00,32.09, 5.18	20:A100,35.60,100.00, 5.89, 4.24	25:A100,37.50,100.00, 2.38,10.39	30:A100,35.70,100.00, 1.53,22.21	35:A100,33.50,100.00, 0.25, 1.83	40:A100,37.60,100.00,17.70,32.07	45:A100,33.00,100.00, 7.96, 0.63	
0:A100,43.10,100.00,10.89,22.35	5:A100,35.40,100.00,16.60, 4.59	10:A100,35.40,100.00, 5.79,30.85	15:A100,37.20,100.00,32.09, 5.18	20:A100,36.10,100.00, 5.89, 4.24	25:A100,38.00,100.00, 2.38,10.39	30:A100,36.20,100.00, 1.53,22.21	35:A100,34.00,100.00, 0.25, 1.83	40:A100,38.10,100.00,17.70,32.07	45:A100,33.50,100.00, 7.96, 0.63	
0:A100,43.60,100.00,10.89,22.35	5:A100,35.90,100.00,16.60, 4.59	10:A100,35.90,100.00, 5.79,30.85	15:A100,37.70,100.00,32.09, 5.18	20:A100,36.60,100.00, 5.89, 4.24	25:A100,38.50,100.00, 2.38,10.39	30:A100,36.70,100.00, 1.53,22.21	35:A100,34.50,100.00, 0.25, 1.83	40:A100,38.60,100.00,17.70,32.07	45:A100,34.00,100.00, 7.96, 0.63	
0:A100,44.10,100.00,10.89,22.35	5:A100,36.40,100.00,16.60, 4.59	10:A100,36.40,100.00, 5.79,30.85	15:A100,38.20,100.00,32.09, 5.18	20:A100,37.10,100.00, 5.89, 4.24	25:A100,39.00,100.00, 2.38,10.39	30:A100,37.20,100.00, 1.53,22.21	35:A100,35.00,100.00, 0.25, 1.83	40:A100,39.10,100.00,17.70,32.07	45:A100,34.50,100.00, 7.96, 0.63	
0:A100,44.60,100.00,10.89,22.35	5:A100,36.90,100.00,16.60, 4.59	10:A100,36.90,100.00, 5.79,30.85	15:A100,38.70,100.00,32.09, 5.18	20:A100,37.60,100.00, 5.89, 4.24	25:A100,39.50,100.00, 2.38,10.39	30:A100,37.70,100.00, 1.53,22.21	35:C000,35.00,100.00, 0.25, 0.25	40:A100,39.60,100.00,17.70,32.07	45:A100,35.00,100.00, 7.96, 0.63	
0:A100,45.10,100.00,10.89,22.35	5:A100,37.40,100.00,16.60, 4.59	10:A100,37.40,100.00, 5.79,30.85	15:A100,39.20,100.00,32.09, 5.18	20:A100,38.10,100.00, 5.89, 4.24	25:A100,40.00,100.00, 2.38,10.39	30:A100,38.20,100.00, 1.53,22.21	35:A100,35.50,100.00, 0.25, 0.25	40:A100,40.10,100.00,17.70,32.07	45:A100,35.50,100.00, 7.96, 0.63	
0:A100,45.60,100.00,10.89,22.35	5:A100,37.90,100.00,16.60, 4.59	10:A100,37.90,100.00, 5.79,30.85	15:A100,39.70,100.00,32.09, 5.18	20:A100,38.60,100.00, 5.89, 4.24	25:A100,40.50,100.00, 2.38,10.39	30:A100,38.70,100.00, 1.53,22.21	35:A100,36.00,100.00, 0.25, 0.25	40:A100,40.60,100.00,17.70,32.07	45:A100,36.00,100.00, 7.96, 0.63	
0:A100,46.10,100.00,10.89,22.35	5:A100,38.40,100.00,16.60, 4.59	10:A100,38.40,100.00, 5.79,30.85	15:A100,40.20,100.00,32.09, 5.18	20:A100,39.10,100.00, 5.89, 4.24	25:A100,41.00,100.00, 2.38,10.39	30:A100,39.20,100.00, 1.53,22.21	35:A100,36.50,100.00, 0.25, 0.25	40:A100,41.10,100.00,17.70,32.07	45:A100,36.50,100.00, 7.96, 0.63	
0:A100,46.60,100.00,10.89,22.35	5:A100,38.90,100.00,16.60, 4.59	10:A100,38.90,100.00, 5.79,30.85	15:A100,40.70,100.00,32.09, 5.18	20:A100,39.60,100.00, 5.89, 4.24	25:A100,41.50,100.00, 2.38,10.39	30:A100,39.70,100.00, 1.53,22.21	35:A100,37.00,100.00, 0.25, 0.25	40:A100,41.60,100.00,17.70,32.07	45:A100,37.00,100.00, 7.96, 0.63	
0:A100,47.10,100.00,10.89,22.35	5:A100,39.40,100.00,16.60, 4.59	10:A100,39.40,100.00, 5.79,30.85	15:A100,41.20,100.00,32.09, 5.18	20:A100,40.10,100.00, 5.89, 4.24	25:A100,42.00,100.00, 2.38,10.39	30:A100,40.20,100.00, 1.53,22.21	35:A100,37.50,100.00, 0.25, 0.25	40:A100,42.10,100.00,17.70,32.07	45:A100,37.50,100.00, 7.96, 0.63	
0:A100,47.60,100.00,10.89,22.35	5:A100,39.90,100.00,16.60, 4.59	10:A100,39.90,100.00, 5.79,30.85	15:A100,41.70,100.00,32.09, 5.18	20:A100,40.60,100.00, 5.89, 4.24	25:A100,42.50,100.00, 2.38,10.39	30:A100,40.70,100.00, 1.53,22.21	35:C000,37.50,100.00, 0.25, 0.03	40:A100,42.60,100.00,17.70,32.07	45:A100,38.00,100.00, 7.96, 0.63	
0:A100,48.10,100.00,10.89,22.35	5:A100,40.40,100.00,16.60, 4.59	10:A100,40.40,100.00, 5.79,30.85	15:A100,42.20,100.00,32.09, 5.18	20:A100,41.10,100.00, 5.89, 4.24	25:A100,43.00,100.00, 2.38,10.39	30:A100,41.20,100.00, 1.53,22.21	35:A100,38.00,100.00, 0.25, 0.03	40:A100,43.10,100.00,17.70,32.07	45:A100,38.50,100.00, 7.96, 0.63	
0:A100,48.60,100.00,10.89,22.35	5:A100,40.90,100.00,16.60, 4.59	10:A100,40.90,100.00, 5.79,30.85	15:A100,42.70,100.00,32.09, 5.18	20:A100,41.60,100.00, 5.89, 4.24	25:A100,43.50,100.00, 2.38,10.39	30:A100,41.70,100.00, 1.53,22.21	35:A100,38.50,100.00, 0.25, 0.03	40:A100,43.60,100.00,17.70,32.07	45:A100,39.00,100.00, 7.96, 0.63	
0:A100,49.10,100.00,10.89,22.35	5:A100,41.40,100.00,16.60, 4.59	10:A100,41.40,100.00, 5.79,30.85	15:A100,43.20,100.00,32.09, 5.18	20:A100,42.10,100.00, 5.89, 4.24	25:A100,44.00,100.00, 2.38,10.39	30:A100,42.20,100.00, 1.53,22.21	35:A100,39.00,100.00, 0.25, 0.03	40:A100,44.10,100.00,17.70,32.07	45:A100,39.50,100.00, 7.96, 0.63	
0:A100,49.60,100.00,10.89,22.35	5:A100,41.90,100.00,16.60, 4.59	10:A100,41.90,100.00, 5.79,30.85	15:A100,43.70,100.00,32.09, 5.18	20:A100,42.60,100.00, 5.89, 4.24	25:A100,44.50,100.00, 2.38,10.39	30:A100,42.70,100.00, 1.53,22.21	35:A100,39.50,100.00, 0.25, 0.03	40:A100,44.60,100.00,17.70,32.07	45:A100,40.00,100.00, 7.96, 0.63	
0:A100,50.10,100.00,10.89,22.35	5:A100,42.40,100.00,16.60, 4.59	10:A100,42.40,100.00, 5.79,30.85	15:A100,44.20,100.00,32.09, 5.18	20:A100,43.10,100.00, 5.89, 4.24	25:A100,45.00,100.00, 2.38,10.39	30:A100,43.20,100.00, 1.53,22.21	35:A100,40.00,100.00, 0.25, 0.03	40:A100,45.10,100.00,17.70,32.07	45:A100,40.50,100.00, 7.96, 0.63	
0:A100,50.60,100.00,10.89,22.35	5:A100,42.90,100.00,16.60, 4.59	10:A100,42.90,100.00, 5.79,30.85	15:A100,44.70,100.00,32.09, 5.18	20:A100,43.60,100.00, 5.89, 4.24	25:A100,45.50,100.00, 2.38,10.39	30:A100,43.70,100.00, 1.53,22.21	35:A100,40.50,100.00, 0.25, 0.03	40:A100,45.60,100.00,17.70,32.07	45:A100,41.00,100.00, 7.96, 0.63	
0:A100,51.10,100.00,10.89,22.35	5:A100,43.40,100.00,16.60, 4.59	10:A100,43.40,100.00, 5.79,30.85	15:A100,45.20,100.00,32.09, 5.18	20:A100,44.10,100.00, 5.89, 4.24	25:A100,46.00,100.00, 2.38,10.39	30:A100,44.20,100.00, 1.53,22.21	35:A100,41.00,100.00, 0.25, 0.03	40:A100,46.10,100.00,17.70,32.07	45:A100,41.50,100.00, 7.96, 0.63	
0:A100,51.60,100.00,10.89,22.35	5:A100,43.90,100.00,16.60, 4.59	10:A100,43.90,100.00, 5.79,30.85	15:A100,45.70,100.00,32.09, 5.18	20:A100,44.60,100.00, 5.89, 4.24	25:A100,46.50,100.00, 2.38,10.39	30:A100,44.70,100.00, 1.53,22.21	35:A100,41.50,100.00, 0.25, 0.03	40:A100,46.60,100.00,17.70,32.07	45:A100,42.00,100.00, 7.96, 0.63	
0:A100,52.10,100.00,10.89,22.35	5:A100,44.40,100.00,16.60, 4.59	10:A100,44.40,100.00, 5.79,30.85	15:A100,46.20,100.00,32.09, 5.18	20:A100,45.10,100.00, 5.89, 4.24	25:A100,47.00,100.00, 2.38,10.39	30:A100,45.20,100.00, 1.53,22.21	35:A100,42.00,100.00, 0.25, 0.03	40:A100,47.10,100.00,17.70,32.07	45:A100,42.50,100.00, 7.96, 0.63	
0:A100,52.60,100.00,10.89,22.35	5:A100,44.90,100.00,16.60, 4.59	10:B000,44.40,100.00, 1.02,30.85	15:A100,46.70,100.00,32.09, 5.18	20:A100,45.60,100.00, 5.89, 4.24	25:A100,47.50,100.00, 2.38,10.39	30:A100,45.70,100.00, 1.53,22.21	35:A100,42.50,100.00, 0.25, 0.03	40:A100,47.60,100.00,17.70,32.07	45:C180,43.40,100.00, 7.96,129.38	
0:A100,53.10,100.00,10.89,22.35	5:A100,45.40,100.00,16.60, 4.59	10:A100,44.90,100.00, 1.02,30.85	15:A100,47.20,100.00,32.09, 5.18	20:A100,46.10,100.00, 5.89, 4.24	25:A100,48.00,100.00, 2.38,10.39	30:A100,46.20,100.00, 1.53,22.21	35:A100,43.00,100.00, 0.25, 0.03	40:A100,48.10,100.00,17.70,32.07	45:A100,43.90,100.00, 7.96,129.38	
0:A100,53.60,100.00,10.89,22.35	5:A100,45.90,100.00,16.60, 4.59	10:A100,45.40,100.00, 1.02,30.85	15:A100,47.70,100.00,32.09, 5.18	20:A100,46.60,100.00, 5.89, 4.24	25:A100,48.50,100.00, 2.38,10.39	30:A100,46.70,100.00, 1.53,22.21	35:A100,43.50,100.00, 0.25, 0.03	40:A100,48.60,100.00,17.70,32.07	45:A100,44.40,100.00, 7.96,129.38	
0:C180,54.50,100.00,10.89,144.77	5:A100,46.40,100.00,16.60, 4.59	10:A100,45.90,100.00, 1.02,30.85	15:A100,48.20,100.00,32.09, 5.18	20:A100,47.10,100.00, 5.89, 4.24	25:A100,49.00,100.00, 2.38,10.39	30:A100,47.20,100.00, 1.53,22.21	35:A100,44.00,100.00, 0.25, 0.03	40:A100,49.10,100.00,17.70,32.07	45:C180,45.30,100.00, 7.96,165.72	
0:C180,55.40,100.00,10.89,172.13	5:A100,46.90,100.00,16.60, 4.59	10:A100,46.40,100.00, 1.02,30.85	15:A100,48.70,100.00,32.09, 5.18	20:A100,47.60,100.00, 5.89, 4.24	25:A100,49.50,100.00, 2.38,10.39	30:A100,47.70,100.00, 1.53,22.21	35:A100,44.50,100.00, 0.25, 0.03	40:A100,49.60,100.00,17.70,32.07	45:C180,46.20,100.00, 7.96,175.97	
0:C180,56.30,100.00,10.89,178.24	5:A100,47.40,100.00,16.60, 4.59	10:A100,46.90,100.00, 1.02,30.85	15:A100,49.20,100.00,32.09, 5.18	20:A100,48.10,100.00, 5.89, 4.24	25:A100,50.00,100.00, 2.38,10.39	30:A100,48.20,100.00, 1.53,22.21	35:A100,45.00,100.00, 0.25, 0.03	40:A100,50.10,100.00,17.70,32.07	45:C000,46.20,100.00, 7.96,49.66	
0:C000,56.30,100.00,10.89,39.83	5:A100,47.90,100.00,16.60, 4.59	10:A100,47.40,100.00, 1.02,30.85	15:A100,49.70,100.00,32.09, 5.18	20:A100,48.60,100.00, 5.89, 4.24	25:A100,50.50,100.00, 2.38,10.39	30:A100,48.70,100.00, 1.53,22.21	35:A100,45.50,100.00, 0.25, 0.03	40:A100,50.60,100.00,17.70,32.07	45:A100,46.70,100.00, 7.96,49.66	
0:A100,56.80,100.00,10.89,39.83	5:A100,48.40,100.00,16.60, 4.59	10:A100,47.90,100.00, 1.02,30.85	15:A100,50.20,100.00,32.09, 5.18	20:A100,49.10,100.00, 5.89, 4.24	25:A100,51.00,100.00, 2.38,10.39	30:A100,49.20,100.00, 1.53,22.21	35:A100,46.00,100.00, 0.25, 0.03	40:A100,51.10,100.00,17.70,32.07	45:A100,47.20,100.00, 7.96,49.66	
0:A100,57.30,100.00,10.89,39.83	5:A100,48.90,100.00,16.60, 4.59	10:A100,48.40,100.00, 1.02,30.85	15:A100,50.70,100.00,32.09, 5.18	20:A100,49.60,100.00, 5.89, 4.24	25:A100,51.50,100.00, 2.38,10.39	30:A100,49.70,100.00, 1.53,22.21	35:A100,46.50,100.00, 0.25, 0.03	40:A100,51.60,100.00,17.70,32.07	45:A100,47.70,100.00, 7.96,49.66	
0:A100,57.80,100.00,10.89,39.83	5:A100,49.40,100.00,16.60, 4.59	10:A100,48.90,100.00, 1.02,30.85	15:A100,51.20,100.00,32.09, 5.18	20:A100,50.10,100.00, 5.89, 4.24	25:A100,52.00,100.00, 2.38,10.39	30:A100,50.20,100.00, 1.53,22.21	35:A100,47.00,100.00, 0.25, 0.03	40:A100,52.10,100.00,17.70,32.07	45:A100,48.20,100.00, 7.96,49.66	
0:A100,58.30,100.00,10.89,39.83	5:A100,49.90,100.00,16.60, 4.59	10:A100,49.40,100.00, 1.02,30.85	15:A100,51.70,100.00,32.09, 5.18	20:A100,50.60,100.00, 5.89, 4.24	25:A100,52.50,100.00, 2.38,10.39	30:A100,50.70,100.00, 1.53,22.21	35:A100,47.50,100.00, 0.25, 0.03	40:A100,52.60,100.00,17.70,32.07	45:C000,48.20,100.00, 7.96,14.01	
0:A100,58.80,100.00,10.89,39.83	5:A100,50.40,100.00,16.60, 4.59	10:A100,49.90,100.00, 1.02,30.85	15:A100,52.20,100.00,32.09, 5.18	20:A100,51.10,100.00, 5.89, 4.24	25:A100,53.00,100.00, 2.38,10.39	30:A100,51.20,100.00, 1.53,22.21	35:A100,48.00,100.00, 0.25, 0.03	40:A100,53.10,100.00,17.70,32.07	45:A100,48.70,100.00, 7.96,14.01	
0:A100,59.30,100.00,10.89,39.83	5:A100,50.90,100.00,16.60, 4.59	10:A100,50.40,100.00, 1.02,30.85	15:A100,52.70,100.00,32.09, 5.18	20:A100,51.60,100.00, 5.89, 4.24	25:A100,53.50,100.00, 2.38,10.39	30:A100,51.70,100.00, 1.53,22.21	35:A100,48.50,100.00, 0.25, 0.03	40:A100,53.60,100.00,17.70,32.07	45:A100,49.20,100.00, 7.96,14.01	
0:A100,59.80,100.00,10.89,39.83	5:A100,51.40,100.00,16.60, 4.59	10:A100,50.90,100.00, 1.02,30.85	15:A100,53.20,100.00,32.09, 5.18	20:A100,52.10,100.00, 5.89, 4.24	25:A100,54.00,100.00, 2.38,10.39	30:A100,52.20,100.00, 1.53,22.21	35:A100,49.00,100.00, 0.25, 0.03	40:A100,54.10,100.00,17.70,32.07	45:A100,49.70,100.00, 7.96,14.01	
0:A100,60.30,100.00,10.89,39.83	5:A100,51.90,100.00,16.60, 4.59	10:A100,51.40,100.00, 1.02,30.85	15:A100,53.70,100.00,32.09, 5.18	20:A100,52.60,100.00, 5.89, 4.24	25:A100,54.50,100.00, 2.38,10.39	30:A100,52.70,100.00, 1.53,22.21	35:A100,49.50,100.00, 0.25, 0.03	40:A100,54.60,100.00,17.70,32.07	45:A100,50.20,100.00, 7.96,14.01	
0:A100,60.80,100.00,10.89,39.83	5:A100,52.40,100.00,16.60, 4.59	10:A100,51.90,100.00, 1.02,30.85	15:A100,54.20,100.00,32.09, 5.18	20:A100,53.10,100.00, 5.89, 4.24	25:A100,55.00,100.00, 2.38,10.39	30:A100,53.20,100.00, 1.53,22.21	35:A100,50.00,100.00, 0.25, 0.03	40:A100,55.10,100.00,17.70,32.07	45:A100,50.70,100.00, 7.96,14.01	
0:C000,60.80,100.00,10.89, 8.90	5:A100,52.90,100.00,16.60, 4.59	10:A100,52.40,100.00, 1.02,30.85	15:A100,54.70,100.00,32.09, 5.18	20:A100,53.60,100.00, 5.89, 4.24	25:A100,55.50,100.00, 2.38,10.39	30:A100,53.70,100.00, 1.53,22.21	35:A100,50.50,100.00, 0.25, 0.03	40:A100,55.60,100.00,17.70,32.07	45:A100,51.20,100.00, 7.96,14.01	
0:A100,61.30,100.00,10.89, 8.90	5:A100,53.40,100.00,16.60, 4.59	10:A100,52.90,100.00, 1.02,30.85	15:A100,55.20,100.00,32.09, 5.18	20:A100,54.10,100.00, 5.89, 4.24	25:A100,56.00,100.00, 2.38,10.39	30:A100,54.20,100.00, 1.53,22.21	35:A100,51.00,100.00, 0.25, 0.03	40:A100,56.10,100.00,17.70,32.07	45:A100,51.70,100.00, 7.96,14.01	
0:A100,61.80,100.00,10.89, 8.90	5:A100,53.90,100.00,16.60, 4.59	10:A100,53.40,100.00, 1.02,30.85	15:A100,55.70,100.00,32.09, 5.18	20:A100,54.60,100.00, 5.89, 4.24	25:A100,56.50,100.00, 2.38,10.39	30:A100,54.70,100.00, 1.53,22.21	35:A100,51.50,100.00, 0.25, 0.03	40:A100,56.60,100.00,17.70,32.07	45:A100,52.20,100.00, 7.96,14.01	
0:A100,62.30,100.00,10.89, 8.90	5:A100,54.40,100.00,16.60, 4.59	10:A100,53.90,100.00, 1.02,30.85	15:A100,56.20,100.00,32.09, 5.18	20:A100,55.10,100.00, 5.89, 4.24	25:A100,57.00,100.00, 2.38,10.39	30:A100,55.20,100.00, 1.53,22.21	35:A100,52.00,100.00, 0.25, 0.03	40:A100,57.10,100.00,17.70,32.07	45:A100,52.70,100.00, 7.96,14.01	
0:C000,62.30,100.00,10.89, 1.99	5:A100,54.90,100.00,16.60, 4.59	10:A100,54.40,100.00, 1.02,30.85	15:C180,57.10,100.00,32.09,150.15	20:A100,55.60,100.00, 5.89, 4.24	25:A100,57.50,100.00, 2.38,10.39	30:A100,55.70,100.00, 1.53,22.21	35:A100,52.50,100.00, 0.25, 0.03	40:A100,57.60,100.00,17.70,32.07	45:A100,53.20,100.00, 7.96,14.01	
0:A100,62.80,100.00,10.89, 1.99	5:A100,55.40,100.00,16.60, 4.59	10:A100,54.90,100.00, 1.02,30.85	15:A100,57.60,100.00,32.09,150.15	20:A100,56.10,100.00, 5.89, 4.24	25:A100,58.00,100.00, 2.38,10.39	30:A100,56.20,100.00, 1.53,22.21	35:A100,53.00,100.00, 0.25, 0.03	40:A100,58.10,100.00,17.70,32.07	45:A100,53.70,100.00, 7.96,14.01	
0:A100,63.30,100.00,10.89, 1.99	5:A100,55.90,100.00,16.60, 4.59	10:A100,55.40,100.00, 1.02,30.85	15:C000,57.60,100.00,32.09,25.64	20:A100,56.60,100.00, 5.89, 4.24	25:A100,58.50,100.00, 2.38,10.39	30:A100,56.70,100.00, 1.53,22.21	35:A100,53.50,100.00, 0.25, 0.03	40:A100,58.60,100.00,17.70,32.07	45:A100,54.20,100.00, 7.96,14.01	
0:A100,63.80,100.00,10.89, 1.99	5:A100,56.40,100.00,16.60, 4.59	10:A100,55.90,100.00, 1.02,30.85	15:A100,58.10,100.00,32.09,25.64	20:A100,57.10,100.00, 5.89, 4.24	25:A100,59.00,100.00, 2.38,10.39	30:A100,57.20,100.00, 1.53,22.21	35:A100,54.00,100.00, 0.25, 0.03	40:A100,59.10,100.00,17.70,32.07	45:A100,54.70,100.00, 7.96,14.01	
0:A100,64.30,100.00,10.89, 1.99	5:A100,56.90,100.00,16.60, 4.59	10:A100,56.40,100.00, 1.02,30.85	15:A100,58.60,100.00,32.09,25.64	20:A100,57.60,100.00, 5.89, 4.24	25:A100,59.50,100.00, 2.38,10.39	30:A100,57.70,100.00, 1.53,22.21	35:A100,54.50,100.00, 0.25, 0.03	40:A100,59.60,100.00,17.70,32.07	45:A100,55.20,100.00, 7.96,14.01	
0:A100,64.80,100.00,10.89, 1.99	5:A100,57.40,100.00,16.60, 4.59	10:A100,56.90,100.00, 1.02,30.85	15:A100,59.10,100.00,32.09,25.64	20:A100,58.10,100.00, 5.89, 4.24	25:A100,60.00,100.00, 2.38,10.39	30:A100,58.20,100.00, 1.53,22.21	35:A100,55.00,100.00, 0.25, 0.03	40:A100,60.10,100.00,17.70,32.07	45:A100,55.70,100.00, 7.96,14.01	
0:A100,65.30,100.00,10.89, 1.99	5:A100,57.90,100.00,16.60, 4.59	10:A100,57.40,100.00, 1.02,30.85	15:A100,59.60,100.00,32.09,25.64	20:A100,58.60,100.00, 5.89, 4.24	25:A100,60.50,100.00, 2.38,10.39	30:A100,58.70,100.00, 1.53,22.21	35:A100,55.50,100.00, 0.25, 0.03	40:A100,60.60,100.00,17.70,32.07	45:A100,56.20,100.00, 7.96,14.01	
0:A100,65.80,100.00,10.89, 1.99	5:A100,58.40,100.00,16.60, 4.59	10:A100,57.90,100.00, 1.02,30.85	15:A100,60.10,100.00,32.09,25.64	20:A100,59.10,100.00, 5.89, 4.24	25:A100,61.00,100.00, 2.38,10.39	30:A100,59.20,100.00, 1.53,22.21	35:A100,56.00,100.00, 0.25, 0.03	40:A100,61.10,100.00,17.70,32.07	45:A100,56.70,100.00, 7.96,14.01	
0:A100,66.30,100.00,10.89, 1.99	5:A100,58.90,100.00,16.60, 4.59	10:A100,58.40,100.00, 1.02,30.85	15:A100,60.60,100.00,32.09,25.64	20:A100,59.60,100.00, 5.89, 4.24	25:A100,61.50,100.00, 2.38,10.39	30:A100,59.70,100.00, 1.53,22.21	35:A100,56.50,100.00, 0.25, 0.03	40:A100,61.60,100.00,17.70,32.07	45:A100,57.20,100.00, 7.96,14.01	
0:A100,66.80,100.00,10.89, 1.99	5:A100,59.40,100.00,16.60, 4.59	10:A100,58.90,100.00, 1.02,30.85	15:A100,61.10,100.00,32.09,25.64	20:A100,60.10,100.00, 5.89, 4.24	25:A100,62.00,100.00, 2.38,10.39	30:A100,60.20,100.00, 1.53,22.21	35:A100,57.00,100.00, 0.25, 0.03	40:A100,62.10,100.00,17.70,32.07	45:A100,57.70,100.00, 7.96,14.01	
0:A100,67.30,100.00,10.89, 1.99	5:A100,59.90,100.00,16.60, 4.59	10:A100,59.40,100.00, 1.02,30.85	15:A100,61.60,100.00,32.09,25.64	20:A100,60.60,100.00, 5.89, 4.24	25:A100,62.50,100.00, 2.38,10.39	30:A100,60.70,100.00, 1.53,22.21	35:A100,57.50,100.00, 0.25, 0.03	40:A100,62.60,100.00,17.70,32.07	45:A100,58.20,100.00, 7.96,14.01	
0:A100,67.80,100.00,10.89, 1.99	5:A100,60.40,100.00,16.60, 4.59	10:A100,59.90,100.00, 1.02,30.85	15:A100,62.10,100.00,32.09,25.64	20:A100,61.10,100.00, 5.89, 4.24	25:A100,63.00,100.00, 2.38,10.39	30:A100,61.20,100.00, 1.53,22.21	35:A100,58.00,100.00, 0.25, 0.03	40:A100,63.10,100.00,17.70,32.07	45:A100,58.70,100.00, 7.96,14.01	
0:A100,68.30,100.00,10.89, 1.99	5:A100,60.90,100.00,16.60, 4.59	10:A100,60.40,100.00, 1.02,30.85	15:A100,62.60,100.00,32.09,25.64	20:A100,61.60,100.00, 5.89, 4.24	25:A100,63.50,100.00, 2.38,10.39	30:A100,61.70,100.00, 1.53,22.21	35:A100,58.50,100.00, 0.25, 0.03	40:B000,63.10,100.00, 5.68,32.07	45:A100,59.20,100.00, 7.96,14.01	
0:A100,68.80,100.00,10.89, 1.99	5:A100,61.40,100.00,16.60, 4.59	10:A100,60.90,100.00, 1.02,30.85	15:A100,63.10,100.00,32.09,25.64	20:A100,62.10,100.00, 5.89, 4.24	25:A100,64.00,100.00, 2.38,10.39	30:A100,62.20,100.00, 1.53,22.21	35:A100,59.00,100.00, 0.25, 0.03	40:A100,63.60,100.00, 5.68,32.07	45:A100,59.70,100.00, 7.96,14.01	
0:A100,69.30,100.00,10.89, 1.99	5:A100,61.90,100.00,16.60, 4.59	10:A100,61.40,100.00, 1.02,30.85	15:A100,63.60,100.00,32.09,25.64	20:A100,62.60,100.00, 5.89, 4.24	25:A100,64.50,100.00, 2.38,10.39	30:A100,62.70,100.00, 1.53,22.21	35:A100,59.50,100.00, 0.25, 0.03	40:A100,64.10,100.00, 5.68,32.07	45:A100,60.20,100.00, 7.96,14.01	
0:A100,69.80,100.00,10.89, 1.99	5:A100,62.40,100.00,16.60, 4.59	10:A100,61.90,100.00, 1.02,30.85	15:A100,64.10,100.00,32.09,25.64	20:A100,63.10,100.00, 5.89, 4.24	25:B220,65.60,100.00,197.39,10.39	30:A100,63.20,100.00, 1.53,22.21	35:A100,60.00,100.00, 0.25, 0.03	40:A100,64.60,100.00, 5.68,32.07	45:A100,60.70,100.00, 7.96,14.01	
0:A100,70.30,100.00,10.89, 1.99	5:A100,62.90,100.00,16.60, 4.59	10:A100,62.40,100.00, 1.02,30.85	15:A100,64.60,100.00,32.09,25.64	20:A100,63.60,100.00, 5.89, 4.24	25:B220,66.70,100.00,217.65,10.39	30:A100,63.70,100.00, 1.53,22.21	35:A100,60.50,100.00, 0.25, 0.03	40:A100,65.10,100.00, 5.68,32.07	45:A100,61.20,100.00, 7.96,14.01	
0:A100,70.80,100.00,10.89, 1.99	5:A100,63.40,100.00,16.60, 4.59	10:A100,62.90,100.00, 1.02,30.85	15:A100,65.10,100.00,32.09,25.64	20:A100,64.10,100.00, 5.89, 4.24	25:B220,67.80,100.00,219.76,10.39	30:A100,64.20,100.00, 1.53,22.21	35:A100,61.00,100.00, 0.25, 0.03	40:A100,65.60,100.00, 5.68,32.07	45:A100,61.70,100.00, 7.96,14.01	
0:A100,71.30,100.00,10.89, 1.99	5:A100,63.90,100.00,16.60, 4.59	10:A100,63.40,100.00, 1.02,30.85	15:A100,65.60,100.00,32.09,25.64	20:A100,64.60,100.00, 5.89, 4.24	25:B220,68.90,100.00,219.97,10.39	30:C000,64.20,100.00, 1.53, 2.74	35:C180,61.90,100.00, 0.25,155.66	40:B000,65.60,100.00, 1.82,32.07	45:A100,62.20,100.00, 7.96,14.01	
0:A100,71.80,100.00,10.89, 1.99	5:A100,64.40,100.00,16.60, 4.59	10:A100,63.90,100.00, 1.02,30.85	15:A100,66.10,100.00,32.09,25.64	20:A100,65.10,100.00, 5.89, 4.24	25:B220,70.00,100.00,220.00,10.39	30:A100,64.70,100.00, 1.53, 2.74	35:C180,62.80,100.00, 0.25,176.71	40:A100,66.10,100.00, 1.82,32.07	45:A100,62.70,100.00, 7.96,14.01	
0:A100,72.30,100.00,10.89, 1.99	5:A100,64.90,100.00,16.60, 4.59	10:A100,64.40,100.00, 1.02,30.85	15:A100,66.60,100.00,32.09,25.64	20:A100,65.60,100.00, 5.89, 4.24	25:B220,71.10,100.00,220.00,10.39	30:A100,65.20,100.00, 1.53, 2.74	35:C000,62.80,100.00, 0.25,23.90	40:A100,66.60,100.00, 1.82,32.07	45:A100,63.20,100.00, 7.96,14.01	
0:A100,72.80,100.00,10.89, 1.99	5:A100,65.40,100.00,16.60, 4.59	10:A100,64.90,100.00, 1.02,30.85	15:A100,67.10,100.00,32.09,25.64	20:A100,66.10,100.00, 5.89, 4.24	25:B220,72.20,100.00,220.00,10.39	30:A100,65.70,100.00, 1.53, 2.74	35:A100,63.30,100.00, 0.25,23.90	40:A100,67.10,100.00, 1.82,32.07	45:A100,63.70,100.00, 7.96,14.01	
0:A100,73.30,100.00,10.89, 1.99	5:A100,65.90,100.00,16.60, 4.59	10:A100,65.40,100.00, 1.02,30.85	15:A100,67.60,100.00,32.09,25.64	20:A100,66.60,100.00, 5.89, 4.24	25:B000,72.20,100.00,22.86,10.39	30:A100,66.20,100.00, 1.53, 2.74	35:A100,63.80,100.00, 0.25,23.90	40:A100,67.60,100.00, 1.82,32.07	45:A100,64.20,100.00, 7.96,14.01	
0:A100,73.80,100.00,10.89, 1.99	5:A100,66.40,100.00,16.60, 4.59	10:A100,65.90,100.00, 1.02,30.85	15:A100,68.10,100.00,32.09,25.64	20:A100,67.10,100.00, 5.89, 4.24	25:A100,72.70,100.00,22.86,10.39	30:A100,66.70,100.00, 1.53, 2.74	35:A100,64.30,100.00, 0.25,23.90	40:A100,68.10,100.00, 1.82,32.07	45:A100,64.70,100.00, 7.96,14.01	
0:A100,74.30,100.00,10.89, 1.99	5:A100,66.90,100.00,16.60, 4.59	10:A100,66.40,100.00, 1.02,30.85	15:A100,68.60,100.00,32.09,25.64	20:A100,67.60,100.00, 5.89, 4.24	25:A100,73.20,100.00,22.86,10.39	30:A100,67.20,100.00, 1.53, 2.74	35:A100,64.80,100.00, 0.25,23.90	40:A100,68.60,100.00, 1.82,32.07	45:A100,65.20,100.00, 7.96,14.01	
0:A100,74.80,100.00,10.89, 1.99	5:A100,67.40,100.00,16.60, 4.59	10:A100,66.90,100.00, 1.02,30.85	15:A100,69.10,100.00,32.09,25.64	20:A100,68.10,100.00, 5.89, 4.24	25:A100,73.70,100.00,22.86,10.39	30:A100,67.70,100.00, 1.53, 2.74	35:A100,65.30,100.00, 0.25,23.90	40:A100,69.10,100.00, 1.82,32.07	45:A100,65.70,100.00, 7.96,14.01	
0:A100,75.30,100.00,10.89, 1.99	5:A100,67.90,100.00,16.60, 4.59	10:A100,67.40,100.00, 1.02,30.85	15:A100,69.60,100.00,32.09,25.64	20:A100,68.60,100.00, 5.89, 4.24	25:A100,74.20,100.00,22.86,10.39	30:A100,68.20,100.00, 1.53, 2.74	35:A100,65.80,100.00, 0.25,23.90	40:A100,69.60,100.00, 1.82,32.07	45:A100,66.20,100.00, 7.96,14.01	
0:A100,75.80,100.00,10.89, 1.99	5:A100,68.40,100.00,16.60, 4.59	10:A100,67.90,100.00, 1.02,30.85	15:A100,70.10,100.00,32.09,25.64	20:A100,69.10,100.00, 5.89, 4.24	25:A100,74.70,100.00,22.86,10.39	30:A100,68.70,100.00, 1.53, 2.74	35:A100,66.30,100.00, 0.25,23.90	40:A100,70.10,100.00, 1.82,32.07	45:A100,66.70,100.00, 7.96,14.01	
0:A100,76.30,100.00,10.89, 1.99	5:A100,68.90,100.00,16.60, 4.59	10:A100,68.40,100.00, 1.02,30.85	15:A100,70.60,100.00,32.09,25.64	20:A100,69.60,100.00, 5.89, 4.24	25:A100,75.20,100.00,22.86,10.39	30:A100,69.20,100.00, 1.53, 2.74	35:A100,66.80,100.00, 0.25,23.90	40:A100,70.60,100.00, 1.82,32.07	45:A100,67.20,100.00, 7.96,14.01	
0:A100,76.80,100.00,10.89, 1.99	5:A100,69.40,100.00,16.60, 4.59	10:A100,68.90,100.00, 1.02,30.85	15:A100,71.10,100.00,32.09,25.64	20:A100,70.10,100.00, 5.89, 4.24	25:A100,75.70,100.00,22.86,10.39	30:A100,69.70,100.00, 1.53, 2.74	35:A100,67.30,100.00, 0.25,23.90	40:A100,71.10,100.00, 1.82,32.07	45:A100,67.70,100.00, 7.96,14.01	
0:A100,77.30,100.00,10.89, 1.99	5:A100,69.90,100.00,16.60, 4.59	10:A100,69.40,100.00, 1.02,30.85	15:A100,71.60,100.00,32.09,25.64	20:A100,70.60,100.00, 5.89, 4.24	25:A100,76.20,100.00,22.86,10.39	30:A100,70.20,100.00, 1.53, 2.74	35:A100,67.80,100.00, 0.25,23.90	40:A100,71.60,100.00, 1.82,32.07	45:A100,68.20,100.00, 7.96,14.01	
0:A100,77.80,100.00,10.89, 1.99	5:A100,70.40,100.00,16.60, 4.59	10:A100,69.90,100.00, 1.02,30.85	15:A100,72.10,100.00,32.09,25.64	20:A100,71.10,100.00, 5.89, 4.24	25:A100,76.70,100.00,22.86,10.39	30:A100,70.70,100.00, 1.53, 2.74	35:A100,68.30,100.00, 0.25,23.90	40:A100,72.10,100.00, 1.82,32.07	45:A100,68.70,100.00, 7.96,14.01	
0:A100,78.30,100.00,10.89, 1.99	5:A100,70.90,100.00,16.60, 4.59	10:A100,70.40,100.00, 1.02,30.85	15:A100,72.60,100.00,32.09,25.64	20:A100,71.60,100.00, 5.89, 4.24	25:B000,76.70,100.00, 2.38,10.39	30:A100,71.20,100.00, 1.53, 2.74	35:A100,68.80,100.00, 0.25,23.90	40:A100,72.60,100.00, 1.82,32.07	45:A100,69.20,100.00, 7.96,14.01	
0:A100,78.80,100.00,10.89, 1.99	5:A100,71.40,100.00,16.60, 4.59	10:A100,70.90,100.00, 1.02,30.85	15:B000,72.60,100.00, 5.48,25.64	20:A100,72.10,100.00, 5.89, 4.24	25:A100,77.20,100.00, 2.38,10.39	30:A100,71.70,100.00, 1.53, 2.74	35:A100,69.30,100.00, 0.25,23.90	40:A100,73.10,100.00, 1.82,32.07	45:A100,69.70,100.00, 7.96,14.01	
0:A100,79.30,100.00,10.89, 1.99	5:A100,71.90,100.00,16.60, 4.59	10:A100,71.40,100.00, 1.02,30.85	15:A100,73.10,100.00, 5.48,25.64	20:A100,72.60,100.00, 5.89, 4.24	25:A100,77.70,100.00, 2.38,10.39	30:A100,72.20,100.00, 1.53, 2.74	35:A100,69.80,100.00, 0.25,23.90	40:A100,73.60,100.00, 1.82,32.07	45:A100,70.20,100.00, 7.96,14.01	
0:A100,79.80,100.00,10.89, 1.99	5:A100,72.40,100.00,16.60, 4.59	10:A100,71.90,100.00, 1.02,30.85	15:A100,73.60,100.00, 5.48,25.64	20:A100,73.10,100.00, 5.89, 4.24	25:A100,78.20,100.00, 2.38,10.39	30:A100,72.70,100.00, 1.53, 2.74	35:A100,70.30,100.00, 0.25,23.90	40:A100,74.10,100.00, 1.82,32.07	45:A100,70.70,100.00, 7.96,14.01	
0:A100,80.30,100.00,10.89, 1.99	5:A100,72.90,100.00,16.60, 4.59	10:A100,72.40,100.00, 1.02,30.85	15:A100,74.10,100.00, 5.48,25.64	20:A100,73.60,100.00, 5.89, 4.24	25:A100,78.70,100.00, 2.38,10.39	30:A100,73.20,100.00, 1.53, 2.74	35:A100,70.80,100.00, 0.25,23.90	40:A100,74.60,100.00, 1.82,32.07	45:A100,71.20,100.00, 7.96,14.01	
0:A100,80.80,100.00,10.89, 1.99	5:A100,73.40,100.00,16.60, 4.59	10:A100,72.90,100.00, 1.02,30.85	15:A100,74.60,100.00, 5.48,25.64	20:A100,74.10,100.00, 5.89, 4.24	25:A100,79.20,100.00, 2.38,10.39	30:A100,73.70,100.00, 1.53, 2.74	35:A100,71.30,100.00, 0.25,23.90	40:A100,75.10,100.00, 1.82,32.07	45:A100,71.70,100.00, 7.96,14.01	
0:A100,81.30,100.00,10.89, 1.99	5:A100,73.90,100.00,16.60, 4.59	10:A100,73.40,100.00, 1.02,30.85	15:A100,75.10,100.00, 5.48,25.64	20:A100,74.60,100.00, 5.89, 4.24	25:A100,79.70,100.00, 2.38,10.39	30:A100,74.20,100.00, 1.53, 2.74	35:A100,71.80,100.00, 0.25,23.90	40:A100,75.60,100.00, 1.82,32.07	45:A100,72.20,100.00, 7.96,14.01	
0:A100,81.80,100.00,10.89, 1.99	5:A100,74.40,100.00,16.60, 4.59	10:A100,73.90,100.00, 1.02,30.85	15:A100,75.60,100.00, 5.48,25.64	20:A100,75.10,100.00, 5.89, 4.24	25:A100,80.20,100.00, 2.38,10.39	30:A100,74.70,100.00, 1.53, 2.74	35:A100,72.30,100.00, 0.25,23.90	40:A100,76.10,100.00, 1.82,32.07	45:A100,72.70,100.00, 7.96,14.01	
0:A100,82.30,100.00,10.89, 1.99	5:A100,74.90,100.00,16.60, 4.59	10:A100,74.40,100.00, 1.02,30.85	15:A100,76.10,100.00, 5.48,25.64	20:A100,75.60,100.00, 5.89, 4.24	25:A100,80.70,100.00, 2.38,10.39	30:A100,75.20,100.00, 1.53, 2.74	35:A100,72.80,100.00, 0.25,23.90	40:A100,76.60,100.00, 1.82,32.07	45:A100,73.20,100.00, 7.96,14.01	
0:A100,82.80,100.00,10.89, 1.99	5:A100,75.40,100.00,16.60, 4.59	10:A100,74.90,100.00, 1.02,30.85	15:A100,76.60,100.00, 5.48,25.64	20:A100,76.10,100.00, 5.89, 4.24	25:A100,81.20,100.00, 2.38,10.39	30:A100,75.70,100.00, 1.53, 2.74	35:A100,73.30,100.00, 0.25,23.90	40:C000,76.60,100.00, 1.82,10.29	45:A100,73.70,100.00, 7.96,14.01	
0:A100,83.30,100.00,10.89, 1.99	5:A100,75.90,100.00,16.60, 4.59	10:A100,75.40,100.00, 1.02,30.85	15:A100,77.10,100.00, 5.48,25.64	20:A100,76.60,100.00, 5.89, 4.24	25:A100,81.70,100.00, 2.38,10.39	30:A100,76.20,100.00, 1.53, 2.74	35:A100,73.80,100.00, 0.25,23.90	40:A100,77.10,100.00, 1.82,10.29	45:A100,74.20,100.00, 7.96,14.01	
0:A100,83.80,100.00,10.89, 1.99	5:A100,76.40,100.00,16.60, 4.59	10:A100,75.90,100.00, 1.02,30.85	15:A100,77.60,100.00, 5.48,25.64	20:A100,77.10,100.00, 5.89, 4.24	25:A100,82.20,100.00, 2.38,10.39	30:A100,76.70,100.00, 1.53, 2.74	35:A100,74.30,100.00, 0.25,23.90	40:A100,77.60,100.00, 1.82,10.29	45:A100,74.70,100.00, 7.96,14.01	
0:A100,84.30,100.00,10.89, 1.99	5:A100,76.90,100.00,16.60, 4.59	10:A100,76.40,100.00, 1.02,30.85	15:A100,78.10,100.00, 5.48,25.64	20:A100,77.60,100.00, 5.89, 4.24	25:A100,82.70,100.00, 2.38,10.39	30:A100,77.20,100.00, 1.53, 2.74	35:A100,74.80,100.00, 0.25,23.90	40:A100,78.10,100.00, 1.82,10.29	45:A100,75.20,100.00, 7.96,14.01	
0:A100,84.80,100.00,10.89, 1.99	5:A100,77.40,100.00,16.60, 4.59	10:A100,76.90,100.00, 1.02,30.85	15:A100,78.60,100.00, 5.48,25.64	20:A100,78.10,100.00, 5.89, 4.24	25:A100,83.20,100.00, 2.38,10.39	30:A100,77.70,100.00, 1.53, 2.74	35:A100,75.30,100.00, 0.25,23.90	40:A100,78.60,100.00, 1.82,10.29	45:A100,75.70,100.00, 7.96,14.01	
0:A100,85.30,100.00,10.89, 1.99	5:A100,77.90,100.00,16.60, 4.59	10:A100,77.40,100.00, 1.02,30.85	15:A100,79.10,100.00, 5.48,25.64	20:A100,78.60,100.00, 5.89, 4.24	25:A100,83.70,100.00, 2.38,10.39	30:A100,78.20,100.00, 1.53, 2.74	35:A100,75.80,100.00, 0.25,23.90	40:A100,79.10,100.00, 1.82,10.29	45:A100,76.20,100.00, 7.96,14.01	
0:A100,85.80,100.00,10.89, 1.99	5:A100,78.40,100.00,16.60, 4.59	10:A100,77.90,100.00, 1.02,30.85	15:A100,79.60,100.00, 5.48,25.64	20:A100,79.10,100.00, 5.89, 4.24	25:A100,84.20,100.00, 2.38,10.39	30:A100,78.70,100.00, 1.53, 2.74	35:A100,76.30,100.00, 0.25,23.90	40:A100,79.60,100.00, 1.82,10.29	45:A100,76.70,100.00, 7.96,14.01	
0:A100,86.30,100.00,10.89, 1.99	5:A100,78.90,100.00,16.60, 4.59	10:A100,78.40,100.00, 1.02,30.85	15:A100,80.10,100.00, 5.48,25.64	20:A100,79.60,100.00, 5.89, 4.24	25:A100,84.70,100.00, 2.38,10.39	30:A100,79.20,100.00, 1.53, 2.74	35:A100,76.80,100.00, 0.25,23.90	40:A100,80.10,100.00, 1.82,10.29	45:A100,77.20,100.00, 7.96,14.01	
0:A100,86.80,100.00,10.89, 1.99	5:A100,79.40,100.00,16.60, 4.59	10:A100,78.90,100.00, 1.02,30.85	15:A100,80.60,100.00, 5.48,25.64	20:A100,80.10,100.00, 5.89, 4.24	25:A100,85.20,100.00, 2.38,10.39	30:A100,79.70,100.00, 1.53, 2.74	35:A100,77.30,100.00, 0.25,23.90	40:A100,80.60,100.00, 1.82,10.29	45:A100,77.70,100.00, 7.96,14.01	
0:A100,87.30,100.00,10.89, 1.99	5:A100,79.90,100.00,16.60, 4.59	10:A100,79.40,100.00, 1.02,30.85	15:A100,81.10,100.00, 5.48,25.64	20:A100,80.60,100.00, 5.89, 4.24	25:A100,85.70,100.00, 2.38,10.39	30:A100,80.20,100.00, 1.53, 2.74	35:A100,77.80,100.00, 0.25,23.90	40:A100,81.10,100.00, 1.82,10.29	45:A100,78.20,100.00, 7.96,14.01	
0:A100,87.80,100.00,10.89, 1.99	5:A100,80.40,100.00,16.60, 4.59	10:A100,79.90,100.00, 1.02,30.85	15:A100,81.60,100.00, 5.48,25.64	20:A100,81.10,100.00, 5.89, 4.24	25:A100,86.20,100.00, 2.38,10.39	30:A100,80.70,100.00, 1.53, 2.74	35:A100,78.30,100.00, 0.25,23.90	40:A100,81.60,100.00, 1.82,10.29	45:A100,78.70,100.00, 7.96,14.01	
0:A100,88.30,100.00,10.89, 1.99	5:A100,80.90,100.00,16.60, 4.59	10:A100,80.40,100.00, 1.02,30.85	15:A100,82.10,100.00, 5.48,25.64	20:A100,81.60,100.00, 5.89, 4.24	25:A100,86.70,100.00, 2.38,10.39	30:A100,81.20,100.00, 1.53, 2.74	35:A100,78.80,100.00, 0.25,23.90	40:A100,82.10,100.00, 1.82,10.29	45:A100,79.20,100.00, 7.96,14.01	
0:A100,88.80,100.00,10.89, 1.99	5:A100,81.40,100.00,16.60, 4.59	10:A100,80.90,100.00, 1.02,30.85	15:A100,82.60,100.00, 5.48,25.64	20:A100,82.10,100.00, 5.89, 4.24	25:A100,87.20,100.00, 2.38,10.39	30:A100,81.70,100.00, 1.53, 2.74	35:A100,79.30,100.00, 0.25,23.90	40:A100,82.60,100.00, 1.82,10.29	45:A100,79.70,100.00, 7.96,14.01	
0:A100,89.30,100.00,10.89, 1.99	5:A100,81.90,100.00,16.60, 4.59	10:A100,81.40,100.00, 1.02,30.85	15:A100,83.10,100.00, 5.48,25.64	20:A100,82.60,100.00, 5.89, 4.24	25:A100,87.70,100.00, 2.38,10.39	30:A100,82.20,100.00, 1.53, 2.74	35:A100,79.80,100.00, 0.25,23.90	40:A100,83.10,100.00, 1.82,10.29	45:A100,80.20,100.00, 7.96,14.01	
0:A100,89.80,100.00,10.89, 1.99	5:A100,82.40,100.00,16.60, 4.59	10:A100,81.90,100.00, 1.02,30.85	15:A100,83.60,100.00, 5.48,25.64	20:A100,83.10,100.00, 5.89, 4.24	25:A100,88.20,100.00, 2.38,10.39	30:A100,82.70,100.00, 1.53, 2.74	35:A100,80.30,100.00, 0.25,23.90	40:A100,83.60,100.00, 1.82,10.29	45:A100,80.70,100.00, 7.96,14.01	
0:A100,90.30,100.00,10.89, 1.99	5:A100,82.90,100.00,16.60, 4.59	10:A100,82.40,100.00, 1.02,30.85	15:A100,84.10,100.00, 5.48,25.64	20:A100,83.60,100.00, 5.89, 4.24	25:A100,88.70,100.00, 2.38,10.39	30:A100,83.20,100.00, 1.53, 2.74	35:A100,80.80,100.00, 0.25,23.90	40:A100,84.10,100.00, 1.82,10.29	45:B220,81.80,100.00,160.16,14.01	
0:A100,90.80,100.00,10.89, 1.99	5:A100,83.40,100.00,16.60, 4.59	10:A100,82.90,100.00, 1.02,30.85	15:A100,84.60,100.00, 5.48,25.64	20:A100,84.10,100.00, 5.89, 4.24	25:A100,89.20,100.00, 2.38,10.39	30:A100,83.70,100.00, 1.53, 2.74	35:A100,81.30,100.00, 0.25,23.90	40:A100,84.60,100.00, 1.82,10.29	45:B000,81.80,100.00,45.20,14.01	
0:A100,91.30,100.00,10.89, 1.99	5:A100,83.90,100.00,16.60, 4.59	10:A100,83.40,100.00, 1.02,30.85	15:A100,85.10,100.00, 5.48,25.64	20:A100,84.60,100.00, 5.89, 4.24	25:A100,89.70,100.00, 2.38,10.39	30:A100,84.20,100.00, 1.53, 2.74	35:A100,81.80,100.00, 0.25,23.90	40:A100,85.10,100.00, 1.82,10.29	45:A100,82.30,100.00,45.20,14.01	
0:A100,91.80,100.00,10.89, 1.99	5:A100,84.40,100.00,16.60, 4.59	10:A100,83.90,100.00, 1.02,30.85	15:A100,85.60,100.00, 5.48,25.64	20:A100,85.10,100.00, 5.89, 4.24	25:A100,90.20,100.00, 2.38,10.39	30:A100,84.70,100.00, 1.53, 2.74	35:A100,82.30,100.00, 0.25,23.90	40:A100,85.60,100.00, 1.82,10.29	45:A100,82.80,100.00,45.20,14.01	
0:A100,92.30,100.00,10.89, 1.99	5:A100,84.90,100.00,16.60, 4.59	10:A100,84.40,100.00, 1.02,30.85	15:A100,86.10,100.00, 5.48,25.64	20:A100,85.60,100.00, 5.89, 4.24	25:A100,90.70,100.00, 2.38,10.39	30:A100,85.20,100.00, 1.53, 2.74	35:A100,82.80,100.00, 0.25,23.90	40:A100,86.10,100.00, 1.82,10.29	45:A100,83.30,100.00,45.20,14.01	
0:A100,92.80,100.00,10.89, 1.99	5:A100,85.40,100.00,16.60, 4.59	10:A100,84.90,100.00, 1.02,30.85	15:A100,86.60,100.00, 5.48,25.64	20:A100,86.10,100.00, 5.89, 4.24	25:A100,91.20,100.00, 2.38,10.3