each row consists of groups of data for each agent, in form:	agentNum(learningParameter):choice,fitness,[expA,expB,expC]where choice has letter chosen and reward received
each column consists of every trial for the same agent.
this entire file is from Generation 100

0(0.8314349031452123):A100,00.50,[100.00,100.00,100.00]	5(0.9965134892380509):A100,00.50,[100.00,100.00,100.00]	10(0.9671905203290764):B000,00.00,[100.00,03.28,100.00]	15(0.9143424781660106):A100,00.50,[100.00,100.00,100.00]	20(0.5533202371270889):C000,00.00,[100.00,100.00,44.67]	25(0.9989946555812513):C180,00.90,[100.00,100.00,179.92]	30(0.907291934180138):A100,00.50,[100.00,100.00,100.00]	35(0.9843919615789296):C180,00.90,[100.00,100.00,178.75]	40(0.6866841733155296):A100,00.50,[100.00,100.00,100.00]	45(0.9783206404748549):C180,00.90,[100.00,100.00,178.27]	
0(0.8314349031452123):B000,00.50,[100.00,16.86,100.00]	5(0.9965134892380509):B220,01.60,[100.00,219.58,100.00]	10(0.9671905203290764):C000,00.00,[100.00,03.28,03.28]	15(0.9143424781660106):B220,01.60,[100.00,209.72,100.00]	20(0.5533202371270889):B000,00.00,[100.00,44.67,44.67]	25(0.9989946555812513):C180,01.80,[100.00,100.00,180.00]	30(0.907291934180138):A100,01.00,[100.00,100.00,100.00]	35(0.9843919615789296):C000,00.90,[100.00,100.00,02.79]	40(0.6866841733155296):B000,00.50,[100.00,31.33,100.00]	45(0.9783206404748549):C180,01.80,[100.00,100.00,179.96]	
0(0.8314349031452123):A100,01.00,[100.00,16.86,100.00]	5(0.9965134892380509):B220,02.70,[100.00,220.00,100.00]	10(0.9671905203290764):A100,00.50,[100.00,03.28,03.28]	15(0.9143424781660106):B000,01.60,[100.00,17.96,100.00]	20(0.5533202371270889):A100,00.50,[100.00,44.67,44.67]	25(0.9989946555812513):C180,02.70,[100.00,100.00,180.00]	30(0.907291934180138):C000,01.00,[100.00,100.00,09.27]	35(0.9843919615789296):B220,02.00,[100.00,218.13,02.79]	40(0.6866841733155296):A100,01.00,[100.00,31.33,100.00]	45(0.9783206404748549):C000,01.80,[100.00,100.00,03.90]	
0(0.8314349031452123):C180,01.90,[100.00,16.86,166.51]	5(0.9965134892380509):B000,02.70,[100.00,00.77,100.00]	10(0.9671905203290764):A100,01.00,[100.00,03.28,03.28]	15(0.9143424781660106):A100,02.10,[100.00,17.96,100.00]	20(0.5533202371270889):A100,01.00,[100.00,44.67,44.67]	25(0.9989946555812513):C000,02.70,[100.00,100.00,00.18]	30(0.907291934180138):B220,02.10,[100.00,208.88,09.27]	35(0.9843919615789296):B220,03.10,[100.00,219.97,02.79]	40(0.6866841733155296):C000,01.00,[100.00,31.33,31.33]	45(0.9783206404748549):B000,01.80,[100.00,02.17,03.90]	
0(0.8314349031452123):C000,01.90,[100.00,16.86,28.07]	5(0.9965134892380509):C000,02.70,[100.00,00.77,00.35]	10(0.9671905203290764):A100,01.50,[100.00,03.28,03.28]	15(0.9143424781660106):C000,02.10,[100.00,17.96,08.57]	20(0.5533202371270889):A100,01.50,[100.00,44.67,44.67]	25(0.9989946555812513):B220,03.80,[100.00,219.88,00.18]	30(0.907291934180138):B220,03.20,[100.00,218.97,09.27]	35(0.9843919615789296):B000,03.10,[100.00,03.43,02.79]	40(0.6866841733155296):A100,01.50,[100.00,31.33,31.33]	45(0.9783206404748549):A100,02.30,[100.00,02.17,03.90]	
0(0.8314349031452123):A100,02.40,[100.00,16.86,28.07]	5(0.9965134892380509):A100,03.20,[100.00,00.77,00.35]	10(0.9671905203290764):A100,02.00,[100.00,03.28,03.28]	15(0.9143424781660106):A100,02.60,[100.00,17.96,08.57]	20(0.5533202371270889):A100,02.00,[100.00,44.67,44.67]	25(0.9989946555812513):B220,04.90,[100.00,220.00,00.18]	30(0.907291934180138):B220,04.30,[100.00,219.90,09.27]	35(0.9843919615789296):A100,03.60,[100.00,03.43,02.79]	40(0.6866841733155296):A100,02.00,[100.00,31.33,31.33]	45(0.9783206404748549):A100,02.80,[100.00,02.17,03.90]	
0(0.8314349031452123):A100,02.90,[100.00,16.86,28.07]	5(0.9965134892380509):A100,03.70,[100.00,00.77,00.35]	10(0.9671905203290764):A100,02.50,[100.00,03.28,03.28]	15(0.9143424781660106):A100,03.10,[100.00,17.96,08.57]	20(0.5533202371270889):A100,02.50,[100.00,44.67,44.67]	25(0.9989946555812513):B000,04.90,[100.00,00.22,00.18]	30(0.907291934180138):B220,05.40,[100.00,219.99,09.27]	35(0.9843919615789296):A100,04.10,[100.00,03.43,02.79]	40(0.6866841733155296):A100,02.50,[100.00,31.33,31.33]	45(0.9783206404748549):A100,03.30,[100.00,02.17,03.90]	
0(0.8314349031452123):A100,03.40,[100.00,16.86,28.07]	5(0.9965134892380509):A100,04.20,[100.00,00.77,00.35]	10(0.9671905203290764):A100,03.00,[100.00,03.28,03.28]	15(0.9143424781660106):A100,03.60,[100.00,17.96,08.57]	20(0.5533202371270889):A100,03.00,[100.00,44.67,44.67]	25(0.9989946555812513):A100,05.40,[100.00,00.22,00.18]	30(0.907291934180138):B220,06.50,[100.00,220.00,09.27]	35(0.9843919615789296):A100,04.60,[100.00,03.43,02.79]	40(0.6866841733155296):A100,03.00,[100.00,31.33,31.33]	45(0.9783206404748549):A100,03.80,[100.00,02.17,03.90]	
0(0.8314349031452123):A100,03.90,[100.00,16.86,28.07]	5(0.9965134892380509):A100,04.70,[100.00,00.77,00.35]	10(0.9671905203290764):A100,03.50,[100.00,03.28,03.28]	15(0.9143424781660106):A100,04.10,[100.00,17.96,08.57]	20(0.5533202371270889):B000,03.00,[100.00,19.95,44.67]	25(0.9989946555812513):A100,05.90,[100.00,00.22,00.18]	30(0.907291934180138):B220,07.60,[100.00,220.00,09.27]	35(0.9843919615789296):A100,05.10,[100.00,03.43,02.79]	40(0.6866841733155296):A100,03.50,[100.00,31.33,31.33]	45(0.9783206404748549):A100,04.30,[100.00,02.17,03.90]	
0(0.8314349031452123):A100,04.40,[100.00,16.86,28.07]	5(0.9965134892380509):A100,05.20,[100.00,00.77,00.35]	10(0.9671905203290764):A100,04.00,[100.00,03.28,03.28]	15(0.9143424781660106):A100,04.60,[100.00,17.96,08.57]	20(0.5533202371270889):A100,03.50,[100.00,19.95,44.67]	25(0.9989946555812513):A100,06.40,[100.00,00.22,00.18]	30(0.907291934180138):B000,07.60,[100.00,20.40,09.27]	35(0.9843919615789296):A100,05.60,[100.00,03.43,02.79]	40(0.6866841733155296):A100,04.00,[100.00,31.33,31.33]	45(0.9783206404748549):A100,04.80,[100.00,02.17,03.90]	
0(0.8314349031452123):A100,04.90,[100.00,16.86,28.07]	5(0.9965134892380509):A100,05.70,[100.00,00.77,00.35]	10(0.9671905203290764):A100,04.50,[100.00,03.28,03.28]	15(0.9143424781660106):A100,05.10,[100.00,17.96,08.57]	20(0.5533202371270889):A100,04.00,[100.00,19.95,44.67]	25(0.9989946555812513):A100,06.90,[100.00,00.22,00.18]	30(0.907291934180138):A100,08.10,[100.00,20.40,09.27]	35(0.9843919615789296):A100,06.10,[100.00,03.43,02.79]	40(0.6866841733155296):A100,04.50,[100.00,31.33,31.33]	45(0.9783206404748549):A100,05.30,[100.00,02.17,03.90]	
0(0.8314349031452123):A100,05.40,[100.00,16.86,28.07]	5(0.9965134892380509):A100,06.20,[100.00,00.77,00.35]	10(0.9671905203290764):A100,05.00,[100.00,03.28,03.28]	15(0.9143424781660106):A100,05.60,[100.00,17.96,08.57]	20(0.5533202371270889):A100,04.50,[100.00,19.95,44.67]	25(0.9989946555812513):A100,07.40,[100.00,00.22,00.18]	30(0.907291934180138):A100,08.60,[100.00,20.40,09.27]	35(0.9843919615789296):A100,06.60,[100.00,03.43,02.79]	40(0.6866841733155296):C000,04.50,[100.00,31.33,09.82]	45(0.9783206404748549):A100,05.80,[100.00,02.17,03.90]	
0(0.8314349031452123):A100,05.90,[100.00,16.86,28.07]	5(0.9965134892380509):A100,06.70,[100.00,00.77,00.35]	10(0.9671905203290764):A100,05.50,[100.00,03.28,03.28]	15(0.9143424781660106):A100,06.10,[100.00,17.96,08.57]	20(0.5533202371270889):C000,04.50,[100.00,19.95,19.95]	25(0.9989946555812513):A100,07.90,[100.00,00.22,00.18]	30(0.907291934180138):A100,09.10,[100.00,20.40,09.27]	35(0.9843919615789296):A100,07.10,[100.00,03.43,02.79]	40(0.6866841733155296):A100,05.00,[100.00,31.33,09.82]	45(0.9783206404748549):A100,06.30,[100.00,02.17,03.90]	
0(0.8314349031452123):A100,06.40,[100.00,16.86,28.07]	5(0.9965134892380509):A100,07.20,[100.00,00.77,00.35]	10(0.9671905203290764):A100,06.00,[100.00,03.28,03.28]	15(0.9143424781660106):A100,06.60,[100.00,17.96,08.57]	20(0.5533202371270889):A100,05.00,[100.00,19.95,19.95]	25(0.9989946555812513):A100,08.40,[100.00,00.22,00.18]	30(0.907291934180138):A100,09.60,[100.00,20.40,09.27]	35(0.9843919615789296):A100,07.60,[100.00,03.43,02.79]	40(0.6866841733155296):A100,05.50,[100.00,31.33,09.82]	45(0.9783206404748549):A100,06.80,[100.00,02.17,03.90]	
0(0.8314349031452123):A100,06.90,[100.00,16.86,28.07]	5(0.9965134892380509):A100,07.70,[100.00,00.77,00.35]	10(0.9671905203290764):A100,06.50,[100.00,03.28,03.28]	15(0.9143424781660106):A100,07.10,[100.00,17.96,08.57]	20(0.5533202371270889):A100,05.50,[100.00,19.95,19.95]	25(0.9989946555812513):A100,08.90,[100.00,00.22,00.18]	30(0.907291934180138):A100,10.10,[100.00,20.40,09.27]	35(0.9843919615789296):A100,08.10,[100.00,03.43,02.79]	40(0.6866841733155296):A100,06.00,[100.00,31.33,09.82]	45(0.9783206404748549):A100,07.30,[100.00,02.17,03.90]	
0(0.8314349031452123):A100,07.40,[100.00,16.86,28.07]	5(0.9965134892380509):A100,08.20,[100.00,00.77,00.35]	10(0.9671905203290764):A100,07.00,[100.00,03.28,03.28]	15(0.9143424781660106):A100,07.60,[100.00,17.96,08.57]	20(0.5533202371270889):A100,06.00,[100.00,19.95,19.95]	25(0.9989946555812513):A100,09.40,[100.00,00.22,00.18]	30(0.907291934180138):A100,10.60,[100.00,20.40,09.27]	35(0.9843919615789296):A100,08.60,[100.00,03.43,02.79]	40(0.6866841733155296):A100,06.50,[100.00,31.33,09.82]	45(0.9783206404748549):A100,07.80,[100.00,02.17,03.90]	
0(0.8314349031452123):A100,07.90,[100.00,16.86,28.07]	5(0.9965134892380509):A100,08.70,[100.00,00.77,00.35]	10(0.9671905203290764):A100,07.50,[100.00,03.28,03.28]	15(0.9143424781660106):A100,08.10,[100.00,17.96,08.57]	20(0.5533202371270889):A100,06.50,[100.00,19.95,19.95]	25(0.9989946555812513):A100,09.90,[100.00,00.22,00.18]	30(0.907291934180138):A100,11.10,[100.00,20.40,09.27]	35(0.9843919615789296):A100,09.10,[100.00,03.43,02.79]	40(0.6866841733155296):A100,07.00,[100.00,31.33,09.82]	45(0.9783206404748549):A100,08.30,[100.00,02.17,03.90]	
0(0.8314349031452123):A100,08.40,[100.00,16.86,28.07]	5(0.9965134892380509):A100,09.20,[100.00,00.77,00.35]	10(0.9671905203290764):A100,08.00,[100.00,03.28,03.28]	15(0.9143424781660106):A100,08.60,[100.00,17.96,08.57]	20(0.5533202371270889):A100,07.00,[100.00,19.95,19.95]	25(0.9989946555812513):A100,10.40,[100.00,00.22,00.18]	30(0.907291934180138):A100,11.60,[100.00,20.40,09.27]	35(0.9843919615789296):A100,09.60,[100.00,03.43,02.79]	40(0.6866841733155296):A100,07.50,[100.00,31.33,09.82]	45(0.9783206404748549):A100,08.80,[100.00,02.17,03.90]	
0(0.8314349031452123):A100,08.90,[100.00,16.86,28.07]	5(0.9965134892380509):A100,09.70,[100.00,00.77,00.35]	10(0.9671905203290764):A100,08.50,[100.00,03.28,03.28]	15(0.9143424781660106):A100,09.10,[100.00,17.96,08.57]	20(0.5533202371270889):A100,07.50,[100.00,19.95,19.95]	25(0.9989946555812513):A100,10.90,[100.00,00.22,00.18]	30(0.907291934180138):A100,12.10,[100.00,20.40,09.27]	35(0.9843919615789296):A100,10.10,[100.00,03.43,02.79]	40(0.6866841733155296):A100,08.00,[100.00,31.33,09.82]	45(0.9783206404748549):A100,09.30,[100.00,02.17,03.90]	
0(0.8314349031452123):A100,09.40,[100.00,16.86,28.07]	5(0.9965134892380509):A100,10.20,[100.00,00.77,00.35]	10(0.9671905203290764):A100,09.00,[100.00,03.28,03.28]	15(0.9143424781660106):A100,09.60,[100.00,17.96,08.57]	20(0.5533202371270889):A100,08.00,[100.00,19.95,19.95]	25(0.9989946555812513):A100,11.40,[100.00,00.22,00.18]	30(0.907291934180138):A100,12.60,[100.00,20.40,09.27]	35(0.9843919615789296):A100,10.60,[100.00,03.43,02.79]	40(0.6866841733155296):A100,08.50,[100.00,31.33,09.82]	45(0.9783206404748549):A100,09.80,[100.00,02.17,03.90]	
0(0.8314349031452123):A100,09.90,[100.00,16.86,28.07]	5(0.9965134892380509):A100,10.70,[100.00,00.77,00.35]	10(0.9671905203290764):A100,09.50,[100.00,03.28,03.28]	15(0.9143424781660106):A100,10.10,[100.00,17.96,08.57]	20(0.5533202371270889):A100,08.50,[100.00,19.95,19.95]	25(0.9989946555812513):A100,11.90,[100.00,00.22,00.18]	30(0.907291934180138):A100,13.10,[100.00,20.40,09.27]	35(0.9843919615789296):A100,11.10,[100.00,03.43,02.79]	40(0.6866841733155296):A100,09.00,[100.00,31.33,09.82]	45(0.9783206404748549):A100,10.30,[100.00,02.17,03.90]	
0(0.8314349031452123):A100,10.40,[100.00,16.86,28.07]	5(0.9965134892380509):A100,11.20,[100.00,00.77,00.35]	10(0.9671905203290764):A100,10.00,[100.00,03.28,03.28]	15(0.9143424781660106):A100,10.60,[100.00,17.96,08.57]	20(0.5533202371270889):A100,09.00,[100.00,19.95,19.95]	25(0.9989946555812513):A100,12.40,[100.00,00.22,00.18]	30(0.907291934180138):A100,13.60,[100.00,20.40,09.27]	35(0.9843919615789296):A100,11.60,[100.00,03.43,02.79]	40(0.6866841733155296):A100,09.50,[100.00,31.33,09.82]	45(0.9783206404748549):A100,10.80,[100.00,02.17,03.90]	
0(0.8314349031452123):A100,10.90,[100.00,16.86,28.07]	5(0.9965134892380509):A100,11.70,[100.00,00.77,00.35]	10(0.9671905203290764):A100,10.50,[100.00,03.28,03.28]	15(0.9143424781660106):A100,11.10,[100.00,17.96,08.57]	20(0.5533202371270889):A100,09.50,[100.00,19.95,19.95]	25(0.9989946555812513):A100,12.90,[100.00,00.22,00.18]	30(0.907291934180138):A100,14.10,[100.00,20.40,09.27]	35(0.9843919615789296):A100,12.10,[100.00,03.43,02.79]	40(0.6866841733155296):A100,10.00,[100.00,31.33,09.82]	45(0.9783206404748549):A100,11.30,[100.00,02.17,03.90]	
0(0.8314349031452123):A100,11.40,[100.00,16.86,28.07]	5(0.9965134892380509):A100,12.20,[100.00,00.77,00.35]	10(0.9671905203290764):A100,11.00,[100.00,03.28,03.28]	15(0.9143424781660106):A100,11.60,[100.00,17.96,08.57]	20(0.5533202371270889):A100,10.00,[100.00,19.95,19.95]	25(0.9989946555812513):A100,13.40,[100.00,00.22,00.18]	30(0.907291934180138):A100,14.60,[100.00,20.40,09.27]	35(0.9843919615789296):A100,12.60,[100.00,03.43,02.79]	40(0.6866841733155296):A100,10.50,[100.00,31.33,09.82]	45(0.9783206404748549):A100,11.80,[100.00,02.17,03.90]	
0(0.8314349031452123):A100,11.90,[100.00,16.86,28.07]	5(0.9965134892380509):C000,12.20,[100.00,00.77,00.00]	10(0.9671905203290764):A100,11.50,[100.00,03.28,03.28]	15(0.9143424781660106):A100,12.10,[100.00,17.96,08.57]	20(0.5533202371270889):A100,10.50,[100.00,19.95,19.95]	25(0.9989946555812513):A100,13.90,[100.00,00.22,00.18]	30(0.907291934180138):A100,15.10,[100.00,20.40,09.27]	35(0.9843919615789296):A100,13.10,[100.00,03.43,02.79]	40(0.6866841733155296):A100,11.00,[100.00,31.33,09.82]	45(0.9783206404748549):A100,12.30,[100.00,02.17,03.90]	
0(0.8314349031452123):A100,12.40,[100.00,16.86,28.07]	5(0.9965134892380509):A100,12.70,[100.00,00.77,00.00]	10(0.9671905203290764):A100,12.00,[100.00,03.28,03.28]	15(0.9143424781660106):A100,12.60,[100.00,17.96,08.57]	20(0.5533202371270889):A100,11.00,[100.00,19.95,19.95]	25(0.9989946555812513):A100,14.40,[100.00,00.22,00.18]	30(0.907291934180138):A100,15.60,[100.00,20.40,09.27]	35(0.9843919615789296):A100,13.60,[100.00,03.43,02.79]	40(0.6866841733155296):A100,11.50,[100.00,31.33,09.82]	45(0.9783206404748549):A100,12.80,[100.00,02.17,03.90]	
0(0.8314349031452123):A100,12.90,[100.00,16.86,28.07]	5(0.9965134892380509):A100,13.20,[100.00,00.77,00.00]	10(0.9671905203290764):A100,12.50,[100.00,03.28,03.28]	15(0.9143424781660106):A100,13.10,[100.00,17.96,08.57]	20(0.5533202371270889):A100,11.50,[100.00,19.95,19.95]	25(0.9989946555812513):A100,14.90,[100.00,00.22,00.18]	30(0.907291934180138):A100,16.10,[100.00,20.40,09.27]	35(0.9843919615789296):A100,14.10,[100.00,03.43,02.79]	40(0.6866841733155296):A100,12.00,[100.00,31.33,09.82]	45(0.9783206404748549):A100,13.30,[100.00,02.17,03.90]	
0(0.8314349031452123):A100,13.40,[100.00,16.86,28.07]	5(0.9965134892380509):A100,13.70,[100.00,00.77,00.00]	10(0.9671905203290764):A100,13.00,[100.00,03.28,03.28]	15(0.9143424781660106):A100,13.60,[100.00,17.96,08.57]	20(0.5533202371270889):A100,12.00,[100.00,19.95,19.95]	25(0.9989946555812513):A100,15.40,[100.00,00.22,00.18]	30(0.907291934180138):A100,16.60,[100.00,20.40,09.27]	35(0.9843919615789296):A100,14.60,[100.00,03.43,02.79]	40(0.6866841733155296):A100,12.50,[100.00,31.33,09.82]	45(0.9783206404748549):A100,13.80,[100.00,02.17,03.90]	
0(0.8314349031452123):A100,13.90,[100.00,16.86,28.07]	5(0.9965134892380509):A100,14.20,[100.00,00.77,00.00]	10(0.9671905203290764):A100,13.50,[100.00,03.28,03.28]	15(0.9143424781660106):A100,14.10,[100.00,17.96,08.57]	20(0.5533202371270889):A100,12.50,[100.00,19.95,19.95]	25(0.9989946555812513):A100,15.90,[100.00,00.22,00.18]	30(0.907291934180138):A100,17.10,[100.00,20.40,09.27]	35(0.9843919615789296):A100,15.10,[100.00,03.43,02.79]	40(0.6866841733155296):A100,13.00,[100.00,31.33,09.82]	45(0.9783206404748549):A100,14.30,[100.00,02.17,03.90]	
0(0.8314349031452123):A100,14.40,[100.00,16.86,28.07]	5(0.9965134892380509):A100,14.70,[100.00,00.77,00.00]	10(0.9671905203290764):A100,14.00,[100.00,03.28,03.28]	15(0.9143424781660106):A100,14.60,[100.00,17.96,08.57]	20(0.5533202371270889):A100,13.00,[100.00,19.95,19.95]	25(0.9989946555812513):A100,16.40,[100.00,00.22,00.18]	30(0.907291934180138):A100,17.60,[100.00,20.40,09.27]	35(0.9843919615789296):A100,15.60,[100.00,03.43,02.79]	40(0.6866841733155296):A100,13.50,[100.00,31.33,09.82]	45(0.9783206404748549):A100,14.80,[100.00,02.17,03.90]	
0(0.8314349031452123):A100,14.90,[100.00,16.86,28.07]	5(0.9965134892380509):A100,15.20,[100.00,00.77,00.00]	10(0.9671905203290764):A100,14.50,[100.00,03.28,03.28]	15(0.9143424781660106):A100,15.10,[100.00,17.96,08.57]	20(0.5533202371270889):A100,13.50,[100.00,19.95,19.95]	25(0.9989946555812513):A100,16.90,[100.00,00.22,00.18]	30(0.907291934180138):A100,18.10,[100.00,20.40,09.27]	35(0.9843919615789296):A100,16.10,[100.00,03.43,02.79]	40(0.6866841733155296):A100,14.00,[100.00,31.33,09.82]	45(0.9783206404748549):A100,15.30,[100.00,02.17,03.90]	
0(0.8314349031452123):C000,14.90,[100.00,16.86,04.73]	5(0.9965134892380509):A100,15.70,[100.00,00.77,00.00]	10(0.9671905203290764):A100,15.00,[100.00,03.28,03.28]	15(0.9143424781660106):A100,15.60,[100.00,17.96,08.57]	20(0.5533202371270889):A100,14.00,[100.00,19.95,19.95]	25(0.9989946555812513):A100,17.40,[100.00,00.22,00.18]	30(0.907291934180138):A100,18.60,[100.00,20.40,09.27]	35(0.9843919615789296):A100,16.60,[100.00,03.43,02.79]	40(0.6866841733155296):B000,14.00,[100.00,09.82,09.82]	45(0.9783206404748549):A100,15.80,[100.00,02.17,03.90]	
0(0.8314349031452123):A100,15.40,[100.00,16.86,04.73]	5(0.9965134892380509):A100,16.20,[100.00,00.77,00.00]	10(0.9671905203290764):A100,15.50,[100.00,03.28,03.28]	15(0.9143424781660106):A100,16.10,[100.00,17.96,08.57]	20(0.5533202371270889):A100,14.50,[100.00,19.95,19.95]	25(0.9989946555812513):A100,17.90,[100.00,00.22,00.18]	30(0.907291934180138):A100,19.10,[100.00,20.40,09.27]	35(0.9843919615789296):A100,17.10,[100.00,03.43,02.79]	40(0.6866841733155296):A100,14.50,[100.00,09.82,09.82]	45(0.9783206404748549):A100,16.30,[100.00,02.17,03.90]	
0(0.8314349031452123):A100,15.90,[100.00,16.86,04.73]	5(0.9965134892380509):A100,16.70,[100.00,00.77,00.00]	10(0.9671905203290764):A100,16.00,[100.00,03.28,03.28]	15(0.9143424781660106):A100,16.60,[100.00,17.96,08.57]	20(0.5533202371270889):A100,15.00,[100.00,19.95,19.95]	25(0.9989946555812513):A100,18.40,[100.00,00.22,00.18]	30(0.907291934180138):A100,19.60,[100.00,20.40,09.27]	35(0.9843919615789296):A100,17.60,[100.00,03.43,02.79]	40(0.6866841733155296):A100,15.00,[100.00,09.82,09.82]	45(0.9783206404748549):A100,16.80,[100.00,02.17,03.90]	
0(0.8314349031452123):A100,16.40,[100.00,16.86,04.73]	5(0.9965134892380509):A100,17.20,[100.00,00.77,00.00]	10(0.9671905203290764):A100,16.50,[100.00,03.28,03.28]	15(0.9143424781660106):A100,17.10,[100.00,17.96,08.57]	20(0.5533202371270889):A100,15.50,[100.00,19.95,19.95]	25(0.9989946555812513):A100,18.90,[100.00,00.22,00.18]	30(0.907291934180138):A100,20.10,[100.00,20.40,09.27]	35(0.9843919615789296):A100,18.10,[100.00,03.43,02.79]	40(0.6866841733155296):A100,15.50,[100.00,09.82,09.82]	45(0.9783206404748549):A100,17.30,[100.00,02.17,03.90]	
0(0.8314349031452123):A100,16.90,[100.00,16.86,04.73]	5(0.9965134892380509):A100,17.70,[100.00,00.77,00.00]	10(0.9671905203290764):A100,17.00,[100.00,03.28,03.28]	15(0.9143424781660106):A100,17.60,[100.00,17.96,08.57]	20(0.5533202371270889):A100,16.00,[100.00,19.95,19.95]	25(0.9989946555812513):A100,19.40,[100.00,00.22,00.18]	30(0.907291934180138):A100,20.60,[100.00,20.40,09.27]	35(0.9843919615789296):A100,18.60,[100.00,03.43,02.79]	40(0.6866841733155296):A100,16.00,[100.00,09.82,09.82]	45(0.9783206404748549):A100,17.80,[100.00,02.17,03.90]	
0(0.8314349031452123):A100,17.40,[100.00,16.86,04.73]	5(0.9965134892380509):A100,18.20,[100.00,00.77,00.00]	10(0.9671905203290764):A100,17.50,[100.00,03.28,03.28]	15(0.9143424781660106):A100,18.10,[100.00,17.96,08.57]	20(0.5533202371270889):A100,16.50,[100.00,19.95,19.95]	25(0.9989946555812513):A100,19.90,[100.00,00.22,00.18]	30(0.907291934180138):A100,21.10,[100.00,20.40,09.27]	35(0.9843919615789296):A100,19.10,[100.00,03.43,02.79]	40(0.6866841733155296):A100,16.50,[100.00,09.82,09.82]	45(0.9783206404748549):A100,18.30,[100.00,02.17,03.90]	
0(0.8314349031452123):A100,17.90,[100.00,16.86,04.73]	5(0.9965134892380509):A100,18.70,[100.00,00.77,00.00]	10(0.9671905203290764):A100,18.00,[100.00,03.28,03.28]	15(0.9143424781660106):A100,18.60,[100.00,17.96,08.57]	20(0.5533202371270889):A100,17.00,[100.00,19.95,19.95]	25(0.9989946555812513):A100,20.40,[100.00,00.22,00.18]	30(0.907291934180138):A100,21.60,[100.00,20.40,09.27]	35(0.9843919615789296):A100,19.60,[100.00,03.43,02.79]	40(0.6866841733155296):A100,17.00,[100.00,09.82,09.82]	45(0.9783206404748549):A100,18.80,[100.00,02.17,03.90]	
0(0.8314349031452123):A100,18.40,[100.00,16.86,04.73]	5(0.9965134892380509):A100,19.20,[100.00,00.77,00.00]	10(0.9671905203290764):A100,18.50,[100.00,03.28,03.28]	15(0.9143424781660106):A100,19.10,[100.00,17.96,08.57]	20(0.5533202371270889):A100,17.50,[100.00,19.95,19.95]	25(0.9989946555812513):A100,20.90,[100.00,00.22,00.18]	30(0.907291934180138):A100,22.10,[100.00,20.40,09.27]	35(0.9843919615789296):A100,20.10,[100.00,03.43,02.79]	40(0.6866841733155296):A100,17.50,[100.00,09.82,09.82]	45(0.9783206404748549):A100,19.30,[100.00,02.17,03.90]	
0(0.8314349031452123):B220,19.50,[100.00,185.76,04.73]	5(0.9965134892380509):A100,19.70,[100.00,00.77,00.00]	10(0.9671905203290764):A100,19.00,[100.00,03.28,03.28]	15(0.9143424781660106):A100,19.60,[100.00,17.96,08.57]	20(0.5533202371270889):A100,18.00,[100.00,19.95,19.95]	25(0.9989946555812513):A100,21.40,[100.00,00.22,00.18]	30(0.907291934180138):A100,22.60,[100.00,20.40,09.27]	35(0.9843919615789296):A100,20.60,[100.00,03.43,02.79]	40(0.6866841733155296):A100,18.00,[100.00,09.82,09.82]	45(0.9783206404748549):A100,19.80,[100.00,02.17,03.90]	
0(0.8314349031452123):B000,19.50,[100.00,31.31,04.73]	5(0.9965134892380509):A100,20.20,[100.00,00.77,00.00]	10(0.9671905203290764):A100,19.50,[100.00,03.28,03.28]	15(0.9143424781660106):B000,19.60,[100.00,01.54,08.57]	20(0.5533202371270889):A100,18.50,[100.00,19.95,19.95]	25(0.9989946555812513):A100,21.90,[100.00,00.22,00.18]	30(0.907291934180138):B000,22.60,[100.00,01.89,09.27]	35(0.9843919615789296):A100,21.10,[100.00,03.43,02.79]	40(0.6866841733155296):A100,18.50,[100.00,09.82,09.82]	45(0.9783206404748549):A100,20.30,[100.00,02.17,03.90]	
0(0.8314349031452123):A100,20.00,[100.00,31.31,04.73]	5(0.9965134892380509):A100,20.70,[100.00,00.77,00.00]	10(0.9671905203290764):B220,20.60,[100.00,212.89,03.28]	15(0.9143424781660106):A100,20.10,[100.00,01.54,08.57]	20(0.5533202371270889):B000,18.50,[100.00,08.91,19.95]	25(0.9989946555812513):A100,22.40,[100.00,00.22,00.18]	30(0.907291934180138):A100,23.10,[100.00,01.89,09.27]	35(0.9843919615789296):A100,21.60,[100.00,03.43,02.79]	40(0.6866841733155296):A100,19.00,[100.00,09.82,09.82]	45(0.9783206404748549):A100,20.80,[100.00,02.17,03.90]	
0(0.8314349031452123):B000,20.00,[100.00,05.28,04.73]	5(0.9965134892380509):A100,21.20,[100.00,00.77,00.00]	10(0.9671905203290764):B220,21.70,[100.00,219.77,03.28]	15(0.9143424781660106):A100,20.60,[100.00,01.54,08.57]	20(0.5533202371270889):A100,19.00,[100.00,08.91,19.95]	25(0.9989946555812513):A100,22.90,[100.00,00.22,00.18]	30(0.907291934180138):A100,23.60,[100.00,01.89,09.27]	35(0.9843919615789296):A100,22.10,[100.00,03.43,02.79]	40(0.6866841733155296):A100,19.50,[100.00,09.82,09.82]	45(0.9783206404748549):A100,21.30,[100.00,02.17,03.90]	
0(0.8314349031452123):A100,20.50,[100.00,05.28,04.73]	5(0.9965134892380509):A100,21.70,[100.00,00.77,00.00]	10(0.9671905203290764):B000,21.70,[100.00,07.21,03.28]	15(0.9143424781660106):A100,21.10,[100.00,01.54,08.57]	20(0.5533202371270889):A100,19.50,[100.00,08.91,19.95]	25(0.9989946555812513):A100,23.40,[100.00,00.22,00.18]	30(0.907291934180138):A100,24.10,[100.00,01.89,09.27]	35(0.9843919615789296):A100,22.60,[100.00,03.43,02.79]	40(0.6866841733155296):A100,20.00,[100.00,09.82,09.82]	45(0.9783206404748549):A100,21.80,[100.00,02.17,03.90]	
0(0.8314349031452123):A100,21.00,[100.00,05.28,04.73]	5(0.9965134892380509):A100,22.20,[100.00,00.77,00.00]	10(0.9671905203290764):A100,22.20,[100.00,07.21,03.28]	15(0.9143424781660106):A100,21.60,[100.00,01.54,08.57]	20(0.5533202371270889):A100,20.00,[100.00,08.91,19.95]	25(0.9989946555812513):A100,23.90,[100.00,00.22,00.18]	30(0.907291934180138):A100,24.60,[100.00,01.89,09.27]	35(0.9843919615789296):A100,23.10,[100.00,03.43,02.79]	40(0.6866841733155296):A100,20.50,[100.00,09.82,09.82]	45(0.9783206404748549):A100,22.30,[100.00,02.17,03.90]	
0(0.8314349031452123):A100,21.50,[100.00,05.28,04.73]	5(0.9965134892380509):A100,22.70,[100.00,00.77,00.00]	10(0.9671905203290764):A100,22.70,[100.00,07.21,03.28]	15(0.9143424781660106):A100,22.10,[100.00,01.54,08.57]	20(0.5533202371270889):C000,20.00,[100.00,08.91,08.91]	25(0.9989946555812513):A100,24.40,[100.00,00.22,00.18]	30(0.907291934180138):A100,25.10,[100.00,01.89,09.27]	35(0.9843919615789296):A100,23.60,[100.00,03.43,02.79]	40(0.6866841733155296):A100,21.00,[100.00,09.82,09.82]	45(0.9783206404748549):A100,22.80,[100.00,02.17,03.90]	
0(0.8314349031452123):A100,22.00,[100.00,05.28,04.73]	5(0.9965134892380509):A100,23.20,[100.00,00.77,00.00]	10(0.9671905203290764):A100,23.20,[100.00,07.21,03.28]	15(0.9143424781660106):A100,22.60,[100.00,01.54,08.57]	20(0.5533202371270889):A100,20.50,[100.00,08.91,08.91]	25(0.9989946555812513):A100,24.90,[100.00,00.22,00.18]	30(0.907291934180138):A100,25.60,[100.00,01.89,09.27]	35(0.9843919615789296):A100,24.10,[100.00,03.43,02.79]	40(0.6866841733155296):A100,21.50,[100.00,09.82,09.82]	45(0.9783206404748549):A100,23.30,[100.00,02.17,03.90]	
0(0.8314349031452123):A100,22.50,[100.00,05.28,04.73]	5(0.9965134892380509):A100,23.70,[100.00,00.77,00.00]	10(0.9671905203290764):A100,23.70,[100.00,07.21,03.28]	15(0.9143424781660106):A100,23.10,[100.00,01.54,08.57]	20(0.5533202371270889):A100,21.00,[100.00,08.91,08.91]	25(0.9989946555812513):A100,25.40,[100.00,00.22,00.18]	30(0.907291934180138):A100,26.10,[100.00,01.89,09.27]	35(0.9843919615789296):A100,24.60,[100.00,03.43,02.79]	40(0.6866841733155296):A100,22.00,[100.00,09.82,09.82]	45(0.9783206404748549):A100,23.80,[100.00,02.17,03.90]	
0(0.8314349031452123):A100,23.00,[100.00,05.28,04.73]	5(0.9965134892380509):A100,24.20,[100.00,00.77,00.00]	10(0.9671905203290764):A100,24.20,[100.00,07.21,03.28]	15(0.9143424781660106):C180,24.00,[100.00,01.54,165.32]	20(0.5533202371270889):A100,21.50,[100.00,08.91,08.91]	25(0.9989946555812513):A100,25.90,[100.00,00.22,00.18]	30(0.907291934180138):A100,26.60,[100.00,01.89,09.27]	35(0.9843919615789296):A100,25.10,[100.00,03.43,02.79]	40(0.6866841733155296):A100,22.50,[100.00,09.82,09.82]	45(0.9783206404748549):A100,24.30,[100.00,02.17,03.90]	
0(0.8314349031452123):A100,23.50,[100.00,05.28,04.73]	5(0.9965134892380509):A100,24.70,[100.00,00.77,00.00]	10(0.9671905203290764):A100,24.70,[100.00,07.21,03.28]	15(0.9143424781660106):C000,24.00,[100.00,01.54,14.16]	20(0.5533202371270889):A100,22.00,[100.00,08.91,08.91]	25(0.9989946555812513):A100,26.40,[100.00,00.22,00.18]	30(0.907291934180138):A100,27.10,[100.00,01.89,09.27]	35(0.9843919615789296):A100,25.60,[100.00,03.43,02.79]	40(0.6866841733155296):A100,23.00,[100.00,09.82,09.82]	45(0.9783206404748549):A100,24.80,[100.00,02.17,03.90]	
0(0.8314349031452123):A100,24.00,[100.00,05.28,04.73]	5(0.9965134892380509):A100,25.20,[100.00,00.77,00.00]	10(0.9671905203290764):A100,25.20,[100.00,07.21,03.28]	15(0.9143424781660106):A100,24.50,[100.00,01.54,14.16]	20(0.5533202371270889):A100,22.50,[100.00,08.91,08.91]	25(0.9989946555812513):A100,26.90,[100.00,00.22,00.18]	30(0.907291934180138):A100,27.60,[100.00,01.89,09.27]	35(0.9843919615789296):A100,26.10,[100.00,03.43,02.79]	40(0.6866841733155296):A100,23.50,[100.00,09.82,09.82]	45(0.9783206404748549):A100,25.30,[100.00,02.17,03.90]	
0(0.8314349031452123):A100,24.50,[100.00,05.28,04.73]	5(0.9965134892380509):A100,25.70,[100.00,00.77,00.00]	10(0.9671905203290764):A100,25.70,[100.00,07.21,03.28]	15(0.9143424781660106):A100,25.00,[100.00,01.54,14.16]	20(0.5533202371270889):A100,23.00,[100.00,08.91,08.91]	25(0.9989946555812513):A100,27.40,[100.00,00.22,00.18]	30(0.907291934180138):A100,28.10,[100.00,01.89,09.27]	35(0.9843919615789296):A100,26.60,[100.00,03.43,02.79]	40(0.6866841733155296):A100,24.00,[100.00,09.82,09.82]	45(0.9783206404748549):A100,25.80,[100.00,02.17,03.90]	
0(0.8314349031452123):A100,25.00,[100.00,05.28,04.73]	5(0.9965134892380509):A100,26.20,[100.00,00.77,00.00]	10(0.9671905203290764):A100,26.20,[100.00,07.21,03.28]	15(0.9143424781660106):A100,25.50,[100.00,01.54,14.16]	20(0.5533202371270889):A100,23.50,[100.00,08.91,08.91]	25(0.9989946555812513):A100,27.90,[100.00,00.22,00.18]	30(0.907291934180138):A100,28.60,[100.00,01.89,09.27]	35(0.9843919615789296):A100,27.10,[100.00,03.43,02.79]	40(0.6866841733155296):A100,24.50,[100.00,09.82,09.82]	45(0.9783206404748549):A100,26.30,[100.00,02.17,03.90]	
0(0.8314349031452123):A100,25.50,[100.00,05.28,04.73]	5(0.9965134892380509):A100,26.70,[100.00,00.77,00.00]	10(0.9671905203290764):A100,26.70,[100.00,07.21,03.28]	15(0.9143424781660106):A100,26.00,[100.00,01.54,14.16]	20(0.5533202371270889):A100,24.00,[100.00,08.91,08.91]	25(0.9989946555812513):A100,28.40,[100.00,00.22,00.18]	30(0.907291934180138):A100,29.10,[100.00,01.89,09.27]	35(0.9843919615789296):A100,27.60,[100.00,03.43,02.79]	40(0.6866841733155296):A100,25.00,[100.00,09.82,09.82]	45(0.9783206404748549):A100,26.80,[100.00,02.17,03.90]	
0(0.8314349031452123):A100,26.00,[100.00,05.28,04.73]	5(0.9965134892380509):A100,27.20,[100.00,00.77,00.00]	10(0.9671905203290764):A100,27.20,[100.00,07.21,03.28]	15(0.9143424781660106):A100,26.50,[100.00,01.54,14.16]	20(0.5533202371270889):A100,24.50,[100.00,08.91,08.91]	25(0.9989946555812513):A100,28.90,[100.00,00.22,00.18]	30(0.907291934180138):A100,29.60,[100.00,01.89,09.27]	35(0.9843919615789296):A100,28.10,[100.00,03.43,02.79]	40(0.6866841733155296):A100,25.50,[100.00,09.82,09.82]	45(0.9783206404748549):A100,27.30,[100.00,02.17,03.90]	
0(0.8314349031452123):A100,26.50,[100.00,05.28,04.73]	5(0.9965134892380509):A100,27.70,[100.00,00.77,00.00]	10(0.9671905203290764):A100,27.70,[100.00,07.21,03.28]	15(0.9143424781660106):A100,27.00,[100.00,01.54,14.16]	20(0.5533202371270889):A100,25.00,[100.00,08.91,08.91]	25(0.9989946555812513):A100,29.40,[100.00,00.22,00.18]	30(0.907291934180138):A100,30.10,[100.00,01.89,09.27]	35(0.9843919615789296):A100,28.60,[100.00,03.43,02.79]	40(0.6866841733155296):A100,26.00,[100.00,09.82,09.82]	45(0.9783206404748549):A100,27.80,[100.00,02.17,03.90]	
0(0.8314349031452123):A100,27.00,[100.00,05.28,04.73]	5(0.9965134892380509):C000,27.70,[100.00,00.77,00.00]	10(0.9671905203290764):A100,28.20,[100.00,07.21,03.28]	15(0.9143424781660106):A100,27.50,[100.00,01.54,14.16]	20(0.5533202371270889):A100,25.50,[100.00,08.91,08.91]	25(0.9989946555812513):A100,29.90,[100.00,00.22,00.18]	30(0.907291934180138):A100,30.60,[100.00,01.89,09.27]	35(0.9843919615789296):A100,29.10,[100.00,03.43,02.79]	40(0.6866841733155296):A100,26.50,[100.00,09.82,09.82]	45(0.9783206404748549):A100,28.30,[100.00,02.17,03.90]	
0(0.8314349031452123):A100,27.50,[100.00,05.28,04.73]	5(0.9965134892380509):A100,28.20,[100.00,00.77,00.00]	10(0.9671905203290764):A100,28.70,[100.00,07.21,03.28]	15(0.9143424781660106):A100,28.00,[100.00,01.54,14.16]	20(0.5533202371270889):A100,26.00,[100.00,08.91,08.91]	25(0.9989946555812513):A100,30.40,[100.00,00.22,00.18]	30(0.907291934180138):A100,31.10,[100.00,01.89,09.27]	35(0.9843919615789296):A100,29.60,[100.00,03.43,02.79]	40(0.6866841733155296):A100,27.00,[100.00,09.82,09.82]	45(0.9783206404748549):A100,28.80,[100.00,02.17,03.90]	
0(0.8314349031452123):A100,28.00,[100.00,05.28,04.73]	5(0.9965134892380509):A100,28.70,[100.00,00.77,00.00]	10(0.9671905203290764):A100,29.20,[100.00,07.21,03.28]	15(0.9143424781660106):A100,28.50,[100.00,01.54,14.16]	20(0.5533202371270889):A100,26.50,[100.00,08.91,08.91]	25(0.9989946555812513):A100,30.90,[100.00,00.22,00.18]	30(0.907291934180138):A100,31.60,[100.00,01.89,09.27]	35(0.9843919615789296):A100,30.10,[100.00,03.43,02.79]	40(0.6866841733155296):A100,27.50,[100.00,09.82,09.82]	45(0.9783206404748549):A100,29.30,[100.00,02.17,03.90]	
0(0.8314349031452123):A100,28.50,[100.00,05.28,04.73]	5(0.9965134892380509):A100,29.20,[100.00,00.77,00.00]	10(0.9671905203290764):A100,29.70,[100.00,07.21,03.28]	15(0.9143424781660106):A100,29.00,[100.00,01.54,14.16]	20(0.5533202371270889):A100,27.00,[100.00,08.91,08.91]	25(0.9989946555812513):A100,31.40,[100.00,00.22,00.18]	30(0.907291934180138):A100,32.10,[100.00,01.89,09.27]	35(0.9843919615789296):A100,30.60,[100.00,03.43,02.79]	40(0.6866841733155296):A100,28.00,[100.00,09.82,09.82]	45(0.9783206404748549):A100,29.80,[100.00,02.17,03.90]	
0(0.8314349031452123):A100,29.00,[100.00,05.28,04.73]	5(0.9965134892380509):A100,29.70,[100.00,00.77,00.00]	10(0.9671905203290764):A100,30.20,[100.00,07.21,03.28]	15(0.9143424781660106):A100,29.50,[100.00,01.54,14.16]	20(0.5533202371270889):A100,27.50,[100.00,08.91,08.91]	25(0.9989946555812513):A100,31.90,[100.00,00.22,00.18]	30(0.907291934180138):A100,32.60,[100.00,01.89,09.27]	35(0.9843919615789296):A100,31.10,[100.00,03.43,02.79]	40(0.6866841733155296):A100,28.50,[100.00,09.82,09.82]	45(0.9783206404748549):A100,30.30,[100.00,02.17,03.90]	
0(0.8314349031452123):A100,29.50,[100.00,05.28,04.73]	5(0.9965134892380509):A100,30.20,[100.00,00.77,00.00]	10(0.9671905203290764):A100,30.70,[100.00,07.21,03.28]	15(0.9143424781660106):A100,30.00,[100.00,01.54,14.16]	20(0.5533202371270889):A100,28.00,[100.00,08.91,08.91]	25(0.9989946555812513):A100,32.40,[100.00,00.22,00.18]	30(0.907291934180138):A100,33.10,[100.00,01.89,09.27]	35(0.9843919615789296):A100,31.60,[100.00,03.43,02.79]	40(0.6866841733155296):A100,29.00,[100.00,09.82,09.82]	45(0.9783206404748549):A100,30.80,[100.00,02.17,03.90]	
0(0.8314349031452123):A100,30.00,[100.00,05.28,04.73]	5(0.9965134892380509):A100,30.70,[100.00,00.77,00.00]	10(0.9671905203290764):A100,31.20,[100.00,07.21,03.28]	15(0.9143424781660106):A100,30.50,[100.00,01.54,14.16]	20(0.5533202371270889):A100,28.50,[100.00,08.91,08.91]	25(0.9989946555812513):A100,32.90,[100.00,00.22,00.18]	30(0.907291934180138):A100,33.60,[100.00,01.89,09.27]	35(0.9843919615789296):A100,32.10,[100.00,03.43,02.79]	40(0.6866841733155296):A100,29.50,[100.00,09.82,09.82]	45(0.9783206404748549):A100,31.30,[100.00,02.17,03.90]	
0(0.8314349031452123):A100,30.50,[100.00,05.28,04.73]	5(0.9965134892380509):A100,31.20,[100.00,00.77,00.00]	10(0.9671905203290764):A100,31.70,[100.00,07.21,03.28]	15(0.9143424781660106):A100,31.00,[100.00,01.54,14.16]	20(0.5533202371270889):A100,29.00,[100.00,08.91,08.91]	25(0.9989946555812513):A100,33.40,[100.00,00.22,00.18]	30(0.907291934180138):A100,34.10,[100.00,01.89,09.27]	35(0.9843919615789296):A100,32.60,[100.00,03.43,02.79]	40(0.6866841733155296):A100,30.00,[100.00,09.82,09.82]	45(0.9783206404748549):A100,31.80,[100.00,02.17,03.90]	
0(0.8314349031452123):A100,31.00,[100.00,05.28,04.73]	5(0.9965134892380509):A100,31.70,[100.00,00.77,00.00]	10(0.9671905203290764):A100,32.20,[100.00,07.21,03.28]	15(0.9143424781660106):A100,31.50,[100.00,01.54,14.16]	20(0.5533202371270889):A100,29.50,[100.00,08.91,08.91]	25(0.9989946555812513):A100,33.90,[100.00,00.22,00.18]	30(0.907291934180138):A100,34.60,[100.00,01.89,09.27]	35(0.9843919615789296):A100,33.10,[100.00,03.43,02.79]	40(0.6866841733155296):A100,30.50,[100.00,09.82,09.82]	45(0.9783206404748549):A100,32.30,[100.00,02.17,03.90]	
0(0.8314349031452123):A100,31.50,[100.00,05.28,04.73]	5(0.9965134892380509):A100,32.20,[100.00,00.77,00.00]	10(0.9671905203290764):A100,32.70,[100.00,07.21,03.28]	15(0.9143424781660106):A100,32.00,[100.00,01.54,14.16]	20(0.5533202371270889):A100,30.00,[100.00,08.91,08.91]	25(0.9989946555812513):A100,34.40,[100.00,00.22,00.18]	30(0.907291934180138):A100,35.10,[100.00,01.89,09.27]	35(0.9843919615789296):A100,33.60,[100.00,03.43,02.79]	40(0.6866841733155296):A100,31.00,[100.00,09.82,09.82]	45(0.9783206404748549):A100,32.80,[100.00,02.17,03.90]	
0(0.8314349031452123):A100,32.00,[100.00,05.28,04.73]	5(0.9965134892380509):A100,32.70,[100.00,00.77,00.00]	10(0.9671905203290764):A100,33.20,[100.00,07.21,03.28]	15(0.9143424781660106):A100,32.50,[100.00,01.54,14.16]	20(0.5533202371270889):A100,30.50,[100.00,08.91,08.91]	25(0.9989946555812513):A100,34.90,[100.00,00.22,00.18]	30(0.907291934180138):A100,35.60,[100.00,01.89,09.27]	35(0.9843919615789296):A100,34.10,[100.00,03.43,02.79]	40(0.6866841733155296):A100,31.50,[100.00,09.82,09.82]	45(0.9783206404748549):A100,33.30,[100.00,02.17,03.90]	
0(0.8314349031452123):A100,32.50,[100.00,05.28,04.73]	5(0.9965134892380509):A100,33.20,[100.00,00.77,00.00]	10(0.9671905203290764):A100,33.70,[100.00,07.21,03.28]	15(0.9143424781660106):A100,33.00,[100.00,01.54,14.16]	20(0.5533202371270889):A100,31.00,[100.00,08.91,08.91]	25(0.9989946555812513):A100,35.40,[100.00,00.22,00.18]	30(0.907291934180138):A100,36.10,[100.00,01.89,09.27]	35(0.9843919615789296):A100,34.60,[100.00,03.43,02.79]	40(0.6866841733155296):A100,32.00,[100.00,09.82,09.82]	45(0.9783206404748549):A100,33.80,[100.00,02.17,03.90]	
0(0.8314349031452123):A100,33.00,[100.00,05.28,04.73]	5(0.9965134892380509):A100,33.70,[100.00,00.77,00.00]	10(0.9671905203290764):A100,34.20,[100.00,07.21,03.28]	15(0.9143424781660106):A100,33.50,[100.00,01.54,14.16]	20(0.5533202371270889):A100,31.50,[100.00,08.91,08.91]	25(0.9989946555812513):A100,35.90,[100.00,00.22,00.18]	30(0.907291934180138):A100,36.60,[100.00,01.89,09.27]	35(0.9843919615789296):A100,35.10,[100.00,03.43,02.79]	40(0.6866841733155296):A100,32.50,[100.00,09.82,09.82]	45(0.9783206404748549):A100,34.30,[100.00,02.17,03.90]	
0(0.8314349031452123):A100,33.50,[100.00,05.28,04.73]	5(0.9965134892380509):A100,34.20,[100.00,00.77,00.00]	10(0.9671905203290764):A100,34.70,[100.00,07.21,03.28]	15(0.9143424781660106):A100,34.00,[100.00,01.54,14.16]	20(0.5533202371270889):A100,32.00,[100.00,08.91,08.91]	25(0.9989946555812513):A100,36.40,[100.00,00.22,00.18]	30(0.907291934180138):A100,37.10,[100.00,01.89,09.27]	35(0.9843919615789296):A100,35.60,[100.00,03.43,02.79]	40(0.6866841733155296):A100,33.00,[100.00,09.82,09.82]	45(0.9783206404748549):A100,34.80,[100.00,02.17,03.90]	
0(0.8314349031452123):A100,34.00,[100.00,05.28,04.73]	5(0.9965134892380509):A100,34.70,[100.00,00.77,00.00]	10(0.9671905203290764):A100,35.20,[100.00,07.21,03.28]	15(0.9143424781660106):A100,34.50,[100.00,01.54,14.16]	20(0.5533202371270889):A100,32.50,[100.00,08.91,08.91]	25(0.9989946555812513):A100,36.90,[100.00,00.22,00.18]	30(0.907291934180138):A100,37.60,[100.00,01.89,09.27]	35(0.9843919615789296):A100,36.10,[100.00,03.43,02.79]	40(0.6866841733155296):A100,33.50,[100.00,09.82,09.82]	45(0.9783206404748549):A100,35.30,[100.00,02.17,03.90]	
0(0.8314349031452123):A100,34.50,[100.00,05.28,04.73]	5(0.9965134892380509):A100,35.20,[100.00,00.77,00.00]	10(0.9671905203290764):A100,35.70,[100.00,07.21,03.28]	15(0.9143424781660106):A100,35.00,[100.00,01.54,14.16]	20(0.5533202371270889):A100,33.00,[100.00,08.91,08.91]	25(0.9989946555812513):A100,37.40,[100.00,00.22,00.18]	30(0.907291934180138):A100,38.10,[100.00,01.89,09.27]	35(0.9843919615789296):A100,36.60,[100.00,03.43,02.79]	40(0.6866841733155296):A100,34.00,[100.00,09.82,09.82]	45(0.9783206404748549):A100,35.80,[100.00,02.17,03.90]	
0(0.8314349031452123):A100,35.00,[100.00,05.28,04.73]	5(0.9965134892380509):A100,35.70,[100.00,00.77,00.00]	10(0.9671905203290764):A100,36.20,[100.00,07.21,03.28]	15(0.9143424781660106):A100,35.50,[100.00,01.54,14.16]	20(0.5533202371270889):A100,33.50,[100.00,08.91,08.91]	25(0.9989946555812513):A100,37.90,[100.00,00.22,00.18]	30(0.907291934180138):A100,38.60,[100.00,01.89,09.27]	35(0.9843919615789296):A100,37.10,[100.00,03.43,02.79]	40(0.6866841733155296):A100,34.50,[100.00,09.82,09.82]	45(0.9783206404748549):A100,36.30,[100.00,02.17,03.90]	
0(0.8314349031452123):A100,35.50,[100.00,05.28,04.73]	5(0.9965134892380509):A100,36.20,[100.00,00.77,00.00]	10(0.9671905203290764):A100,36.70,[100.00,07.21,03.28]	15(0.9143424781660106):A100,36.00,[100.00,01.54,14.16]	20(0.5533202371270889):A100,34.00,[100.00,08.91,08.91]	25(0.9989946555812513):A100,38.40,[100.00,00.22,00.18]	30(0.907291934180138):A100,39.10,[100.00,01.89,09.27]	35(0.9843919615789296):A100,37.60,[100.00,03.43,02.79]	40(0.6866841733155296):A100,35.00,[100.00,09.82,09.82]	45(0.9783206404748549):A100,36.80,[100.00,02.17,03.90]	
0(0.8314349031452123):A100,36.00,[100.00,05.28,04.73]	5(0.9965134892380509):A100,36.70,[100.00,00.77,00.00]	10(0.9671905203290764):A100,37.20,[100.00,07.21,03.28]	15(0.9143424781660106):A100,36.50,[100.00,01.54,14.16]	20(0.5533202371270889):A100,34.50,[100.00,08.91,08.91]	25(0.9989946555812513):A100,38.90,[100.00,00.22,00.18]	30(0.907291934180138):A100,39.60,[100.00,01.89,09.27]	35(0.9843919615789296):A100,38.10,[100.00,03.43,02.79]	40(0.6866841733155296):A100,35.50,[100.00,09.82,09.82]	45(0.9783206404748549):A100,37.30,[100.00,02.17,03.90]	
0(0.8314349031452123):A100,36.50,[100.00,05.28,04.73]	5(0.9965134892380509):A100,37.20,[100.00,00.77,00.00]	10(0.9671905203290764):A100,37.70,[100.00,07.21,03.28]	15(0.9143424781660106):A100,37.00,[100.00,01.54,14.16]	20(0.5533202371270889):A100,35.00,[100.00,08.91,08.91]	25(0.9989946555812513):A100,39.40,[100.00,00.22,00.18]	30(0.907291934180138):A100,40.10,[100.00,01.89,09.27]	35(0.9843919615789296):A100,38.60,[100.00,03.43,02.79]	40(0.6866841733155296):A100,36.00,[100.00,09.82,09.82]	45(0.9783206404748549):A100,37.80,[100.00,02.17,03.90]	
0(0.8314349031452123):A100,37.00,[100.00,05.28,04.73]	5(0.9965134892380509):A100,37.70,[100.00,00.77,00.00]	10(0.9671905203290764):A100,38.20,[100.00,07.21,03.28]	15(0.9143424781660106):A100,37.50,[100.00,01.54,14.16]	20(0.5533202371270889):A100,35.50,[100.00,08.91,08.91]	25(0.9989946555812513):A100,39.90,[100.00,00.22,00.18]	30(0.907291934180138):A100,40.60,[100.00,01.89,09.27]	35(0.9843919615789296):A100,39.10,[100.00,03.43,02.79]	40(0.6866841733155296):A100,36.50,[100.00,09.82,09.82]	45(0.9783206404748549):A100,38.30,[100.00,02.17,03.90]	
0(0.8314349031452123):A100,37.50,[100.00,05.28,04.73]	5(0.9965134892380509):A100,38.20,[100.00,00.77,00.00]	10(0.9671905203290764):A100,38.70,[100.00,07.21,03.28]	15(0.9143424781660106):A100,38.00,[100.00,01.54,14.16]	20(0.5533202371270889):A100,36.00,[100.00,08.91,08.91]	25(0.9989946555812513):A100,40.40,[100.00,00.22,00.18]	30(0.907291934180138):A100,41.10,[100.00,01.89,09.27]	35(0.9843919615789296):A100,39.60,[100.00,03.43,02.79]	40(0.6866841733155296):A100,37.00,[100.00,09.82,09.82]	45(0.9783206404748549):A100,38.80,[100.00,02.17,03.90]	
0(0.8314349031452123):A100,38.00,[100.00,05.28,04.73]	5(0.9965134892380509):A100,38.70,[100.00,00.77,00.00]	10(0.9671905203290764):A100,39.20,[100.00,07.21,03.28]	15(0.9143424781660106):A100,38.50,[100.00,01.54,14.16]	20(0.5533202371270889):A100,36.50,[100.00,08.91,08.91]	25(0.9989946555812513):A100,40.90,[100.00,00.22,00.18]	30(0.907291934180138):A100,41.60,[100.00,01.89,09.27]	35(0.9843919615789296):A100,40.10,[100.00,03.43,02.79]	40(0.6866841733155296):A100,37.50,[100.00,09.82,09.82]	45(0.9783206404748549):A100,39.30,[100.00,02.17,03.90]	
0(0.8314349031452123):A100,38.50,[100.00,05.28,04.73]	5(0.9965134892380509):A100,39.20,[100.00,00.77,00.00]	10(0.9671905203290764):A100,39.70,[100.00,07.21,03.28]	15(0.9143424781660106):A100,39.00,[100.00,01.54,14.16]	20(0.5533202371270889):A100,37.00,[100.00,08.91,08.91]	25(0.9989946555812513):A100,41.40,[100.00,00.22,00.18]	30(0.907291934180138):A100,42.10,[100.00,01.89,09.27]	35(0.9843919615789296):A100,40.60,[100.00,03.43,02.79]	40(0.6866841733155296):A100,38.00,[100.00,09.82,09.82]	45(0.9783206404748549):A100,39.80,[100.00,02.17,03.90]	
0(0.8314349031452123):A100,39.00,[100.00,05.28,04.73]	5(0.9965134892380509):A100,39.70,[100.00,00.77,00.00]	10(0.9671905203290764):A100,40.20,[100.00,07.21,03.28]	15(0.9143424781660106):A100,39.50,[100.00,01.54,14.16]	20(0.5533202371270889):A100,37.50,[100.00,08.91,08.91]	25(0.9989946555812513):A100,41.90,[100.00,00.22,00.18]	30(0.907291934180138):A100,42.60,[100.00,01.89,09.27]	35(0.9843919615789296):A100,41.10,[100.00,03.43,02.79]	40(0.6866841733155296):A100,38.50,[100.00,09.82,09.82]	45(0.9783206404748549):A100,40.30,[100.00,02.17,03.90]	
0(0.8314349031452123):A100,39.50,[100.00,05.28,04.73]	5(0.9965134892380509):A100,40.20,[100.00,00.77,00.00]	10(0.9671905203290764):A100,40.70,[100.00,07.21,03.28]	15(0.9143424781660106):A100,40.00,[100.00,01.54,14.16]	20(0.5533202371270889):A100,38.00,[100.00,08.91,08.91]	25(0.9989946555812513):A100,42.40,[100.00,00.22,00.18]	30(0.907291934180138):A100,43.10,[100.00,01.89,09.27]	35(0.9843919615789296):A100,41.60,[100.00,03.43,02.79]	40(0.6866841733155296):A100,39.00,[100.00,09.82,09.82]	45(0.9783206404748549):B220,41.40,[100.00,215.28,03.90]	
0(0.8314349031452123):A100,40.00,[100.00,05.28,04.73]	5(0.9965134892380509):A100,40.70,[100.00,00.77,00.00]	10(0.9671905203290764):A100,41.20,[100.00,07.21,03.28]	15(0.9143424781660106):A100,40.50,[100.00,01.54,14.16]	20(0.5533202371270889):A100,38.50,[100.00,08.91,08.91]	25(0.9989946555812513):A100,42.90,[100.00,00.22,00.18]	30(0.907291934180138):C180,44.00,[100.00,01.89,164.17]	35(0.9843919615789296):A100,42.10,[100.00,03.43,02.79]	40(0.6866841733155296):A100,39.50,[100.00,09.82,09.82]	45(0.9783206404748549):B000,41.40,[100.00,04.67,03.90]	
0(0.8314349031452123):A100,40.50,[100.00,05.28,04.73]	5(0.9965134892380509):A100,41.20,[100.00,00.77,00.00]	10(0.9671905203290764):A100,41.70,[100.00,07.21,03.28]	15(0.9143424781660106):A100,41.00,[100.00,01.54,14.16]	20(0.5533202371270889):A100,39.00,[100.00,08.91,08.91]	25(0.9989946555812513):A100,43.40,[100.00,00.22,00.18]	30(0.907291934180138):C180,44.90,[100.00,01.89,178.53]	35(0.9843919615789296):A100,42.60,[100.00,03.43,02.79]	40(0.6866841733155296):A100,40.00,[100.00,09.82,09.82]	45(0.9783206404748549):A100,41.90,[100.00,04.67,03.90]	
0(0.8314349031452123):A100,41.00,[100.00,05.28,04.73]	5(0.9965134892380509):A100,41.70,[100.00,00.77,00.00]	10(0.9671905203290764):A100,42.20,[100.00,07.21,03.28]	15(0.9143424781660106):A100,41.50,[100.00,01.54,14.16]	20(0.5533202371270889):A100,39.50,[100.00,08.91,08.91]	25(0.9989946555812513):A100,43.90,[100.00,00.22,00.18]	30(0.907291934180138):C180,45.80,[100.00,01.89,179.86]	35(0.9843919615789296):A100,43.10,[100.00,03.43,02.79]	40(0.6866841733155296):A100,40.50,[100.00,09.82,09.82]	45(0.9783206404748549):A100,42.40,[100.00,04.67,03.90]	
0(0.8314349031452123):A100,41.50,[100.00,05.28,04.73]	5(0.9965134892380509):A100,42.20,[100.00,00.77,00.00]	10(0.9671905203290764):A100,42.70,[100.00,07.21,03.28]	15(0.9143424781660106):A100,42.00,[100.00,01.54,14.16]	20(0.5533202371270889):A100,40.00,[100.00,08.91,08.91]	25(0.9989946555812513):A100,44.40,[100.00,00.22,00.18]	30(0.907291934180138):C000,45.80,[100.00,01.89,16.67]	35(0.9843919615789296):C180,44.00,[100.00,03.43,177.23]	40(0.6866841733155296):A100,41.00,[100.00,09.82,09.82]	45(0.9783206404748549):A100,42.90,[100.00,04.67,03.90]	
0(0.8314349031452123):A100,42.00,[100.00,05.28,04.73]	5(0.9965134892380509):C000,42.20,[100.00,00.77,00.00]	10(0.9671905203290764):A100,43.20,[100.00,07.21,03.28]	15(0.9143424781660106):A100,42.50,[100.00,01.54,14.16]	20(0.5533202371270889):A100,40.50,[100.00,08.91,08.91]	25(0.9989946555812513):A100,44.90,[100.00,00.22,00.18]	30(0.907291934180138):A100,46.30,[100.00,01.89,16.67]	35(0.9843919615789296):C180,44.90,[100.00,03.43,179.96]	40(0.6866841733155296):A100,41.50,[100.00,09.82,09.82]	45(0.9783206404748549):A100,43.40,[100.00,04.67,03.90]	
0(0.8314349031452123):A100,42.50,[100.00,05.28,04.73]	5(0.9965134892380509):A100,42.70,[100.00,00.77,00.00]	10(0.9671905203290764):A100,43.70,[100.00,07.21,03.28]	15(0.9143424781660106):A100,43.00,[100.00,01.54,14.16]	20(0.5533202371270889):A100,41.00,[100.00,08.91,08.91]	25(0.9989946555812513):A100,45.40,[100.00,00.22,00.18]	30(0.907291934180138):A100,46.80,[100.00,01.89,16.67]	35(0.9843919615789296):C000,44.90,[100.00,03.43,02.81]	40(0.6866841733155296):A100,42.00,[100.00,09.82,09.82]	45(0.9783206404748549):A100,43.90,[100.00,04.67,03.90]	
0(0.8314349031452123):A100,43.00,[100.00,05.28,04.73]	5(0.9965134892380509):A100,43.20,[100.00,00.77,00.00]	10(0.9671905203290764):A100,44.20,[100.00,07.21,03.28]	15(0.9143424781660106):A100,43.50,[100.00,01.54,14.16]	20(0.5533202371270889):A100,41.50,[100.00,08.91,08.91]	25(0.9989946555812513):A100,45.90,[100.00,00.22,00.18]	30(0.907291934180138):A100,47.30,[100.00,01.89,16.67]	35(0.9843919615789296):A100,45.40,[100.00,03.43,02.81]	40(0.6866841733155296):A100,42.50,[100.00,09.82,09.82]	45(0.9783206404748549):A100,44.40,[100.00,04.67,03.90]	
0(0.8314349031452123):A100,43.50,[100.00,05.28,04.73]	5(0.9965134892380509):A100,43.70,[100.00,00.77,00.00]	10(0.9671905203290764):A100,44.70,[100.00,07.21,03.28]	15(0.9143424781660106):A100,44.00,[100.00,01.54,14.16]	20(0.5533202371270889):A100,42.00,[100.00,08.91,08.91]	25(0.9989946555812513):A100,46.40,[100.00,00.22,00.18]	30(0.907291934180138):A100,47.80,[100.00,01.89,16.67]	35(0.9843919615789296):A100,45.90,[100.00,03.43,02.81]	40(0.6866841733155296):A100,43.00,[100.00,09.82,09.82]	45(0.9783206404748549):A100,44.90,[100.00,04.67,03.90]	
0(0.8314349031452123):A100,44.00,[100.00,05.28,04.73]	5(0.9965134892380509):A100,44.20,[100.00,00.77,00.00]	10(0.9671905203290764):A100,45.20,[100.00,07.21,03.28]	15(0.9143424781660106):A100,44.50,[100.00,01.54,14.16]	20(0.5533202371270889):A100,42.50,[100.00,08.91,08.91]	25(0.9989946555812513):B220,47.50,[100.00,219.78,00.18]	30(0.907291934180138):A100,48.30,[100.00,01.89,16.67]	35(0.9843919615789296):A100,46.40,[100.00,03.43,02.81]	40(0.6866841733155296):A100,43.50,[100.00,09.82,09.82]	45(0.9783206404748549):A100,45.40,[100.00,04.67,03.90]	
0(0.8314349031452123):A100,44.50,[100.00,05.28,04.73]	5(0.9965134892380509):A100,44.70,[100.00,00.77,00.00]	10(0.9671905203290764):A100,45.70,[100.00,07.21,03.28]	15(0.9143424781660106):A100,45.00,[100.00,01.54,14.16]	20(0.5533202371270889):A100,43.00,[100.00,08.91,08.91]	25(0.9989946555812513):B000,47.50,[100.00,00.22,00.18]	30(0.907291934180138):A100,48.80,[100.00,01.89,16.67]	35(0.9843919615789296):A100,46.90,[100.00,03.43,02.81]	40(0.6866841733155296):A100,44.00,[100.00,09.82,09.82]	45(0.9783206404748549):A100,45.90,[100.00,04.67,03.90]	
0(0.8314349031452123):A100,45.00,[100.00,05.28,04.73]	5(0.9965134892380509):B220,45.80,[100.00,219.24,00.00]	10(0.9671905203290764):A100,46.20,[100.00,07.21,03.28]	15(0.9143424781660106):A100,45.50,[100.00,01.54,14.16]	20(0.5533202371270889):A100,43.50,[100.00,08.91,08.91]	25(0.9989946555812513):A100,48.00,[100.00,00.22,00.18]	30(0.907291934180138):A100,49.30,[100.00,01.89,16.67]	35(0.9843919615789296):A100,47.40,[100.00,03.43,02.81]	40(0.6866841733155296):A100,44.50,[100.00,09.82,09.82]	45(0.9783206404748549):A100,46.40,[100.00,04.67,03.90]	
0(0.8314349031452123):A100,45.50,[100.00,05.28,04.73]	5(0.9965134892380509):B000,45.80,[100.00,00.76,00.00]	10(0.9671905203290764):A100,46.70,[100.00,07.21,03.28]	15(0.9143424781660106):A100,46.00,[100.00,01.54,14.16]	20(0.5533202371270889):A100,44.00,[100.00,08.91,08.91]	25(0.9989946555812513):A100,48.50,[100.00,00.22,00.18]	30(0.907291934180138):A100,49.80,[100.00,01.89,16.67]	35(0.9843919615789296):A100,47.90,[100.00,03.43,02.81]	40(0.6866841733155296):A100,45.00,[100.00,09.82,09.82]	45(0.9783206404748549):A100,46.90,[100.00,04.67,03.90]	
0(0.8314349031452123):A100,46.00,[100.00,05.28,04.73]	5(0.9965134892380509):A100,46.30,[100.00,00.76,00.00]	10(0.9671905203290764):A100,47.20,[100.00,07.21,03.28]	15(0.9143424781660106):A100,46.50,[100.00,01.54,14.16]	20(0.5533202371270889):A100,44.50,[100.00,08.91,08.91]	25(0.9989946555812513):A100,49.00,[100.00,00.22,00.18]	30(0.907291934180138):A100,50.30,[100.00,01.89,16.67]	35(0.9843919615789296):A100,48.40,[100.00,03.43,02.81]	40(0.6866841733155296):A100,45.50,[100.00,09.82,09.82]	45(0.9783206404748549):A100,47.40,[100.00,04.67,03.90]	
0(0.8314349031452123):A100,46.50,[100.00,05.28,04.73]	5(0.9965134892380509):A100,46.80,[100.00,00.76,00.00]	10(0.9671905203290764):A100,47.70,[100.00,07.21,03.28]	15(0.9143424781660106):A100,47.00,[100.00,01.54,14.16]	20(0.5533202371270889):A100,45.00,[100.00,08.91,08.91]	25(0.9989946555812513):A100,49.50,[100.00,00.22,00.18]	30(0.907291934180138):A100,50.80,[100.00,01.89,16.67]	35(0.9843919615789296):A100,48.90,[100.00,03.43,02.81]	40(0.6866841733155296):A100,46.00,[100.00,09.82,09.82]	45(0.9783206404748549):A100,47.90,[100.00,04.67,03.90]	
0(0.8314349031452123):A100,47.00,[100.00,05.28,04.73]	5(0.9965134892380509):A100,47.30,[100.00,00.76,00.00]	10(0.9671905203290764):A100,48.20,[100.00,07.21,03.28]	15(0.9143424781660106):C000,47.00,[100.00,01.54,01.21]	20(0.5533202371270889):A100,45.50,[100.00,08.91,08.91]	25(0.9989946555812513):A100,50.00,[100.00,00.22,00.18]	30(0.907291934180138):A100,51.30,[100.00,01.89,16.67]	35(0.9843919615789296):A100,49.40,[100.00,03.43,02.81]	40(0.6866841733155296):A100,46.50,[100.00,09.82,09.82]	45(0.9783206404748549):A100,48.40,[100.00,04.67,03.90]	
0(0.8314349031452123):A100,47.50,[100.00,05.28,04.73]	5(0.9965134892380509):A100,47.80,[100.00,00.76,00.00]	10(0.9671905203290764):A100,48.70,[100.00,07.21,03.28]	15(0.9143424781660106):A100,47.50,[100.00,01.54,01.21]	20(0.5533202371270889):A100,46.00,[100.00,08.91,08.91]	25(0.9989946555812513):A100,50.50,[100.00,00.22,00.18]	30(0.907291934180138):A100,51.80,[100.00,01.89,16.67]	35(0.9843919615789296):A100,49.90,[100.00,03.43,02.81]	40(0.6866841733155296):A100,47.00,[100.00,09.82,09.82]	45(0.9783206404748549):A100,48.90,[100.00,04.67,03.90]	
0(0.8314349031452123):A100,48.00,[100.00,05.28,04.73]	5(0.9965134892380509):A100,48.30,[100.00,00.76,00.00]	10(0.9671905203290764):A100,49.20,[100.00,07.21,03.28]	15(0.9143424781660106):A100,48.00,[100.00,01.54,01.21]	20(0.5533202371270889):A100,46.50,[100.00,08.91,08.91]	25(0.9989946555812513):A100,51.00,[100.00,00.22,00.18]	30(0.907291934180138):A100,52.30,[100.00,01.89,16.67]	35(0.9843919615789296):A100,50.40,[100.00,03.43,02.81]	40(0.6866841733155296):A100,47.50,[100.00,09.82,09.82]	45(0.9783206404748549):A100,49.40,[100.00,04.67,03.90]	
0(0.8314349031452123):A100,48.50,[100.00,05.28,04.73]	5(0.9965134892380509):A100,48.80,[100.00,00.76,00.00]	10(0.9671905203290764):A100,49.70,[100.00,07.21,03.28]	15(0.9143424781660106):A100,48.50,[100.00,01.54,01.21]	20(0.5533202371270889):A100,47.00,[100.00,08.91,08.91]	25(0.9989946555812513):A100,51.50,[100.00,00.22,00.18]	30(0.907291934180138):A100,52.80,[100.00,01.89,16.67]	35(0.9843919615789296):A100,50.90,[100.00,03.43,02.81]	40(0.6866841733155296):A100,48.00,[100.00,09.82,09.82]	45(0.9783206404748549):A100,49.90,[100.00,04.67,03.90]	
0(0.8314349031452123):A100,49.00,[100.00,05.28,04.73]	5(0.9965134892380509):A100,49.30,[100.00,00.76,00.00]	10(0.9671905203290764):A100,50.20,[100.00,07.21,03.28]	15(0.9143424781660106):A100,49.00,[100.00,01.54,01.21]	20(0.5533202371270889):A100,47.50,[100.00,08.91,08.91]	25(0.9989946555812513):A100,52.00,[100.00,00.22,00.18]	30(0.907291934180138):A100,53.30,[100.00,01.89,16.67]	35(0.9843919615789296):A100,51.40,[100.00,03.43,02.81]	40(0.6866841733155296):A100,48.50,[100.00,09.82,09.82]	45(0.9783206404748549):A100,50.40,[100.00,04.67,03.90]	
0(0.8314349031452123):A100,49.50,[100.00,05.28,04.73]	5(0.9965134892380509):A100,49.80,[100.00,00.76,00.00]	10(0.9671905203290764):A100,50.70,[100.00,07.21,03.28]	15(0.9143424781660106):A100,49.50,[100.00,01.54,01.21]	20(0.5533202371270889):A100,48.00,[100.00,08.91,08.91]	25(0.9989946555812513):A100,52.50,[100.00,00.22,00.18]	30(0.907291934180138):A100,53.80,[100.00,01.89,16.67]	35(0.9843919615789296):A100,51.90,[100.00,03.43,02.81]	40(0.6866841733155296):A100,49.00,[100.00,09.82,09.82]	45(0.9783206404748549):A100,50.90,[100.00,04.67,03.90]	
0(0.8314349031452123):A100,50.00,[100.00,05.28,04.73]	5(0.9965134892380509):A100,50.30,[100.00,00.76,00.00]	10(0.9671905203290764):A100,51.20,[100.00,07.21,03.28]	15(0.9143424781660106):A100,50.00,[100.00,01.54,01.21]	20(0.5533202371270889):A100,48.50,[100.00,08.91,08.91]	25(0.9989946555812513):A100,53.00,[100.00,00.22,00.18]	30(0.907291934180138):A100,54.30,[100.00,01.89,16.67]	35(0.9843919615789296):A100,52.40,[100.00,03.43,02.81]	40(0.6866841733155296):A100,49.50,[100.00,09.82,09.82]	45(0.9783206404748549):A100,51.40,[100.00,04.67,03.90]	
0(0.8314349031452123):A100,50.50,[100.00,05.28,04.73]	5(0.9965134892380509):A100,50.80,[100.00,00.76,00.00]	10(0.9671905203290764):A100,51.70,[100.00,07.21,03.28]	15(0.9143424781660106):A100,50.50,[100.00,01.54,01.21]	20(0.5533202371270889):A100,49.00,[100.00,08.91,08.91]	25(0.9989946555812513):A100,53.50,[100.00,00.22,00.18]	30(0.907291934180138):A100,54.80,[100.00,01.89,16.67]	35(0.9843919615789296):A100,52.90,[100.00,03.43,02.81]	40(0.6866841733155296):A100,50.00,[100.00,09.82,09.82]	45(0.9783206404748549):A100,51.90,[100.00,04.67,03.90]	
0(0.8314349031452123):A100,51.00,[100.00,05.28,04.73]	5(0.9965134892380509):A100,51.30,[100.00,00.76,00.00]	10(0.9671905203290764):A100,52.20,[100.00,07.21,03.28]	15(0.9143424781660106):A100,51.00,[100.00,01.54,01.21]	20(0.5533202371270889):A100,49.50,[100.00,08.91,08.91]	25(0.9989946555812513):A100,54.00,[100.00,00.22,00.18]	30(0.907291934180138):A100,55.30,[100.00,01.89,16.67]	35(0.9843919615789296):A100,53.40,[100.00,03.43,02.81]	40(0.6866841733155296):A100,50.50,[100.00,09.82,09.82]	45(0.9783206404748549):A100,52.40,[100.00,04.67,03.90]	
0(0.8314349031452123):A100,51.50,[100.00,05.28,04.73]	5(0.9965134892380509):A100,51.80,[100.00,00.76,00.00]	10(0.9671905203290764):A100,52.70,[100.00,07.21,03.28]	15(0.9143424781660106):A100,51.50,[100.00,01.54,01.21]	20(0.5533202371270889):A100,50.00,[100.00,08.91,08.91]	25(0.9989946555812513):C000,54.00,[100.00,00.22,00.00]	30(0.907291934180138):A100,55.80,[100.00,01.89,16.67]	35(0.9843919615789296):A100,53.90,[100.00,03.43,02.81]	40(0.6866841733155296):A100,51.00,[100.00,09.82,09.82]	45(0.9783206404748549):A100,52.90,[100.00,04.67,03.90]	
0(0.8314349031452123):A100,52.00,[100.00,05.28,04.73]	5(0.9965134892380509):A100,52.30,[100.00,00.76,00.00]	10(0.9671905203290764):A100,53.20,[100.00,07.21,03.28]	15(0.9143424781660106):A100,52.00,[100.00,01.54,01.21]	20(0.5533202371270889):A100,50.50,[100.00,08.91,08.91]	25(0.9989946555812513):A100,54.50,[100.00,00.22,00.00]	30(0.907291934180138):A100,56.30,[100.00,01.89,16.67]	35(0.9843919615789296):A100,54.40,[100.00,03.43,02.81]	40(0.6866841733155296):A100,51.50,[100.00,09.82,09.82]	45(0.9783206404748549):A100,53.40,[100.00,04.67,03.90]	
0(0.8314349031452123):A100,52.50,[100.00,05.28,04.73]	5(0.9965134892380509):A100,52.80,[100.00,00.76,00.00]	10(0.9671905203290764):A100,53.70,[100.00,07.21,03.28]	15(0.9143424781660106):A100,52.50,[100.00,01.54,01.21]	20(0.5533202371270889):A100,51.00,[100.00,08.91,08.91]	25(0.9989946555812513):A100,55.00,[100.00,00.22,00.00]	30(0.907291934180138):A100,56.80,[100.00,01.89,16.67]	35(0.9843919615789296):A100,54.90,[100.00,03.43,02.81]	40(0.6866841733155296):A100,52.00,[100.00,09.82,09.82]	45(0.9783206404748549):A100,53.90,[100.00,04.67,03.90]	
0(0.8314349031452123):A100,53.00,[100.00,05.28,04.73]	5(0.9965134892380509):A100,53.30,[100.00,00.76,00.00]	10(0.9671905203290764):A100,54.20,[100.00,07.21,03.28]	15(0.9143424781660106):A100,53.00,[100.00,01.54,01.21]	20(0.5533202371270889):A100,51.50,[100.00,08.91,08.91]	25(0.9989946555812513):A100,55.50,[100.00,00.22,00.00]	30(0.907291934180138):A100,57.30,[100.00,01.89,16.67]	35(0.9843919615789296):A100,55.40,[100.00,03.43,02.81]	40(0.6866841733155296):A100,52.50,[100.00,09.82,09.82]	45(0.9783206404748549):A100,54.40,[100.00,04.67,03.90]	
0(0.8314349031452123):A100,53.50,[100.00,05.28,04.73]	5(0.9965134892380509):A100,53.80,[100.00,00.76,00.00]	10(0.9671905203290764):A100,54.70,[100.00,07.21,03.28]	15(0.9143424781660106):A100,53.50,[100.00,01.54,01.21]	20(0.5533202371270889):A100,52.00,[100.00,08.91,08.91]	25(0.9989946555812513):A100,56.00,[100.00,00.22,00.00]	30(0.907291934180138):A100,57.80,[100.00,01.89,16.67]	35(0.9843919615789296):A100,55.90,[100.00,03.43,02.81]	40(0.6866841733155296):A100,53.00,[100.00,09.82,09.82]	45(0.9783206404748549):A100,54.90,[100.00,04.67,03.90]	
0(0.8314349031452123):A100,54.00,[100.00,05.28,04.73]	5(0.9965134892380509):A100,54.30,[100.00,00.76,00.00]	10(0.9671905203290764):A100,55.20,[100.00,07.21,03.28]	15(0.9143424781660106):A100,54.00,[100.00,01.54,01.21]	20(0.5533202371270889):A100,52.50,[100.00,08.91,08.91]	25(0.9989946555812513):A100,56.50,[100.00,00.22,00.00]	30(0.907291934180138):A100,58.30,[100.00,01.89,16.67]	35(0.9843919615789296):A100,56.40,[100.00,03.43,02.81]	40(0.6866841733155296):A100,53.50,[100.00,09.82,09.82]	45(0.9783206404748549):A100,55.40,[100.00,04.67,03.90]	
0(0.8314349031452123):A100,54.50,[100.00,05.28,04.73]	5(0.9965134892380509):A100,54.80,[100.00,00.76,00.00]	10(0.9671905203290764):A100,55.70,[100.00,07.21,03.28]	15(0.9143424781660106):A100,54.50,[100.00,01.54,01.21]	20(0.5533202371270889):A100,53.00,[100.00,08.91,08.91]	25(0.9989946555812513):A100,57.00,[100.00,00.22,00.00]	30(0.907291934180138):A100,58.80,[100.00,01.89,16.67]	35(0.9843919615789296):A100,56.90,[100.00,03.43,02.81]	40(0.6866841733155296):A100,54.00,[100.00,09.82,09.82]	45(0.9783206404748549):A100,55.90,[100.00,04.67,03.90]	
0(0.8314349031452123):A100,55.00,[100.00,05.28,04.73]	5(0.9965134892380509):A100,55.30,[100.00,00.76,00.00]	10(0.9671905203290764):A100,56.20,[100.00,07.21,03.28]	15(0.9143424781660106):A100,55.00,[100.00,01.54,01.21]	20(0.5533202371270889):A100,53.50,[100.00,08.91,08.91]	25(0.9989946555812513):A100,57.50,[100.00,00.22,00.00]	30(0.907291934180138):A100,59.30,[100.00,01.89,16.67]	35(0.9843919615789296):A100,57.40,[100.00,03.43,02.81]	40(0.6866841733155296):A100,54.50,[100.00,09.82,09.82]	45(0.9783206404748549):A100,56.40,[100.00,04.67,03.90]	
0(0.8314349031452123):A100,55.50,[100.00,05.28,04.73]	5(0.9965134892380509):A100,55.80,[100.00,00.76,00.00]	10(0.9671905203290764):A100,56.70,[100.00,07.21,03.28]	15(0.9143424781660106):A100,55.50,[100.00,01.54,01.21]	20(0.5533202371270889):B220,54.60,[100.00,125.71,08.91]	25(0.9989946555812513):A100,58.00,[100.00,00.22,00.00]	30(0.907291934180138):A100,59.80,[100.00,01.89,16.67]	35(0.9843919615789296):C000,57.40,[100.00,03.43,00.04]	40(0.6866841733155296):A100,55.00,[100.00,09.82,09.82]	45(0.9783206404748549):A100,56.90,[100.00,04.67,03.90]	
0(0.8314349031452123):A100,56.00,[100.00,05.28,04.73]	5(0.9965134892380509):A100,56.30,[100.00,00.76,00.00]	10(0.9671905203290764):A100,57.20,[100.00,07.21,03.28]	15(0.9143424781660106):A100,56.00,[100.00,01.54,01.21]	20(0.5533202371270889):B220,55.70,[100.00,177.88,08.91]	25(0.9989946555812513):A100,58.50,[100.00,00.22,00.00]	30(0.907291934180138):A100,60.30,[100.00,01.89,16.67]	35(0.9843919615789296):A100,57.90,[100.00,03.43,00.04]	40(0.6866841733155296):A100,55.50,[100.00,09.82,09.82]	45(0.9783206404748549):A100,57.40,[100.00,04.67,03.90]	
0(0.8314349031452123):A100,56.50,[100.00,05.28,04.73]	5(0.9965134892380509):C000,56.30,[100.00,00.76,00.00]	10(0.9671905203290764):A100,57.70,[100.00,07.21,03.28]	15(0.9143424781660106):A100,56.50,[100.00,01.54,01.21]	20(0.5533202371270889):B000,55.70,[100.00,79.46,08.91]	25(0.9989946555812513):A100,59.00,[100.00,00.22,00.00]	30(0.907291934180138):A100,60.80,[100.00,01.89,16.67]	35(0.9843919615789296):A100,58.40,[100.00,03.43,00.04]	40(0.6866841733155296):A100,56.00,[100.00,09.82,09.82]	45(0.9783206404748549):A100,57.90,[100.00,04.67,03.90]	
0(0.8314349031452123):A100,57.00,[100.00,05.28,04.73]	5(0.9965134892380509):A100,56.80,[100.00,00.76,00.00]	10(0.9671905203290764):A100,58.20,[100.00,07.21,03.28]	15(0.9143424781660106):A100,57.00,[100.00,01.54,01.21]	20(0.5533202371270889):A100,56.20,[100.00,79.46,08.91]	25(0.9989946555812513):A100,59.50,[100.00,00.22,00.00]	30(0.907291934180138):A100,61.30,[100.00,01.89,16.67]	35(0.9843919615789296):A100,58.90,[100.00,03.43,00.04]	40(0.6866841733155296):A100,56.50,[100.00,09.82,09.82]	45(0.9783206404748549):A100,58.40,[100.00,04.67,03.90]	
0(0.8314349031452123):A100,57.50,[100.00,05.28,04.73]	5(0.9965134892380509):A100,57.30,[100.00,00.76,00.00]	10(0.9671905203290764):A100,58.70,[100.00,07.21,03.28]	15(0.9143424781660106):A100,57.50,[100.00,01.54,01.21]	20(0.5533202371270889):A100,56.70,[100.00,79.46,08.91]	25(0.9989946555812513):A100,60.00,[100.00,00.22,00.00]	30(0.907291934180138):A100,61.80,[100.00,01.89,16.67]	35(0.9843919615789296):A100,59.40,[100.00,03.43,00.04]	40(0.6866841733155296):A100,57.00,[100.00,09.82,09.82]	45(0.9783206404748549):C180,59.30,[100.00,04.67,176.18]	
0(0.8314349031452123):A100,58.00,[100.00,05.28,04.73]	5(0.9965134892380509):A100,57.80,[100.00,00.76,00.00]	10(0.9671905203290764):A100,59.20,[100.00,07.21,03.28]	15(0.9143424781660106):A100,58.00,[100.00,01.54,01.21]	20(0.5533202371270889):B000,56.70,[100.00,35.49,08.91]	25(0.9989946555812513):A100,60.50,[100.00,00.22,00.00]	30(0.907291934180138):A100,62.30,[100.00,01.89,16.67]	35(0.9843919615789296):A100,59.90,[100.00,03.43,00.04]	40(0.6866841733155296):A100,57.50,[100.00,09.82,09.82]	45(0.9783206404748549):C180,60.20,[100.00,04.67,179.92]	
0(0.8314349031452123):A100,58.50,[100.00,05.28,04.73]	5(0.9965134892380509):A100,58.30,[100.00,00.76,00.00]	10(0.9671905203290764):A100,59.70,[100.00,07.21,03.28]	15(0.9143424781660106):A100,58.50,[100.00,01.54,01.21]	20(0.5533202371270889):A100,57.20,[100.00,35.49,08.91]	25(0.9989946555812513):A100,61.00,[100.00,00.22,00.00]	30(0.907291934180138):A100,62.80,[100.00,01.89,16.67]	35(0.9843919615789296):A100,60.40,[100.00,03.43,00.04]	40(0.6866841733155296):A100,58.00,[100.00,09.82,09.82]	45(0.9783206404748549):C180,61.10,[100.00,04.67,180.00]	
0(0.8314349031452123):A100,59.00,[100.00,05.28,04.73]	5(0.9965134892380509):A100,58.80,[100.00,00.76,00.00]	10(0.9671905203290764):A100,60.20,[100.00,07.21,03.28]	15(0.9143424781660106):A100,59.00,[100.00,01.54,01.21]	20(0.5533202371270889):A100,57.70,[100.00,35.49,08.91]	25(0.9989946555812513):A100,61.50,[100.00,00.22,00.00]	30(0.907291934180138):A100,63.30,[100.00,01.89,16.67]	35(0.9843919615789296):A100,60.90,[100.00,03.43,00.04]	40(0.6866841733155296):A100,58.50,[100.00,09.82,09.82]	45(0.9783206404748549):C000,61.10,[100.00,04.67,03.90]	
0(0.8314349031452123):A100,59.50,[100.00,05.28,04.73]	5(0.9965134892380509):A100,59.30,[100.00,00.76,00.00]	10(0.9671905203290764):A100,60.70,[100.00,07.21,03.28]	15(0.9143424781660106):A100,59.50,[100.00,01.54,01.21]	20(0.5533202371270889):A100,58.20,[100.00,35.49,08.91]	25(0.9989946555812513):A100,62.00,[100.00,00.22,00.00]	30(0.907291934180138):A100,63.80,[100.00,01.89,16.67]	35(0.9843919615789296):A100,61.40,[100.00,03.43,00.04]	40(0.6866841733155296):A100,59.00,[100.00,09.82,09.82]	45(0.9783206404748549):A100,61.60,[100.00,04.67,03.90]	
0(0.8314349031452123):A100,60.00,[100.00,05.28,04.73]	5(0.9965134892380509):A100,59.80,[100.00,00.76,00.00]	10(0.9671905203290764):A100,61.20,[100.00,07.21,03.28]	15(0.9143424781660106):A100,60.00,[100.00,01.54,01.21]	20(0.5533202371270889):A100,58.70,[100.00,35.49,08.91]	25(0.9989946555812513):A100,62.50,[100.00,00.22,00.00]	30(0.907291934180138):A100,64.30,[100.00,01.89,16.67]	35(0.9843919615789296):A100,61.90,[100.00,03.43,00.04]	40(0.6866841733155296):A100,59.50,[100.00,09.82,09.82]	45(0.9783206404748549):A100,62.10,[100.00,04.67,03.90]	
0(0.8314349031452123):A100,60.50,[100.00,05.28,04.73]	5(0.9965134892380509):A100,60.30,[100.00,00.76,00.00]	10(0.9671905203290764):A100,61.70,[100.00,07.21,03.28]	15(0.9143424781660106):A100,60.50,[100.00,01.54,01.21]	20(0.5533202371270889):A100,59.20,[100.00,35.49,08.91]	25(0.9989946555812513):A100,63.00,[100.00,00.22,00.00]	30(0.907291934180138):A100,64.80,[100.00,01.89,16.67]	35(0.9843919615789296):A100,62.40,[100.00,03.43,00.04]	40(0.6866841733155296):A100,60.00,[100.00,09.82,09.82]	45(0.9783206404748549):A100,62.60,[100.00,04.67,03.90]	
0(0.8314349031452123):A100,61.00,[100.00,05.28,04.73]	5(0.9965134892380509):A100,60.80,[100.00,00.76,00.00]	10(0.9671905203290764):A100,62.20,[100.00,07.21,03.28]	15(0.9143424781660106):A100,61.00,[100.00,01.54,01.21]	20(0.5533202371270889):A100,59.70,[100.00,35.49,08.91]	25(0.9989946555812513):A100,63.50,[100.00,00.22,00.00]	30(0.907291934180138):A100,65.30,[100.00,01.89,16.67]	35(0.9843919615789296):A100,62.90,[100.00,03.43,00.04]	40(0.6866841733155296):A100,60.50,[100.00,09.82,09.82]	45(0.9783206404748549):A100,63.10,[100.00,04.67,03.90]	
0(0.8314349031452123):A100,61.50,[100.00,05.28,04.73]	5(0.9965134892380509):A100,61.30,[100.00,00.76,00.00]	10(0.9671905203290764):A100,62.70,[100.00,07.21,03.28]	15(0.9143424781660106):A100,61.50,[100.00,01.54,01.21]	20(0.5533202371270889):A100,60.20,[100.00,35.49,08.91]	25(0.9989946555812513):A100,64.00,[100.00,00.22,00.00]	30(0.907291934180138):A100,65.80,[100.00,01.89,16.67]	35(0.9843919615789296):A100,63.40,[100.00,03.43,00.04]	40(0.6866841733155296):A100,61.00,[100.00,09.82,09.82]	45(0.9783206404748549):A100,63.60,[100.00,04.67,03.90]	
0(0.8314349031452123):A100,62.00,[100.00,05.28,04.73]	5(0.9965134892380509):A100,61.80,[100.00,00.76,00.00]	10(0.9671905203290764):A100,63.20,[100.00,07.21,03.28]	15(0.9143424781660106):A100,62.00,[100.00,01.54,01.21]	20(0.5533202371270889):A100,60.70,[100.00,35.49,08.91]	25(0.9989946555812513):A100,64.50,[100.00,00.22,00.00]	30(0.907291934180138):A100,66.30,[100.00,01.89,16.67]	35(0.9843919615789296):A100,63.90,[100.00,03.43,00.04]	40(0.6866841733155296):A100,61.50,[100.00,09.82,09.82]	45(0.9783206404748549):A100,64.10,[100.00,04.67,03.90]	
0(0.8314349031452123):A100,62.50,[100.00,05.28,04.73]	5(0.9965134892380509):A100,62.30,[100.00,00.76,00.00]	10(0.9671905203290764):A100,63.70,[100.00,07.21,03.28]	15(0.9143424781660106):A100,62.50,[100.00,01.54,01.21]	20(0.5533202371270889):A100,61.20,[100.00,35.49,08.91]	25(0.9989946555812513):A100,65.00,[100.00,00.22,00.00]	30(0.907291934180138):A100,66.80,[100.00,01.89,16.67]	35(0.9843919615789296):A100,64.40,[100.00,03.43,00.04]	40(0.6866841733155296):A100,62.00,[100.00,09.82,09.82]	45(0.9783206404748549):A100,64.60,[100.00,04.67,03.90]	
0(0.8314349031452123):A100,63.00,[100.00,05.28,04.73]	5(0.9965134892380509):A100,62.80,[100.00,00.76,00.00]	10(0.9671905203290764):A100,64.20,[100.00,07.21,03.28]	15(0.9143424781660106):A100,63.00,[100.00,01.54,01.21]	20(0.5533202371270889):A100,61.70,[100.00,35.49,08.91]	25(0.9989946555812513):A100,65.50,[100.00,00.22,00.00]	30(0.907291934180138):A100,67.30,[100.00,01.89,16.67]	35(0.9843919615789296):A100,64.90,[100.00,03.43,00.04]	40(0.6866841733155296):A100,62.50,[100.00,09.82,09.82]	45(0.9783206404748549):A100,65.10,[100.00,04.67,03.90]	
0(0.8314349031452123):A100,63.50,[100.00,05.28,04.73]	5(0.9965134892380509):A100,63.30,[100.00,00.76,00.00]	10(0.9671905203290764):A100,64.70,[100.00,07.21,03.28]	15(0.9143424781660106):A100,63.50,[100.00,01.54,01.21]	20(0.5533202371270889):A100,62.20,[100.00,35.49,08.91]	25(0.9989946555812513):A100,66.00,[100.00,00.22,00.00]	30(0.907291934180138):A100,67.80,[100.00,01.89,16.67]	35(0.9843919615789296):A100,65.40,[100.00,03.43,00.04]	40(0.6866841733155296):A100,63.00,[100.00,09.82,09.82]	45(0.9783206404748549):A100,65.60,[100.00,04.67,03.90]	
0(0.8314349031452123):A100,64.00,[100.00,05.28,04.73]	5(0.9965134892380509):A100,63.80,[100.00,00.76,00.00]	10(0.9671905203290764):A100,65.20,[100.00,07.21,03.28]	15(0.9143424781660106):A100,64.00,[100.00,01.54,01.21]	20(0.5533202371270889):A100,62.70,[100.00,35.49,08.91]	25(0.9989946555812513):A100,66.50,[100.00,00.22,00.00]	30(0.907291934180138):A100,68.30,[100.00,01.89,16.67]	35(0.9843919615789296):A100,65.90,[100.00,03.43,00.04]	40(0.6866841733155296):A100,63.50,[100.00,09.82,09.82]	45(0.9783206404748549):A100,66.10,[100.00,04.67,03.90]	
0(0.8314349031452123):A100,64.50,[100.00,05.28,04.73]	5(0.9965134892380509):A100,64.30,[100.00,00.76,00.00]	10(0.9671905203290764):A100,65.70,[100.00,07.21,03.28]	15(0.9143424781660106):A100,64.50,[100.00,01.54,01.21]	20(0.5533202371270889):B220,63.80,[100.00,137.58,08.91]	25(0.9989946555812513):A100,67.00,[100.00,00.22,00.00]	30(0.907291934180138):A100,68.80,[100.00,01.89,16.67]	35(0.9843919615789296):A100,66.40,[100.00,03.43,00.04]	40(0.6866841733155296):B000,63.50,[100.00,03.08,09.82]	45(0.9783206404748549):A100,66.60,[100.00,04.67,03.90]	
0(0.8314349031452123):A100,65.00,[100.00,05.28,04.73]	5(0.9965134892380509):A100,64.80,[100.00,00.76,00.00]	10(0.9671905203290764):A100,66.20,[100.00,07.21,03.28]	15(0.9143424781660106):A100,65.00,[100.00,01.54,01.21]	20(0.5533202371270889):B220,64.90,[100.00,183.19,08.91]	25(0.9989946555812513):A100,67.50,[100.00,00.22,00.00]	30(0.907291934180138):A100,69.30,[100.00,01.89,16.67]	35(0.9843919615789296):A100,66.90,[100.00,03.43,00.04]	40(0.6866841733155296):A100,64.00,[100.00,03.08,09.82]	45(0.9783206404748549):A100,67.10,[100.00,04.67,03.90]	
0(0.8314349031452123):A100,65.50,[100.00,05.28,04.73]	5(0.9965134892380509):A100,65.30,[100.00,00.76,00.00]	10(0.9671905203290764):A100,66.70,[100.00,07.21,03.28]	15(0.9143424781660106):A100,65.50,[100.00,01.54,01.21]	20(0.5533202371270889):B220,66.00,[100.00,203.56,08.91]	25(0.9989946555812513):A100,68.00,[100.00,00.22,00.00]	30(0.907291934180138):A100,69.80,[100.00,01.89,16.67]	35(0.9843919615789296):A100,67.40,[100.00,03.43,00.04]	40(0.6866841733155296):A100,64.50,[100.00,03.08,09.82]	45(0.9783206404748549):A100,67.60,[100.00,04.67,03.90]	
0(0.8314349031452123):A100,66.00,[100.00,05.28,04.73]	5(0.9965134892380509):A100,65.80,[100.00,00.76,00.00]	10(0.9671905203290764):A100,67.20,[100.00,07.21,03.28]	15(0.9143424781660106):A100,66.00,[100.00,01.54,01.21]	20(0.5533202371270889):B220,67.10,[100.00,212.65,08.91]	25(0.9989946555812513):A100,68.50,[100.00,00.22,00.00]	30(0.907291934180138):A100,70.30,[100.00,01.89,16.67]	35(0.9843919615789296):A100,67.90,[100.00,03.43,00.04]	40(0.6866841733155296):A100,65.00,[100.00,03.08,09.82]	45(0.9783206404748549):A100,68.10,[100.00,04.67,03.90]	
0(0.8314349031452123):A100,66.50,[100.00,05.28,04.73]	5(0.9965134892380509):A100,66.30,[100.00,00.76,00.00]	10(0.9671905203290764):A100,67.70,[100.00,07.21,03.28]	15(0.9143424781660106):A100,66.50,[100.00,01.54,01.21]	20(0.5533202371270889):B220,68.20,[100.00,216.72,08.91]	25(0.9989946555812513):A100,69.00,[100.00,00.22,00.00]	30(0.907291934180138):A100,70.80,[100.00,01.89,16.67]	35(0.9843919615789296):A100,68.40,[100.00,03.43,00.04]	40(0.6866841733155296):A100,65.50,[100.00,03.08,09.82]	45(0.9783206404748549):A100,68.60,[100.00,04.67,03.90]	
0(0.8314349031452123):A100,67.00,[100.00,05.28,04.73]	5(0.9965134892380509):A100,66.80,[100.00,00.76,00.00]	10(0.9671905203290764):A100,68.20,[100.00,07.21,03.28]	15(0.9143424781660106):A100,67.00,[100.00,01.54,01.21]	20(0.5533202371270889):B220,69.30,[100.00,218.53,08.91]	25(0.9989946555812513):A100,69.50,[100.00,00.22,00.00]	30(0.907291934180138):A100,71.30,[100.00,01.89,16.67]	35(0.9843919615789296):A100,68.90,[100.00,03.43,00.04]	40(0.6866841733155296):A100,66.00,[100.00,03.08,09.82]	45(0.9783206404748549):A100,69.10,[100.00,04.67,03.90]	
0(0.8314349031452123):A100,67.50,[100.00,05.28,04.73]	5(0.9965134892380509):A100,67.30,[100.00,00.76,00.00]	10(0.9671905203290764):A100,68.70,[100.00,07.21,03.28]	15(0.9143424781660106):A100,67.50,[100.00,01.54,01.21]	20(0.5533202371270889):B000,69.30,[100.00,97.61,08.91]	25(0.9989946555812513):A100,70.00,[100.00,00.22,00.00]	30(0.907291934180138):A100,71.80,[100.00,01.89,16.67]	35(0.9843919615789296):A100,69.40,[100.00,03.43,00.04]	40(0.6866841733155296):A100,66.50,[100.00,03.08,09.82]	45(0.9783206404748549):A100,69.60,[100.00,04.67,03.90]	
0(0.8314349031452123):A100,68.00,[100.00,05.28,04.73]	5(0.9965134892380509):A100,67.80,[100.00,00.76,00.00]	10(0.9671905203290764):A100,69.20,[100.00,07.21,03.28]	15(0.9143424781660106):A100,68.00,[100.00,01.54,01.21]	20(0.5533202371270889):A100,69.80,[100.00,97.61,08.91]	25(0.9989946555812513):A100,70.50,[100.00,00.22,00.00]	30(0.907291934180138):A100,72.30,[100.00,01.89,16.67]	35(0.9843919615789296):A100,69.90,[100.00,03.43,00.04]	40(0.6866841733155296):A100,67.00,[100.00,03.08,09.82]	45(0.9783206404748549):A100,70.10,[100.00,04.67,03.90]	
0(0.8314349031452123):A100,68.50,[100.00,05.28,04.73]	5(0.9965134892380509):A100,68.30,[100.00,00.76,00.00]	10(0.9671905203290764):A100,69.70,[100.00,07.21,03.28]	15(0.9143424781660106):A100,68.50,[100.00,01.54,01.21]	20(0.5533202371270889):A100,70.30,[100.00,97.61,08.91]	25(0.9989946555812513):A100,71.00,[100.00,00.22,00.00]	30(0.907291934180138):A100,72.80,[100.00,01.89,16.67]	35(0.9843919615789296):A100,70.40,[100.00,03.43,00.04]	40(0.6866841733155296):A100,67.50,[100.00,03.08,09.82]	45(0.9783206404748549):A100,70.60,[100.00,04.67,03.90]	
0(0.8314349031452123):A100,69.00,[100.00,05.28,04.73]	5(0.9965134892380509):A100,68.80,[100.00,00.76,00.00]	10(0.9671905203290764):A100,70.20,[100.00,07.21,03.28]	15(0.9143424781660106):A100,69.00,[100.00,01.54,01.21]	20(0.5533202371270889):A100,70.80,[100.00,97.61,08.91]	25(0.9989946555812513):A100,71.50,[100.00,00.22,00.00]	30(0.907291934180138):A100,73.30,[100.00,01.89,16.67]	35(0.9843919615789296):A100,70.90,[100.00,03.43,00.04]	40(0.6866841733155296):A100,68.00,[100.00,03.08,09.82]	45(0.9783206404748549):A100,71.10,[100.00,04.67,03.90]	
0(0.8314349031452123):A100,69.50,[100.00,05.28,04.73]	5(0.9965134892380509):A100,69.30,[100.00,00.76,00.00]	10(0.9671905203290764):A100,70.70,[100.00,07.21,03.28]	15(0.9143424781660106):A100,69.50,[100.00,01.54,01.21]	20(0.5533202371270889):B220,71.90,[100.00,165.33,08.91]	25(0.9989946555812513):B220,72.60,[100.00,219.78,00.00]	30(0.907291934180138):A100,73.80,[100.00,01.89,16.67]	35(0.9843919615789296):A100,71.40,[100.00,03.43,00.04]	40(0.6866841733155296):A100,68.50,[100.00,03.08,09.82]	45(0.9783206404748549):A100,71.60,[100.00,04.67,03.90]	
0(0.8314349031452123):A100,70.00,[100.00,05.28,04.73]	5(0.9965134892380509):A100,69.80,[100.00,00.76,00.00]	10(0.9671905203290764):C180,71.60,[100.00,07.21,174.20]	15(0.9143424781660106):A100,70.00,[100.00,01.54,01.21]	20(0.5533202371270889):B220,73.00,[100.00,195.58,08.91]	25(0.9989946555812513):B000,72.60,[100.00,00.22,00.00]	30(0.907291934180138):A100,74.30,[100.00,01.89,16.67]	35(0.9843919615789296):A100,71.90,[100.00,03.43,00.04]	40(0.6866841733155296):A100,69.00,[100.00,03.08,09.82]	45(0.9783206404748549):A100,72.10,[100.00,04.67,03.90]	
0(0.8314349031452123):A100,70.50,[100.00,05.28,04.73]	5(0.9965134892380509):A100,70.30,[100.00,00.76,00.00]	10(0.9671905203290764):C000,71.60,[100.00,07.21,05.72]	15(0.9143424781660106):A100,70.50,[100.00,01.54,01.21]	20(0.5533202371270889):B000,73.00,[100.00,87.36,08.91]	25(0.9989946555812513):A100,73.10,[100.00,00.22,00.00]	30(0.907291934180138):A100,74.80,[100.00,01.89,16.67]	35(0.9843919615789296):A100,72.40,[100.00,03.43,00.04]	40(0.6866841733155296):A100,69.50,[100.00,03.08,09.82]	45(0.9783206404748549):A100,72.60,[100.00,04.67,03.90]	
0(0.8314349031452123):A100,71.00,[100.00,05.28,04.73]	5(0.9965134892380509):A100,70.80,[100.00,00.76,00.00]	10(0.9671905203290764):A100,72.10,[100.00,07.21,05.72]	15(0.9143424781660106):A100,71.00,[100.00,01.54,01.21]	20(0.5533202371270889):A100,73.50,[100.00,87.36,08.91]	25(0.9989946555812513):A100,73.60,[100.00,00.22,00.00]	30(0.907291934180138):A100,75.30,[100.00,01.89,16.67]	35(0.9843919615789296):A100,72.90,[100.00,03.43,00.04]	40(0.6866841733155296):A100,70.00,[100.00,03.08,09.82]	45(0.9783206404748549):A100,73.10,[100.00,04.67,03.90]	
0(0.8314349031452123):A100,71.50,[100.00,05.28,04.73]	5(0.9965134892380509):A100,71.30,[100.00,00.76,00.00]	10(0.9671905203290764):A100,72.60,[100.00,07.21,05.72]	15(0.9143424781660106):A100,71.50,[100.00,01.54,01.21]	20(0.5533202371270889):A100,74.00,[100.00,87.36,08.91]	25(0.9989946555812513):A100,74.10,[100.00,00.22,00.00]	30(0.907291934180138):A100,75.80,[100.00,01.89,16.67]	35(0.9843919615789296):A100,73.40,[100.00,03.43,00.04]	40(0.6866841733155296):A100,70.50,[100.00,03.08,09.82]	45(0.9783206404748549):A100,73.60,[100.00,04.67,03.90]	
0(0.8314349031452123):A100,72.00,[100.00,05.28,04.73]	5(0.9965134892380509):A100,71.80,[100.00,00.76,00.00]	10(0.9671905203290764):A100,73.10,[100.00,07.21,05.72]	15(0.9143424781660106):A100,72.00,[100.00,01.54,01.21]	20(0.5533202371270889):A100,74.50,[100.00,87.36,08.91]	25(0.9989946555812513):A100,74.60,[100.00,00.22,00.00]	30(0.907291934180138):A100,76.30,[100.00,01.89,16.67]	35(0.9843919615789296):A100,73.90,[100.00,03.43,00.04]	40(0.6866841733155296):A100,71.00,[100.00,03.08,09.82]	45(0.9783206404748549):A100,74.10,[100.00,04.67,03.90]	
0(0.8314349031452123):A100,72.50,[100.00,05.28,04.73]	5(0.9965134892380509):A100,72.30,[100.00,00.76,00.00]	10(0.9671905203290764):A100,73.60,[100.00,07.21,05.72]	15(0.9143424781660106):A100,72.50,[100.00,01.54,01.21]	20(0.5533202371270889):A100,75.00,[100.00,87.36,08.91]	25(0.9989946555812513):A100,75.10,[100.00,00.22,00.00]	30(0.907291934180138):A100,76.80,[100.00,01.89,16.67]	35(0.9843919615789296):A100,74.40,[100.00,03.43,00.04]	40(0.6866841733155296):A100,71.50,[100.00,03.08,09.82]	45(0.9783206404748549):A100,74.60,[100.00,04.67,03.90]	
0(0.8314349031452123):A100,73.00,[100.00,05.28,04.73]	5(0.9965134892380509):A100,72.80,[100.00,00.76,00.00]	10(0.9671905203290764):A100,74.10,[100.00,07.21,05.72]	15(0.9143424781660106):A100,73.00,[100.00,01.54,01.21]	20(0.5533202371270889):B000,75.00,[100.00,39.02,08.91]	25(0.9989946555812513):A100,75.60,[100.00,00.22,00.00]	30(0.907291934180138):A100,77.30,[100.00,01.89,16.67]	35(0.9843919615789296):A100,74.90,[100.00,03.43,00.04]	40(0.6866841733155296):A100,72.00,[100.00,03.08,09.82]	45(0.9783206404748549):A100,75.10,[100.00,04.67,03.90]	
0(0.8314349031452123):A100,73.50,[100.00,05.28,04.73]	5(0.9965134892380509):A100,73.30,[100.00,00.76,00.00]	10(0.9671905203290764):A100,74.60,[100.00,07.21,05.72]	15(0.9143424781660106):A100,73.50,[100.00,01.54,01.21]	20(0.5533202371270889):A100,75.50,[100.00,39.02,08.91]	25(0.9989946555812513):A100,76.10,[100.00,00.22,00.00]	30(0.907291934180138):A100,77.80,[100.00,01.89,16.67]	35(0.9843919615789296):A100,75.40,[100.00,03.43,00.04]	40(0.6866841733155296):A100,72.50,[100.00,03.08,09.82]	45(0.9783206404748549):A100,75.60,[100.00,04.67,03.90]	
0(0.8314349031452123):A100,74.00,[100.00,05.28,04.73]	5(0.9965134892380509):A100,73.80,[100.00,00.76,00.00]	10(0.9671905203290764):A100,75.10,[100.00,07.21,05.72]	15(0.9143424781660106):A100,74.00,[100.00,01.54,01.21]	20(0.5533202371270889):A100,76.00,[100.00,39.02,08.91]	25(0.9989946555812513):A100,76.60,[100.00,00.22,00.00]	30(0.907291934180138):A100,78.30,[100.00,01.89,16.67]	35(0.9843919615789296):A100,75.90,[100.00,03.43,00.04]	40(0.6866841733155296):A100,73.00,[100.00,03.08,09.82]	45(0.9783206404748549):A100,76.10,[100.00,04.67,03.90]	
0(0.8314349031452123):A100,74.50,[100.00,05.28,04.73]	5(0.9965134892380509):A100,74.30,[100.00,00.76,00.00]	10(0.9671905203290764):A100,75.60,[100.00,07.21,05.72]	15(0.9143424781660106):A100,74.50,[100.00,01.54,01.21]	20(0.5533202371270889):A100,76.50,[100.00,39.02,08.91]	25(0.9989946555812513):A100,77.10,[100.00,00.22,00.00]	30(0.907291934180138):A100,78.80,[100.00,01.89,16.67]	35(0.9843919615789296):A100,76.40,[100.00,03.43,00.04]	40(0.6866841733155296):A100,73.50,[100.00,03.08,09.82]	45(0.9783206404748549):A100,76.60,[100.00,04.67,03.90]	
0(0.8314349031452123):A100,75.00,[100.00,05.28,04.73]	5(0.9965134892380509):A100,74.80,[100.00,00.76,00.00]	10(0.9671905203290764):A100,76.10,[100.00,07.21,05.72]	15(0.9143424781660106):A100,75.00,[100.00,01.54,01.21]	20(0.5533202371270889):A100,77.00,[100.00,39.02,08.91]	25(0.9989946555812513):A100,77.60,[100.00,00.22,00.00]	30(0.907291934180138):A100,79.30,[100.00,01.89,16.67]	35(0.9843919615789296):A100,76.90,[100.00,03.43,00.04]	40(0.6866841733155296):A100,74.00,[100.00,03.08,09.82]	45(0.9783206404748549):A100,77.10,[100.00,04.67,03.90]	
0(0.8314349031452123):A100,75.50,[100.00,05.28,04.73]	5(0.9965134892380509):A100,75.30,[100.00,00.76,00.00]	10(0.9671905203290764):A100,76.60,[100.00,07.21,05.72]	15(0.9143424781660106):A100,75.50,[100.00,01.54,01.21]	20(0.5533202371270889):A100,77.50,[100.00,39.02,08.91]	25(0.9989946555812513):A100,78.10,[100.00,00.22,00.00]	30(0.907291934180138):A100,79.80,[100.00,01.89,16.67]	35(0.9843919615789296):A100,77.40,[100.00,03.43,00.04]	40(0.6866841733155296):A100,74.50,[100.00,03.08,09.82]	45(0.9783206404748549):A100,77.60,[100.00,04.67,03.90]	
0(0.8314349031452123):A100,76.00,[100.00,05.28,04.73]	5(0.9965134892380509):A100,75.80,[100.00,00.76,00.00]	10(0.9671905203290764):A100,77.10,[100.00,07.21,05.72]	15(0.9143424781660106):A100,76.00,[100.00,01.54,01.21]	20(0.5533202371270889):A100,78.00,[100.00,39.02,08.91]	25(0.9989946555812513):A100,78.60,[100.00,00.22,00.00]	30(0.907291934180138):A100,80.30,[100.00,01.89,16.67]	35(0.9843919615789296):A100,77.90,[100.00,03.43,00.04]	40(0.6866841733155296):A100,75.00,[100.00,03.08,09.82]	45(0.9783206404748549):A100,78.10,[100.00,04.67,03.90]	
0(0.8314349031452123):A100,76.50,[100.00,05.28,04.73]	5(0.9965134892380509):A100,76.30,[100.00,00.76,00.00]	10(0.9671905203290764):A100,77.60,[100.00,07.21,05.72]	15(0.9143424781660106):A100,76.50,[100.00,01.54,01.21]	20(0.5533202371270889):A100,78.50,[100.00,39.02,08.91]	25(0.9989946555812513):A100,79.10,[100.00,00.22,00.00]	30(0.907291934180138):A100,80.80,[100.00,01.89,16.67]	35(0.9843919615789296):A100,78.40,[100.00,03.43,00.04]	40(0.6866841733155296):A100,75.50,[100.00,03.08,09.82]	45(0.9783206404748549):A100,78.60,[100.00,04.67,03.90]	
0(0.8314349031452123):A100,77.00,[100.00,05.28,04.73]	5(0.9965134892380509):A100,76.80,[100.00,00.76,00.00]	10(0.9671905203290764):A100,78.10,[100.00,07.21,05.72]	15(0.9143424781660106):A100,77.00,[100.00,01.54,01.21]	20(0.5533202371270889):A100,79.00,[100.00,39.02,08.91]	25(0.9989946555812513):A100,79.60,[100.00,00.22,00.00]	30(0.907291934180138):A100,81.30,[100.00,01.89,16.67]	35(0.9843919615789296):A100,78.90,[100.00,03.43,00.04]	40(0.6866841733155296):A100,76.00,[100.00,03.08,09.82]	45(0.9783206404748549):A100,79.10,[100.00,04.67,03.90]	
0(0.8314349031452123):A100,77.50,[100.00,05.28,04.73]	5(0.9965134892380509):A100,77.30,[100.00,00.76,00.00]	10(0.9671905203290764):A100,78.60,[100.00,07.21,05.72]	15(0.9143424781660106):A100,77.50,[100.00,01.54,01.21]	20(0.5533202371270889):A100,79.50,[100.00,39.02,08.91]	25(0.9989946555812513):A100,80.10,[100.00,00.22,00.00]	30(0.907291934180138):A100,81.80,[100.00,01.89,16.67]	35(0.9843919615789296):A100,79.40,[100.00,03.43,00.04]	40(0.6866841733155296):A100,76.50,[100.00,03.08,09.82]	45(0.9783206404748549):A100,79.60,[100.00,04.67,03.90]	
0(0.8314349031452123):A100,78.00,[100.00,05.28,04.73]	5(0.9965134892380509):A100,77.80,[100.00,00.76,00.00]	10(0.9671905203290764):A100,79.10,[100.00,07.21,05.72]	15(0.9143424781660106):A100,78.00,[100.00,01.54,01.21]	20(0.5533202371270889):A100,80.00,[100.00,39.02,08.91]	25(0.9989946555812513):A100,80.60,[100.00,00.22,00.00]	30(0.907291934180138):A100,82.30,[100.00,01.89,16.67]	35(0.9843919615789296):A100,79.90,[100.00,03.43,00.04]	40(0.6866841733155296):A100,77.00,[100.00,03.08,09.82]	45(0.9783206404748549):A100,80.10,[100.00,04.67,03.90]	
0(0.8314349031452123):A100,78.50,[100.00,05.28,04.73]	5(0.9965134892380509):A100,78.30,[100.00,00.76,00.00]	10(0.9671905203290764):A100,79.60,[100.00,07.21,05.72]	15(0.9143424781660106):A100,78.50,[100.00,01.54,01.21]	20(0.5533202371270889):A100,80.50,[100.00,39.02,08.91]	25(0.9989946555812513):C180,81.50,[100.00,00.22,179.82]	30(0.907291934180138):A100,82.80,[100.00,01.89,16.67]	35(0.9843919615789296):A100,80.40,[100.00,03.43,00.04]	40(0.6866841733155296):A100,77.50,[100.00,03.08,09.82]	45(0.9783206404748549):A100,80.60,[100.00,04.67,03.90]	
0(0.8314349031452123):A100,79.00,[100.00,05.28,04.73]	5(0.9965134892380509):A100,78.80,[100.00,00.76,00.00]	10(0.9671905203290764):A100,80.10,[100.00,07.21,05.72]	15(0.9143424781660106):A100,79.00,[100.00,01.54,01.21]	20(0.5533202371270889):A100,81.00,[100.00,39.02,08.91]	25(0.9989946555812513):C000,81.50,[100.00,00.22,00.18]	30(0.907291934180138):C180,83.70,[100.00,01.89,164.86]	35(0.9843919615789296):A100,80.90,[100.00,03.43,00.04]	40(0.6866841733155296):A100,78.00,[100.00,03.08,09.82]	45(0.9783206404748549):A100,81.10,[100.00,04.67,03.90]	
0(0.8314349031452123):A100,79.50,[100.00,05.28,04.73]	5(0.9965134892380509):A100,79.30,[100.00,00.76,00.00]	10(0.9671905203290764):A100,80.60,[100.00,07.21,05.72]	15(0.9143424781660106):A100,79.50,[100.00,01.54,01.21]	20(0.5533202371270889):A100,81.50,[100.00,39.02,08.91]	25(0.9989946555812513):A100,82.00,[100.00,00.22,00.18]	30(0.907291934180138):C000,83.70,[100.00,01.89,15.28]	35(0.9843919615789296):A100,81.40,[100.00,03.43,00.04]	40(0.6866841733155296):A100,78.50,[100.00,03.08,09.82]	45(0.9783206404748549):A100,81.60,[100.00,04.67,03.90]	
0(0.8314349031452123):A100,80.00,[100.00,05.28,04.73]	5(0.9965134892380509):A100,79.80,[100.00,00.76,00.00]	10(0.9671905203290764):A100,81.10,[100.00,07.21,05.72]	15(0.9143424781660106):A100,80.00,[100.00,01.54,01.21]	20(0.5533202371270889):B220,82.60,[100.00,139.16,08.91]	25(0.9989946555812513):A100,82.50,[100.00,00.22,00.18]	30(0.907291934180138):A100,84.20,[100.00,01.89,15.28]	35(0.9843919615789296):A100,81.90,[100.00,03.43,00.04]	40(0.6866841733155296):A100,79.00,[100.00,03.08,09.82]	45(0.9783206404748549):A100,82.10,[100.00,04.67,03.90]	
0(0.8314349031452123):A100,80.50,[100.00,05.28,04.73]	5(0.9965134892380509):A100,80.30,[100.00,00.76,00.00]	10(0.9671905203290764):A100,81.60,[100.00,07.21,05.72]	15(0.9143424781660106):A100,80.50,[100.00,01.54,01.21]	20(0.5533202371270889):A100,83.10,[100.00,139.16,08.91]	25(0.9989946555812513):A100,83.00,[100.00,00.22,00.18]	30(0.907291934180138):A100,84.70,[100.00,01.89,15.28]	35(0.9843919615789296):A100,82.40,[100.00,03.43,00.04]	40(0.6866841733155296):A100,79.50,[100.00,03.08,09.82]	45(0.9783206404748549):A100,82.60,[100.00,04.67,03.90]	
0(0.8314349031452123):A100,81.00,[100.00,05.28,04.73]	5(0.9965134892380509):A100,80.80,[100.00,00.76,00.00]	10(0.9671905203290764):A100,82.10,[100.00,07.21,05.72]	15(0.9143424781660106):A100,81.00,[100.00,01.54,01.21]	20(0.5533202371270889):B000,83.10,[100.00,62.16,08.91]	25(0.9989946555812513):A100,83.50,[100.00,00.22,00.18]	30(0.907291934180138):A100,85.20,[100.00,01.89,15.28]	35(0.9843919615789296):B000,82.40,[100.00,00.05,00.04]	40(0.6866841733155296):A100,80.00,[100.00,03.08,09.82]	45(0.9783206404748549):A100,83.10,[100.00,04.67,03.90]	
0(0.8314349031452123):A100,81.50,[100.00,05.28,04.73]	5(0.9965134892380509):A100,81.30,[100.00,00.76,00.00]	10(0.9671905203290764):A100,82.60,[100.00,07.21,05.72]	15(0.9143424781660106):A100,81.50,[100.00,01.54,01.21]	20(0.5533202371270889):B000,83.10,[100.00,27.77,08.91]	25(0.9989946555812513):A100,84.00,[100.00,00.22,00.18]	30(0.907291934180138):A100,85.70,[100.00,01.89,15.28]	35(0.9843919615789296):A100,82.90,[100.00,00.05,00.04]	40(0.6866841733155296):A100,80.50,[100.00,03.08,09.82]	45(0.9783206404748549):A100,83.60,[100.00,04.67,03.90]	
0(0.8314349031452123):A100,82.00,[100.00,05.28,04.73]	5(0.9965134892380509):A100,81.80,[100.00,00.76,00.00]	10(0.9671905203290764):A100,83.10,[100.00,07.21,05.72]	15(0.9143424781660106):A100,82.00,[100.00,01.54,01.21]	20(0.5533202371270889):A100,83.60,[100.00,27.77,08.91]	25(0.9989946555812513):A100,84.50,[100.00,00.22,00.18]	30(0.907291934180138):A100,86.20,[100.00,01.89,15.28]	35(0.9843919615789296):A100,83.40,[100.00,00.05,00.04]	40(0.6866841733155296):A100,81.00,[100.00,03.08,09.82]	45(0.9783206404748549):A100,84.10,[100.00,04.67,03.90]	
0(0.8314349031452123):A100,82.50,[100.00,05.28,04.73]	5(0.9965134892380509):A100,82.30,[100.00,00.76,00.00]	10(0.9671905203290764):A100,83.60,[100.00,07.21,05.72]	15(0.9143424781660106):A100,82.50,[100.00,01.54,01.21]	20(0.5533202371270889):A100,84.10,[100.00,27.77,08.91]	25(0.9989946555812513):A100,85.00,[100.00,00.22,00.18]	30(0.907291934180138):A100,86.70,[100.00,01.89,15.28]	35(0.9843919615789296):A100,83.90,[100.00,00.05,00.04]	40(0.6866841733155296):A100,81.50,[100.00,03.08,09.82]	45(0.9783206404748549):A100,84.60,[100.00,04.67,03.90]	
0(0.8314349031452123):A100,83.00,[100.00,05.28,04.73]	5(0.9965134892380509):A100,82.80,[100.00,00.76,00.00]	10(0.9671905203290764):A100,84.10,[100.00,07.21,05.72]	15(0.9143424781660106):A100,83.00,[100.00,01.54,01.21]	20(0.5533202371270889):A100,84.60,[100.00,27.77,08.91]	25(0.9989946555812513):A100,85.50,[100.00,00.22,00.18]	30(0.907291934180138):A100,87.20,[100.00,01.89,15.28]	35(0.9843919615789296):A100,84.40,[100.00,00.05,00.04]	40(0.6866841733155296):A100,82.00,[100.00,03.08,09.82]	45(0.9783206404748549):A100,85.10,[100.00,04.67,03.90]	
0(0.8314349031452123):A100,83.50,[100.00,05.28,04.73]	5(0.9965134892380509):A100,83.30,[100.00,00.76,00.00]	10(0.9671905203290764):A100,84.60,[100.00,07.21,05.72]	15(0.9143424781660106):A100,83.50,[100.00,01.54,01.21]	20(0.5533202371270889):A100,85.10,[100.00,27.77,08.91]	25(0.9989946555812513):A100,86.00,[100.00,00.22,00.18]	30(0.907291934180138):A100,87.70,[100.00,01.89,15.28]	35(0.9843919615789296):A100,84.90,[100.00,00.05,00.04]	40(0.6866841733155296):A100,82.50,[100.00,03.08,09.82]	45(0.9783206404748549):A100,85.60,[100.00,04.67,03.90]	
0(0.8314349031452123):A100,84.00,[100.00,05.28,04.73]	5(0.9965134892380509):A100,83.80,[100.00,00.76,00.00]	10(0.9671905203290764):A100,85.10,[100.00,07.21,05.72]	15(0.9143424781660106):A100,84.00,[100.00,01.54,01.21]	20(0.5533202371270889):A100,85.60,[100.00,27.77,08.91]	25(0.9989946555812513):A100,86.50,[100.00,00.22,00.18]	30(0.907291934180138):A100,88.20,[100.00,01.89,15.28]	35(0.9843919615789296):A100,85.40,[100.00,00.05,00.04]	40(0.6866841733155296):A100,83.00,[100.00,03.08,09.82]	45(0.9783206404748549):A100,86.10,[100.00,04.67,03.90]	
0(0.8314349031452123):A100,84.50,[100.00,05.28,04.73]	5(0.9965134892380509):A100,84.30,[100.00,00.76,00.00]	10(0.9671905203290764):A100,85.60,[100.00,07.21,05.72]	15(0.9143424781660106):A100,84.50,[100.00,01.54,01.21]	20(0.5533202371270889):A100,86.10,[100.00,27.77,08.91]	25(0.9989946555812513):A100,87.00,[100.00,00.22,00.18]	30(0.907291934180138):A100,88.70,[100.00,01.89,15.28]	35(0.9843919615789296):A100,85.90,[100.00,00.05,00.04]	40(0.6866841733155296):A100,83.50,[100.00,03.08,09.82]	45(0.9783206404748549):A100,86.60,[100.00,04.67,03.90]	
0(0.8314349031452123):A100,85.00,[100.00,05.28,04.73]	5(0.9965134892380509):A100,84.80,[100.00,00.76,00.00]	10(0.9671905203290764):A100,86.10,[100.00,07.21,05.72]	15(0.9143424781660106):A100,85.00,[100.00,01.54,01.21]	20(0.5533202371270889):A100,86.60,[100.00,27.77,08.91]	25(0.9989946555812513):A100,87.50,[100.00,00.22,00.18]	30(0.907291934180138):A100,89.20,[100.00,01.89,15.28]	35(0.9843919615789296):A100,86.40,[100.00,00.05,00.04]	40(0.6866841733155296):A100,84.00,[100.00,03.08,09.82]	45(0.9783206404748549):A100,87.10,[100.00,04.67,03.90]	
0(0.8314349031452123):A100,85.50,[100.00,05.28,04.73]	5(0.9965134892380509):A100,85.30,[100.00,00.76,00.00]	10(0.9671905203290764):A100,86.60,[100.00,07.21,05.72]	15(0.9143424781660106):A100,85.50,[100.00,01.54,01.21]	20(0.5533202371270889):A100,87.10,[100.00,27.77,08.91]	25(0.9989946555812513):A100,88.00,[100.00,00.22,00.18]	30(0.907291934180138):A100,89.70,[100.00,01.89,15.28]	35(0.9843919615789296):A100,86.90,[100.00,00.05,00.04]	40(0.6866841733155296):A100,84.50,[100.00,03.08,09.82]	45(0.9783206404748549):A100,87.60,[100.00,04.67,03.90]	
0(0.8314349031452123):A100,86.00,[100.00,05.28,04.73]	5(0.9965134892380509):A100,85.80,[100.00,00.76,00.00]	10(0.9671905203290764):A100,87.10,[100.00,07.21,05.72]	15(0.9143424781660106):A100,86.00,[100.00,01.54,01.21]	20(0.5533202371270889):A100,87.60,[100.00,27.77,08.91]	25(0.9989946555812513):A100,88.50,[100.00,00.22,00.18]	30(0.907291934180138):A100,90.20,[100.00,01.89,15.28]	35(0.9843919615789296):A100,87.40,[100.00,00.05,00.04]	40(0.6866841733155296):A100,85.00,[100.00,03.08,09.82]	45(0.9783206404748549):A100,88.10,[100.00,04.67,03.90]	
0(0.8314349031452123):A100,86.50,[100.00,05.28,04.73]	5(0.9965134892380509):A100,86.30,[100.00,00.76,00.00]	10(0.9671905203290764):A100,87.60,[100.00,07.21,05.72]	15(0.9143424781660106):A100,86.50,[100.00,01.54,01.21]	20(0.5533202371270889):A100,88.10,[100.00,27.77,08.91]	25(0.9989946555812513):A100,89.00,[100.00,00.22,00.18]	30(0.907291934180138):A100,90.70,[100.00,01.89,15.28]	35(0.9843919615789296):A100,87.90,[100.00,00.05,00.04]	40(0.6866841733155296):A100,85.50,[100.00,03.08,09.82]	45(0.9783206404748549):A100,88.60,[100.00,04.67,03.90]	
0(0.8314349031452123):A100,87.00,[100.00,05.28,04.73]	5(0.9965134892380509):A100,86.80,[100.00,00.76,00.00]	10(0.9671905203290764):A100,88.10,[100.00,07.21,05.72]	15(0.9143424781660106):A100,87.00,[100.00,01.54,01.21]	20(0.5533202371270889):A100,88.60,[100.00,27.77,08.91]	25(0.9989946555812513):A100,89.50,[100.00,00.22,00.18]	30(0.907291934180138):A100,91.20,[100.00,01.89,15.28]	35(0.9843919615789296):A100,88.40,[100.00,00.05,00.04]	40(0.6866841733155296):A100,86.00,[100.00,03.08,09.82]	45(0.9783206404748549):A100,89.10,[100.00,04.67,03.90]	
0(0.8314349031452123):A100,87.50,[100.00,05.28,04.73]	5(0.9965134892380509):A100,87.30,[100.00,00.76,00.00]	10(0.9671905203290764):A100,88.60,[100.00,07.21,05.72]	15(0.9143424781660106):A100,87.50,[100.00,01.54,01.21]	20(0.5533202371270889):A100,89.10,[100.00,27.77,08.91]	25(0.9989946555812513):A100,90.00,[100.00,00.22,00.18]	30(0.907291934180138):A100,91.70,[100.00,01.89,15.28]	35(0.9843919615789296):A100,88.90,[100.00,00.05,00.04]	40(0.6866841733155296):A100,86.50,[100.00,03.08,09.82]	45(0.9783206404748549):A100,89.60,[100.00,04.67,03.90]	
0(0.8314349031452123):A100,88.00,[100.00,05.28,04.73]	5(0.9965134892380509):A100,87.80,[100.00,00.76,00.00]	10(0.9671905203290764):A100,89.10,[100.00,07.21,05.72]	15(0.9143424781660106):A100,88.00,[100.00,01.54,01.21]	20(0.55