0	0.50000
1	0.49727
2	0.50953
3	0.51661
4	0.50155
5	0.52939
6	0.54554
7	0.56147
8	0.56450
9	0.51992
10	0.49837
11	0.48883
12	0.49756
13	0.51397
14	0.57613
15	0.56556
16	0.56715
17	0.54377
18	0.51904
19	0.55790
20	0.56265
21	0.53836
22	0.51216
23	0.49114
24	0.47536
25	0.49552
26	0.48999
27	0.47356
28	0.48415
29	0.48806
30	0.48661
31	0.46918
32	0.42770
33	0.44030
34	0.44911
35	0.46085
36	0.48203
37	0.42316
38	0.41841
39	0.45795
40	0.43525
41	0.45859
42	0.37897
43	0.34686
44	0.41518
45	0.43497
46	0.46288
47	0.40769
48	0.38947
49	0.37498
50	0.39784
51	0.46909
52	0.38952
53	0.36404
54	0.36668
55	0.38303
56	0.35323
57	0.32209
58	0.28979
59	0.28514
60	0.17799
61	0.16673
62	0.16458
63	0.17132
64	0.20843
65	0.20622
66	0.13717
67	0.12748
68	0.12697
69	0.13848
70	0.15307
71	0.18362
72	0.21453
73	0.20483
74	0.23937
75	0.28869
76	0.27306
77	0.26279
78	0.31207
79	0.31451
80	0.30172
81	0.27709
82	0.28307
83	0.24957
84	0.24733
85	0.25495
86	0.27356
87	0.22983
88	0.20690
89	0.19049
90	0.19799
91	0.20186
92	0.18378
93	0.19470
94	0.19222
95	0.18862
96	0.17650
97	0.15466
98	0.13651
99	0.12200
100	0.12298
101	0.10424
102	0.12326
103	0.14076
104	0.13914
105	0.16461
106	0.15510
107	0.14106
108	0.15432
109	0.17369
110	0.15816
111	0.15340
112	0.14720
113	0.14717
114	0.14776
115	0.17178
116	0.16890
117	0.20383
118	0.21547
119	0.24559
120	0.24786
121	0.23148
122	0.21234
123	0.22954
124	0.16698
125	0.14638
126	0.14724
127	0.12204
128	0.11206
129	0.12385
130	0.14001
131	0.16515
132	0.16739
133	0.18226
134	0.13282
135	0.13642
136	0.14095
137	0.13453
138	0.17907
139	0.16856
140	0.19447
141	0.18045
142	0.17739
143	0.19791
144	0.23536
145	0.24432
146	0.25457
147	0.22487
148	0.23288
149	0.23281
150	0.23995
151	0.25416
152	0.23396
153	0.27626
154	0.30786
155	0.28826
156	0.31499
157	0.29982
158	0.36179
159	0.34209
160	0.32861
161	0.33061
162	0.32575
163	0.39015
164	0.34075
165	0.30067
166	0.29768
167	0.32190
168	0.28478
169	0.29707
170	0.32814
171	0.34200
172	0.37226
173	0.46610
174	0.31055
175	0.31644
176	0.42136
177	0.36866
178	0.41590
179	0.38442
180	0.40341
181	0.34570
182	0.31446
183	0.30806
184	0.40726
185	0.42513
186	0.35409
187	0.43409
188	0.44243
189	0.43580
190	0.40679
191	0.37074
192	0.32794
193	0.31029
194	0.24376
195	0.26819
196	0.28248
197	0.34110
198	0.39693
199	0.45805
200	0.43424
201	0.48674
202	0.47351
203	0.43586
204	0.38864
205	0.36055
206	0.34867
207	0.33642
208	0.26757
209	0.28921
210	0.24597
211	0.24438
212	0.21653
213	0.25135
214	0.22319
215	0.20274
216	0.22585
217	0.20816
218	0.21925
219	0.22197
220	0.28863
221	0.28171
222	0.18808
223	0.20986
224	0.21913
225	0.21432
226	0.12978
227	0.10448
228	0.12405
229	0.12269
230	0.09694
231	0.11065
232	0.11140
233	0.09968
234	0.09326
235	0.10542
236	0.13513
237	0.15124
238	0.15468
239	0.14810
240	0.17904
241	0.15630
242	0.14158
243	0.14407
244	0.14554
245	0.14499
246	0.12772
247	0.13713
248	0.14198
249	0.13980
250	0.14060
251	0.14505
252	0.13791
253	0.13352
254	0.14485
255	0.14384
256	0.17548
257	0.17984
258	0.17060
259	0.16058
260	0.14500
261	0.14482
262	0.14702
263	0.14421
264	0.15056
265	0.14471
266	0.16124
267	0.15622
268	0.16465
269	0.21060
270	0.21475
271	0.23089
272	0.22215
273	0.22012
274	0.23488
275	0.21473
276	0.23508
277	0.25595
278	0.27231
279	0.29382
280	0.32007
281	0.26394
282	0.24201
283	0.19896
284	0.16147
285	0.14611
286	0.14433
287	0.13805
288	0.14902
289	0.15464
290	0.14895
291	0.15233
292	0.13315
293	0.14359
294	0.13792
295	0.13599
296	0.12613
297	0.13089
298	0.14679
299	0.14294
300	0.14251
301	0.14638
302	0.17901
303	0.19182
304	0.18102
305	0.22038
306	0.23499
307	0.25854
308	0.23074
309	0.21957
310	0.23144
311	0.15528
312	0.13122
313	0.09981
314	0.11484
315	0.15970
316	0.17203
317	0.19601
318	0.17414
319	0.12843
320	0.17281
321	0.18364
322	0.19105
323	0.17765
324	0.14785
325	0.16577
326	0.18956
327	0.18550
328	0.17809
329	0.18490
330	0.18430
331	0.20500
332	0.20249
333	0.21974
334	0.26986
335	0.29359
336	0.27042
337	0.27874
338	0.28441
339	0.30813
340	0.37487
341	0.32965
342	0.28380
343	0.22566
344	0.20687
345	0.18145
346	0.15245
347	0.17889
348	0.17575
349	0.16064
350	0.15196
351	0.18188
352	0.20569
353	0.23645
354	0.20921
355	0.23855
356	0.24673
357	0.19117
358	0.14955
359	0.19594
360	0.16274
361	0.14795
362	0.16071
363	0.15670
364	0.14913
365	0.16454
366	0.19343
367	0.17259
368	0.14069
369	0.10999
370	0.11274
371	0.10717
372	0.09043
373	0.08796
374	0.08128
375	0.07788
376	0.09462
377	0.10061
378	0.10291
379	0.10788
380	0.10079
381	0.10091
382	0.10258
383	0.09789
384	0.09079
385	0.10637
386	0.10015
387	0.10267
388	0.12527
389	0.11062
390	0.13334
391	0.14646
392	0.12861
393	0.14199
394	0.14778
395	0.20348
396	0.21720
397	0.21818
398	0.20553
399	0.16991
400	0.17538
401	0.18545
402	0.18368
403	0.15805
404	0.17698
405	0.20941
406	0.21155
407	0.17883
408	0.18991
409	0.18530
410	0.20734
411	0.21111
412	0.18438
413	0.24045
414	0.25435
415	0.28652
416	0.26506
417	0.27014
418	0.26411
419	0.33393
420	0.34012
421	0.37792
422	0.34667
423	0.37600
424	0.34060
425	0.32007
426	0.31622
427	0.28894
428	0.31327
429	0.29938
430	0.27859
431	0.32038
432	0.31194
433	0.27046
434	0.24020
435	0.24779
436	0.25136
437	0.22810
438	0.22790
439	0.20559
440	0.20929
441	0.20486
442	0.20633
443	0.16520
444	0.17037
445	0.16604
446	0.14139
447	0.19559
448	0.24507
449	0.21813
450	0.23390
451	0.20711
452	0.18962
453	0.19703
454	0.19805
455	0.19455
456	0.20095
457	0.16603
458	0.17445
459	0.16832
460	0.14605
461	0.15354
462	0.16511
463	0.14094
464	0.12977
465	0.10176
466	0.11132
467	0.10979
468	0.09809
469	0.09591
470	0.08263
471	0.09557
472	0.09574
473	0.10642
474	0.12438
475	0.15043
476	0.15291
477	0.18231
478	0.17099
479	0.16523
480	0.18186
481	0.16625
482	0.12943
483	0.11638
484	0.15037
485	0.14674
486	0.17860
487	0.18113
488	0.18921
489	0.18755
490	0.17922
491	0.18825
492	0.15417
493	0.14497
494	0.13116
495	0.13109
496	0.15459
497	0.15354
498	0.14539
499	0.12191
