0	0.50000
1	0.49108
2	0.48070
3	0.47176
4	0.46948
5	0.45885
6	0.47569
7	0.42038
8	0.40837
9	0.40524
10	0.42310
11	0.39295
12	0.44948
13	0.47701
14	0.47516
15	0.47731
16	0.44802
17	0.46933
18	0.48993
19	0.47942
20	0.56579
21	0.56341
22	0.62760
23	0.60448
24	0.66785
25	0.65854
26	0.60914
27	0.63318
28	0.70118
29	0.67633
30	0.71032
31	0.73452
32	0.76041
33	0.76319
34	0.79100
35	0.82554
36	0.83975
37	0.80131
38	0.78866
39	0.79512
40	0.78442
41	0.80524
42	0.76640
43	0.74636
44	0.70484
45	0.73264
46	0.73513
47	0.75381
48	0.73804
49	0.72510
50	0.74561
51	0.68366
52	0.74510
53	0.69369
54	0.69802
55	0.70120
56	0.72231
57	0.75792
58	0.80265
59	0.87894
60	0.88715
61	0.88276
62	0.88856
63	0.86272
64	0.85320
65	0.81609
66	0.82001
67	0.81714
68	0.83123
69	0.80926
70	0.79940
71	0.82513
72	0.77499
73	0.80101
74	0.79574
75	0.80192
76	0.80124
77	0.79406
78	0.82335
79	0.80670
80	0.82349
81	0.80291
82	0.78521
83	0.80757
84	0.83689
85	0.84751
86	0.86228
87	0.85021
88	0.84530
89	0.81239
90	0.84259
91	0.85523
92	0.85556
93	0.84355
94	0.83798
95	0.83568
96	0.84895
97	0.84398
98	0.83925
99	0.85188
100	0.83991
101	0.84291
102	0.87973
103	0.89019
104	0.88795
105	0.88439
106	0.88309
107	0.89720
108	0.88256
109	0.87814
110	0.88576
111	0.88270
112	0.85460
113	0.84038
114	0.83573
115	0.81961
116	0.76551
117	0.80146
118	0.83943
119	0.84776
120	0.85455
121	0.86061
122	0.85849
123	0.87094
124	0.83403
125	0.82565
126	0.80144
127	0.78056
128	0.78325
129	0.81051
130	0.81828
131	0.83824
132	0.84836
133	0.84846
134	0.84765
135	0.85173
136	0.85243
137	0.85220
138	0.82055
139	0.79291
140	0.78804
141	0.78907
142	0.81487
143	0.76414
144	0.77592
145	0.77563
146	0.79598
147	0.78665
148	0.78013
149	0.79302
150	0.74859
151	0.72364
152	0.78145
153	0.79606
154	0.77956
155	0.81860
156	0.85087
157	0.86906
158	0.85995
159	0.85638
160	0.87709
161	0.86793
162	0.88178
163	0.87043
164	0.86542
165	0.87117
166	0.91650
167	0.91236
168	0.90798
169	0.90885
170	0.92380
171	0.92676
172	0.92059
173	0.92997
174	0.91896
175	0.90976
176	0.89817
177	0.89440
178	0.85769
179	0.83323
180	0.81765
181	0.83882
182	0.84646
183	0.86208
184	0.86694
185	0.86884
186	0.87459
187	0.87399
188	0.86617
189	0.88451
190	0.87984
191	0.82586
192	0.84781
193	0.85125
194	0.87412
195	0.85412
196	0.86344
197	0.83382
198	0.82711
199	0.83556
200	0.82305
201	0.80953
202	0.84961
203	0.88135
204	0.88249
205	0.87507
206	0.84899
207	0.81802
208	0.84263
209	0.87037
210	0.89621
211	0.87561
212	0.89798
213	0.90067
214	0.91155
215	0.91912
216	0.90248
217	0.89977
218	0.91061
219	0.91477
220	0.90574
221	0.88981
222	0.87374
223	0.88543
224	0.83809
225	0.86158
226	0.84556
227	0.82793
228	0.80029
229	0.81510
230	0.86058
231	0.86994
232	0.85618
233	0.85545
234	0.83824
235	0.84360
236	0.85508
237	0.84772
238	0.83032
239	0.84743
240	0.84674
241	0.85556
242	0.86528
243	0.87042
244	0.83366
245	0.84383
246	0.85033
247	0.83008
248	0.83731
249	0.84757
250	0.83532
251	0.84124
252	0.85380
253	0.83539
254	0.83804
255	0.80120
256	0.83178
257	0.85173
258	0.87355
259	0.89214
260	0.89257
261	0.89467
262	0.89347
263	0.87532
264	0.88075
265	0.86665
266	0.84649
267	0.82528
268	0.79427
269	0.77759
270	0.75585
271	0.75211
272	0.71863
273	0.74186
274	0.72165
275	0.69740
276	0.73454
277	0.73005
278	0.73046
279	0.74081
280	0.73424
281	0.76073
282	0.79701
283	0.84396
284	0.84579
285	0.89545
286	0.86967
287	0.85843
288	0.85664
289	0.87234
290	0.83010
291	0.82736
292	0.82705
293	0.82290
294	0.82970
295	0.81887
296	0.81386
297	0.82966
298	0.83070
299	0.82777
300	0.84219
301	0.85693
302	0.86582
303	0.86571
304	0.87949
305	0.86318
306	0.87572
307	0.87349
308	0.86899
309	0.86821
310	0.86722
311	0.86546
312	0.86008
313	0.84055
314	0.88131
315	0.86728
316	0.86586
317	0.85943
318	0.84599
319	0.85182
320	0.87526
321	0.86826
322	0.85098
323	0.85872
324	0.83814
325	0.82963
326	0.80139
327	0.79446
328	0.77964
329	0.78446
330	0.78864
331	0.78985
332	0.78627
333	0.82435
334	0.84595
335	0.85627
336	0.86744
337	0.91241
338	0.89974
339	0.92005
340	0.92238
341	0.89066
342	0.89532
343	0.88267
344	0.89539
345	0.90088
346	0.91614
347	0.89445
348	0.90038
349	0.89221
350	0.87616
351	0.86856
352	0.86990
353	0.87156
354	0.85982
355	0.86575
356	0.85247
357	0.86366
358	0.83790
359	0.82473
360	0.80242
361	0.79736
362	0.80340
363	0.79128
364	0.78346
365	0.78024
366	0.79411
367	0.80353
368	0.81194
369	0.82772
370	0.82219
371	0.81032
372	0.84520
373	0.84516
374	0.81729
375	0.83019
376	0.82643
377	0.79869
378	0.84148
379	0.81435
380	0.81556
381	0.83429
382	0.86243
383	0.87845
384	0.86503
385	0.85933
386	0.86389
387	0.84220
388	0.84776
389	0.80171
390	0.81538
391	0.83642
392	0.82602
393	0.81987
394	0.81256
395	0.82779
396	0.80235
397	0.84014
398	0.83143
399	0.83033
400	0.85237
401	0.83026
402	0.83268
403	0.82587
404	0.83628
405	0.79743
406	0.78525
407	0.76292
408	0.74276
409	0.74370
410	0.75184
411	0.74311
412	0.78550
413	0.74285
414	0.70492
415	0.69393
416	0.75292
417	0.82712
418	0.84121
419	0.81671
420	0.81080
421	0.79061
422	0.72187
423	0.68184
424	0.75146
425	0.79228
426	0.79359
427	0.79541
428	0.82408
429	0.78440
430	0.79434
431	0.71686
432	0.74309
433	0.78546
434	0.79246
435	0.79254
436	0.83517
437	0.79334
438	0.78262
439	0.74173
440	0.77786
441	0.77272
442	0.76517
443	0.77460
444	0.79141
445	0.80088
446	0.83035
447	0.84263
448	0.84499
449	0.87381
450	0.85134
451	0.88043
452	0.90530
453	0.90891
454	0.89789
455	0.89736
456	0.90177
457	0.89983
458	0.89036
459	0.87638
460	0.86161
461	0.86231
462	0.86315
463	0.86546
464	0.86764
465	0.87330
466	0.87281
467	0.86492
468	0.83049
469	0.82780
470	0.85268
471	0.85195
472	0.86468
473	0.86835
474	0.87869
475	0.86277
476	0.84602
477	0.85517
478	0.86507
479	0.88160
480	0.89014
481	0.87071
482	0.87015
483	0.89559
484	0.89343
485	0.91554
486	0.87939
487	0.87440
488	0.86633
489	0.85292
490	0.83770
491	0.85101
492	0.84437
493	0.85239
494	0.84680
495	0.84115
496	0.83217
497	0.86770
498	0.84797
499	0.85340
